-0.015,-0.129,0.016,3.179,0.259,0.661,624913051.000
-0.013,-0.127,0.021,3.173,0.238,0.652,624913151.000
-0.019,-0.129,0.018,3.193,0.293,0.688,624913250.000
-0.015,-0.126,0.014,3.167,0.274,0.670,624913350.000
-0.013,-0.130,0.014,3.158,0.286,0.643,624913450.000
-0.015,-0.129,0.014,3.180,0.275,0.661,624913551.000
-0.013,-0.132,0.021,3.129,0.262,0.661,624913651.000
-0.013,-0.132,0.011,3.130,0.278,0.661,624913750.000
-0.013,-0.125,0.014,3.189,0.286,0.661,624913851.000
-0.015,-0.129,0.011,3.180,0.291,0.661,624913950.000
-0.013,-0.127,0.011,3.174,0.302,0.652,624914050.000
-0.011,-0.131,0.011,3.137,0.265,0.652,624914151.000
-0.013,-0.125,0.019,3.188,0.303,0.661,624914251.000
-0.013,-0.125,0.009,3.189,0.318,0.661,624914351.000
-0.013,-0.127,0.006,3.188,0.310,0.624,624914450.000
-0.013,-0.127,0.019,3.187,0.327,0.680,624914551.000
-0.011,-0.129,0.006,3.167,0.321,0.662,624914651.000
-0.011,-0.129,0.016,3.139,0.306,0.661,624914751.000
-0.013,-0.130,0.011,3.173,0.326,0.671,624914851.000
-0.009,-0.127,0.016,3.160,0.269,0.652,624914950.000
-0.017,-0.127,0.014,3.173,0.360,0.652,624915050.000
-0.015,-0.129,0.014,3.152,0.323,0.661,624915151.000
-0.011,-0.126,0.011,3.168,0.313,0.671,624915251.000
-0.017,-0.130,0.011,3.131,0.376,0.670,624915350.000
-0.017,-0.133,0.006,3.143,0.359,0.633,624915451.000
-0.017,-0.127,0.006,3.146,0.359,0.651,624915550.000
-0.013,-0.127,0.014,3.146,0.334,0.652,624915650.000
-0.011,-0.129,0.016,3.166,0.306,0.662,624915750.000
-0.013,-0.127,0.016,3.160,0.343,0.652,624915850.000
-0.013,-0.130,0.011,3.117,0.374,0.643,624915950.000
-0.013,-0.127,0.014,3.174,0.335,0.652,624916050.000
-0.009,-0.127,0.009,3.175,0.341,0.653,624916150.000
-0.013,-0.127,0.009,3.160,0.342,0.652,624916250.000
-0.013,-0.125,0.009,3.162,0.366,0.661,624916351.000
-0.015,-0.129,0.014,3.138,0.396,0.661,624916451.000
-0.013,-0.127,0.016,3.146,0.367,0.652,624916550.000
-0.015,-0.126,0.014,3.139,0.371,0.643,624916651.000
-0.009,-0.130,0.019,3.131,0.326,0.643,624916750.000
-0.015,-0.131,0.006,3.110,0.370,0.652,624916850.000
-0.011,-0.131,0.014,3.137,0.346,0.625,624916951.000
-0.011,-0.123,0.011,3.155,0.362,0.652,624917050.000
-0.015,-0.129,0.011,3.124,0.387,0.634,624917150.000
-0.009,-0.130,0.009,3.132,0.341,0.643,624917250.000
-0.009,-0.130,0.009,3.132,0.292,0.643,624917351.000
-0.015,-0.126,0.014,3.126,0.347,0.642,624917451.000
-0.013,-0.127,0.011,3.132,0.326,0.652,624917550.000
-0.011,-0.128,0.014,3.125,0.297,0.661,624917650.000
-0.015,-0.129,0.016,3.110,0.282,0.633,624917750.000
-0.015,-0.123,0.011,3.141,0.266,0.623,624917850.000
-0.017,-0.122,0.011,3.148,0.279,0.641,624917950.000
-0.015,-0.126,0.014,3.112,0.225,0.641,624918050.000
-0.015,-0.126,0.011,3.126,0.217,0.669,624918151.000
-0.021,-0.122,0.009,3.148,0.223,0.668,624918251.000
-0.017,-0.130,0.009,3.075,0.197,0.641,624918350.000
-0.015,-0.126,0.013,3.084,0.177,0.668,624918450.000
-0.017,-0.127,0.009,3.104,0.173,0.650,624918550.000
-0.019,-0.126,0.011,3.098,0.145,0.667,624918651.000
-0.017,-0.127,0.018,3.090,0.133,0.677,624918751.000
-0.019,-0.126,0.013,3.070,0.129,0.667,624918850.000
-0.023,-0.126,0.011,3.083,0.146,0.667,624918950.000
-0.023,-0.121,0.011,3.100,0.122,0.657,624919050.000
-0.023,-0.123,0.008,3.058,0.089,0.675,624919152.000
-0.019,-0.123,0.013,3.085,0.081,0.676,624919252.000
-0.021,-0.122,0.011,3.106,0.037,0.666,624919352.000
-0.019,-0.126,0.013,3.056,0.008,0.666,624919452.000
-0.021,-0.124,0.004,3.064,0.036,0.657,624919552.000
-0.019,-0.118,0.008,3.102,-0.009,0.666,624919652.000
-0.023,-0.126,0.008,3.042,-0.008,0.665,624919751.000
-0.025,-0.119,0.011,3.107,-0.011,0.674,624919851.000
-0.023,-0.118,0.016,3.087,-0.056,0.665,624919951.000
-0.025,-0.119,0.013,3.079,-0.075,0.674,624920051.000
-0.023,-0.115,0.011,3.116,-0.096,0.674,624920152.000
-0.018,-0.123,0.013,3.057,-0.114,0.674,624920252.000
-0.027,-0.118,0.013,3.087,-0.063,0.692,624920351.000
-0.023,-0.118,0.011,3.088,-0.121,0.692,624920452.000
-0.027,-0.115,0.011,3.088,-0.120,0.673,624920551.000
-0.025,-0.116,0.011,3.095,-0.156,0.682,624920651.000
-0.029,-0.119,0.013,3.051,-0.147,0.672,624920751.000
-0.029,-0.119,0.011,3.038,-0.156,0.700,624920852.000
-0.027,-0.120,0.018,3.016,-0.192,0.681,624920952.000
-0.024,-0.116,0.008,3.081,-0.213,0.682,624921052.000
-0.033,-0.119,0.011,3.051,-0.154,0.671,624921152.000
-0.027,-0.120,0.016,3.030,-0.200,0.681,624921251.000
-0.027,-0.118,0.011,3.046,-0.217,0.690,624921351.000
-0.029,-0.116,0.011,3.053,-0.253,0.680,624921451.000
-0.029,-0.116,0.011,3.053,-0.253,0.680,624921551.000
-0.031,-0.118,0.003,3.032,-0.265,0.689,624921651.000
-0.029,-0.111,0.016,3.082,-0.284,0.671,624921752.000
-0.031,-0.115,0.013,3.046,-0.280,0.698,624921852.000
-0.028,-0.114,0.011,3.040,-0.301,0.661,624921951.000
-0.033,-0.116,0.003,3.039,-0.301,0.679,624922051.000
-0.031,-0.115,0.013,3.060,-0.304,0.670,624922152.000
-0.028,-0.114,0.013,3.068,-0.366,0.689,624922251.000
-0.033,-0.116,0.013,3.011,-0.316,0.679,624922351.000
-0.035,-0.112,0.008,3.033,-0.320,0.679,624922451.000
-0.030,-0.115,0.008,3.032,-0.370,0.670,624922551.000
-0.032,-0.111,0.011,3.068,-0.397,0.669,624922651.000
-0.030,-0.115,0.013,3.005,-0.402,0.697,624922751.000
-0.030,-0.107,0.018,3.064,-0.409,0.697,624922851.000
-0.032,-0.113,0.013,3.012,-0.438,0.715,624922951.000
-0.030,-0.115,0.008,3.019,-0.443,0.724,624923051.000
-0.035,-0.112,0.018,3.005,-0.433,0.705,624923152.000
-0.035,-0.110,0.016,3.062,-0.441,0.687,624923252.000
-0.034,-0.110,0.013,3.021,-0.449,0.686,624923352.000
-0.034,-0.112,0.011,3.005,-0.482,0.677,624923451.000
-0.037,-0.113,0.015,3.011,-0.477,0.714,624923552.000
-0.037,-0.116,0.013,2.983,-0.485,0.704,624923652.000
-0.032,-0.111,0.018,3.027,-0.518,0.696,624923751.000
-0.034,-0.107,0.013,3.050,-0.522,0.723,624923851.000
-0.032,-0.108,0.013,3.029,-0.559,0.732,624923951.000
-0.039,-0.112,0.018,3.032,-0.553,0.704,624924052.000
-0.034,-0.115,0.013,2.990,-0.546,0.695,624924152.000
-0.032,-0.113,0.011,2.998,-0.592,0.686,624924251.000
-0.036,-0.108,0.011,3.042,-0.590,0.704,624924351.000
-0.038,-0.112,0.013,3.019,-0.594,0.703,624924452.000
-0.036,-0.113,0.010,2.998,-0.615,0.713,624924552.000
-0.038,-0.107,0.013,3.035,-0.618,0.694,624924652.000
-0.036,-0.111,0.008,2.986,-0.648,0.721,624924751.000
-0.038,-0.112,0.013,3.005,-0.618,0.703,624924851.000
-0.038,-0.112,0.013,2.991,-0.642,0.730,624924952.000
-0.040,-0.105,0.013,3.029,-0.630,0.712,624925052.000
-0.043,-0.107,0.015,3.007,-0.657,0.720,624925152.000
-0.040,-0.111,0.008,2.999,-0.695,0.693,624925251.000
-0.034,-0.109,0.015,3.007,-0.732,0.712,624925352.000
-0.038,-0.112,0.013,2.991,-0.739,0.702,624925452.000
-0.036,-0.108,0.013,2.973,-0.728,0.702,624925551.000
-0.042,-0.107,0.008,3.021,-0.730,0.692,624925652.000
-0.038,-0.107,0.015,3.021,-0.755,0.720,624925751.000
-0.040,-0.111,0.008,2.999,-0.743,0.720,624925852.000
-0.040,-0.108,0.015,2.999,-0.767,0.701,624925952.000
-0.044,-0.108,0.010,3.000,-0.758,0.728,624926052.000
-0.042,-0.112,0.015,2.963,-0.779,0.701,624926151.000
-0.042,-0.107,0.015,3.007,-0.803,0.719,624926252.000
-0.049,-0.105,0.015,2.986,-0.765,0.737,624926351.000
-0.044,-0.105,0.015,3.001,-0.814,0.737,624926452.000
-0.042,-0.107,0.013,2.979,-0.836,0.719,624926551.000
-0.044,-0.105,0.015,3.014,-0.838,0.709,624926652.000
-0.044,-0.105,0.018,3.000,-0.879,0.737,624926751.000
-0.046,-0.109,0.015,2.950,-0.850,0.709,624926851.000
-0.046,-0.106,0.008,2.980,-0.875,0.745,624926952.000
-0.046,-0.101,0.015,3.009,-0.874,0.708,624927052.000
-0.046,-0.104,0.010,2.981,-0.916,0.726,624927152.000
-0.046,-0.106,0.015,2.993,-0.899,0.745,624927251.000
-0.044,-0.103,0.018,3.016,-0.927,0.745,624927351.000
-0.042,-0.109,0.013,2.951,-0.957,0.736,624927452.000
-0.050,-0.104,0.015,2.994,-0.946,0.753,624927552.000
-0.046,-0.104,0.018,2.980,-0.963,0.726,624927651.000
-0.048,-0.105,0.010,2.987,-0.975,0.735,624927751.000
-0.046,-0.101,0.010,3.037,-0.988,0.735,624927851.000
-0.050,-0.101,0.015,2.995,-0.970,0.735,624927952.000
-0.050,-0.101,0.013,2.995,-1.003,0.734,624928052.000
-0.048,-0.105,0.008,2.959,-1.008,0.734,624928152.000
-0.050,-0.104,0.015,2.993,-0.995,0.725,624928252.000
-0.052,-0.105,0.013,2.972,-0.990,0.734,624928351.000
-0.054,-0.104,0.010,2.966,-1.035,0.752,624928451.000
-0.048,-0.105,0.015,2.972,-1.080,0.734,624928551.000
-0.050,-0.101,0.018,2.994,-1.083,0.734,624928652.000
-0.048,-0.102,0.018,2.974,-1.072,0.743,624928751.000
-0.052,-0.100,0.015,2.975,-1.055,0.752,624928852.000
-0.048,-0.100,0.015,2.989,-1.105,0.752,624928951.000
-0.050,-0.101,0.023,2.980,-1.091,0.734,624929051.000
-0.052,-0.105,0.008,2.958,-1.080,0.733,624929151.000
-0.052,-0.097,0.015,2.990,-1.104,0.761,624929252.000
-0.050,-0.104,0.015,2.980,-1.116,0.752,624929351.000
-0.048,-0.102,0.008,2.988,-1.178,0.715,624929452.000
-0.050,-0.098,0.008,2.997,-1.141,0.770,624929551.000
-0.052,-0.105,0.015,2.972,-1.152,0.733,624929652.000
-0.052,-0.105,0.013,2.986,-1.160,0.733,624929751.000
-0.054,-0.104,0.015,2.979,-1.139,0.751,624929851.000
-0.050,-0.101,0.010,2.995,-1.181,0.733,624929952.000
-0.056,-0.100,0.010,3.030,-1.143,0.751,624930052.000
-0.054,-0.098,0.020,3.009,-1.171,0.742,624930151.000
-0.052,-0.102,0.015,3.015,-1.200,0.770,624930251.000
-0.058,-0.099,0.015,3.036,-1.162,0.741,624930351.000
-0.056,-0.102,0.013,3.000,-1.183,0.741,624930451.000
-0.054,-0.101,0.013,3.022,-1.220,0.732,624930552.000
-0.058,-0.104,0.015,2.992,-1.186,0.750,624930651.000
-0.054,-0.098,0.010,3.023,-1.228,0.741,624930751.000
-0.056,-0.100,0.013,3.015,-1.232,0.750,624930852.000
-0.056,-0.100,0.020,3.029,-1.255,0.750,624930951.000
-0.058,-0.101,0.010,3.035,-1.251,0.759,624931051.000
-0.058,-0.101,0.015,3.021,-1.259,0.759,624931151.000
-0.058,-0.098,0.018,3.036,-1.275,0.768,624931252.000
-0.060,-0.100,0.015,3.015,-1.271,0.777,624931351.000
-0.058,-0.101,0.010,3.035,-1.300,0.759,624931452.000
-0.058,-0.103,0.015,3.006,-1.307,0.777,624931551.000
-0.056,-0.102,0.013,3.000,-1.329,0.768,624931651.000
-0.058,-0.101,0.015,3.021,-1.356,0.758,624931751.000
-0.056,-0.102,0.015,3.014,-1.369,0.768,624931851.000
-0.058,-0.103,0.015,2.992,-1.380,0.776,624931951.000
-0.060,-0.102,0.015,2.972,-1.368,0.767,624932052.000
-0.060,-0.099,0.017,3.015,-1.384,0.776,624932151.000
-0.062,-0.098,0.012,3.036,-1.363,0.767,624932251.000
-0.060,-0.102,0.015,2.986,-1.392,0.794,624932352.000
-0.062,-0.101,0.012,2.994,-1.412,0.785,624932451.000
-0.062,-0.101,0.012,3.021,-1.412,0.785,624932551.000
-0.060,-0.094,0.015,3.059,-1.440,0.794,624932651.000
-0.064,-0.097,0.017,3.029,-1.455,0.784,624932752.000
-0.062,-0.098,0.017,3.049,-1.467,0.766,624932852.000
-0.062,-0.098,0.010,3.036,-1.493,0.766,624932951.000
-0.064,-0.097,0.017,3.043,-1.479,0.784,624933051.000
-0.062,-0.101,0.015,3.035,-1.500,0.784,624933151.000
-0.064,-0.102,0.015,3.026,-1.487,0.766,624933251.000
-0.062,-0.101,0.015,3.021,-1.525,0.784,624933351.000
-0.064,-0.097,0.012,3.044,-1.544,0.811,624933451.000
-0.066,-0.093,0.015,3.066,-1.548,0.783,624933552.000
-0.064,-0.097,0.015,3.057,-1.536,0.784,624933651.000
-0.064,-0.097,0.012,3.057,-1.568,0.783,624933751.000
-0.068,-0.099,0.022,3.027,-1.534,0.801,624933852.000
-0.068,-0.094,0.015,3.058,-1.583,0.819,624933951.000
-0.061,-0.098,0.010,3.023,-1.614,0.792,624934052.000
-0.068,-0.097,0.015,3.056,-1.607,0.782,624934151.000
-0.066,-0.095,0.015,3.064,-1.620,0.801,624934251.000
-0.063,-0.097,0.012,3.044,-1.641,0.810,624934351.000
-0.066,-0.095,0.015,3.064,-1.669,0.801,624934451.000
-0.072,-0.097,0.015,3.056,-1.631,0.809,624934551.000
-0.068,-0.099,0.015,3.028,-1.680,0.800,624934651.000
-0.070,-0.095,0.015,3.078,-1.667,0.800,624934751.000
-0.068,-0.097,0.020,3.056,-1.736,0.809,624934852.000
-0.072,-0.094,0.012,3.085,-1.687,0.790,624934951.000
-0.072,-0.094,0.012,3.072,-1.712,0.818,624935051.000
-0.070,-0.095,0.017,3.064,-1.756,0.827,624935151.000
-0.070,-0.095,0.015,3.078,-1.764,0.827,624935251.000
-0.070,-0.098,0.015,3.063,-1.764,0.818,624935350.000
-0.072,-0.097,0.017,3.070,-1.768,0.808,624935451.000
-0.070,-0.095,0.020,3.022,-1.797,0.826,624935551.000
-0.072,-0.094,0.015,3.057,-1.800,0.789,624935650.000
-0.069,-0.098,0.012,3.049,-1.821,0.790,624935750.000
-0.072,-0.094,0.010,3.072,-1.793,0.817,624935850.000
-0.074,-0.093,0.017,3.106,-1.827,0.808,624935951.000
-0.072,-0.094,0.012,3.085,-1.833,0.817,624936050.000
-0.072,-0.091,0.020,3.100,-1.832,0.799,624936150.000
-0.074,-0.093,0.022,3.105,-1.859,0.807,624936250.000
-0.069,-0.092,0.015,3.093,-1.910,0.835,624936350.000
-0.076,-0.091,0.010,3.086,-1.864,0.797,624936451.000
-0.076,-0.094,0.017,3.112,-1.887,0.816,624936550.000
-0.074,-0.095,0.022,3.063,-1.908,0.853,624936652.000
-0.078,-0.090,0.017,3.107,-1.875,0.816,624936752.000
-0.071,-0.091,0.015,3.086,-1.970,0.825,624936852.000
-0.073,-0.092,0.015,3.106,-1.957,0.834,624936953.000
-0.073,-0.090,0.012,3.121,-1.990,0.815,624937051.000
-0.075,-0.096,0.010,3.070,-1.985,0.834,624937152.000
-0.073,-0.090,0.015,3.107,-2.030,0.815,624937251.000
-0.078,-0.095,0.012,3.090,-2.013,0.824,624937351.000
-0.073,-0.095,0.015,3.063,-2.054,0.824,624937451.000
-0.078,-0.092,0.022,3.105,-2.028,0.861,624937551.000
-0.082,-0.095,0.019,3.076,-2.011,0.851,624937651.000
-0.082,-0.090,0.017,3.106,-2.043,0.814,624937752.000
-0.082,-0.092,0.017,3.105,-2.068,0.832,624937851.000
-0.075,-0.091,0.017,3.141,-2.106,0.851,624937952.000
-0.082,-0.092,0.022,3.091,-2.075,0.832,624938052.000
-0.084,-0.091,0.014,3.099,-2.112,0.850,624938151.000
-0.086,-0.092,0.019,3.104,-2.107,0.831,624938252.000
-0.084,-0.088,0.017,3.113,-2.128,0.831,624938351.000
-0.079,-0.091,0.015,3.085,-2.162,0.822,624938452.000
-0.079,-0.091,0.015,3.099,-2.186,0.850,624938552.000
-0.081,-0.090,0.012,3.106,-2.206,0.812,624938651.000
-0.083,-0.088,0.020,3.141,-2.192,0.831,624938751.000
-0.081,-0.090,0.017,3.120,-2.213,0.840,624938851.000
-0.081,-0.097,0.014,3.047,-2.246,0.840,624938951.000
-0.079,-0.091,0.015,3.099,-2.234,0.849,624939052.000
-0.081,-0.090,0.019,3.106,-2.254,0.867,624939152.000
-0.085,-0.092,0.014,3.063,-2.245,0.830,624939252.000
-0.085,-0.087,0.017,3.121,-2.261,0.848,624939352.000
-0.083,-0.088,0.012,3.128,-2.266,0.858,624939451.000
-0.083,-0.091,0.014,3.098,-2.306,0.848,624939551.000
-0.083,-0.091,0.017,3.098,-2.322,0.848,624939651.000
-0.085,-0.090,0.014,3.106,-2.293,0.866,624939751.000
-0.087,-0.088,0.014,3.086,-2.329,0.856,624939852.000
-0.085,-0.089,0.017,3.106,-2.358,0.866,624939952.000
-0.083,-0.086,0.017,3.143,-2.346,0.866,624940052.000
-0.083,-0.091,0.017,3.098,-2.370,0.848,624940151.000
-0.087,-0.091,0.022,3.097,-2.377,0.847,624940251.000
-0.087,-0.091,0.012,3.098,-2.410,0.847,624940352.000
-0.089,-0.087,0.017,3.120,-2.381,0.847,624940452.000
-0.087,-0.088,0.019,3.140,-2.409,0.856,624940552.000
-0.087,-0.091,0.024,3.084,-2.417,0.874,624940652.000
-0.083,-0.088,0.017,3.100,-2.443,0.856,624940751.000
-0.089,-0.087,0.017,3.120,-2.429,0.874,624940851.000
-0.087,-0.083,0.014,3.157,-2.499,0.874,624940952.000
-0.087,-0.088,0.009,3.113,-2.491,0.855,624941051.000
-0.089,-0.089,0.017,3.105,-2.478,0.864,624941151.000
-0.087,-0.085,0.019,3.128,-2.506,0.864,624941251.000
-0.093,-0.089,0.014,3.133,-2.485,0.892,624941351.000
-0.091,-0.088,0.014,3.127,-2.522,0.882,624941451.000
-0.091,-0.085,0.014,3.128,-2.546,0.863,624941552.000
-0.093,-0.084,0.014,3.135,-2.533,0.882,624941652.000
-0.091,-0.085,0.012,3.142,-2.554,0.891,624941752.000
-0.091,-0.083,0.019,3.142,-2.578,0.872,624941851.000
-0.093,-0.089,0.017,3.091,-2.574,0.891,624941952.000
-0.089,-0.089,0.012,3.119,-2.615,0.863,624942052.000
-0.093,-0.084,0.019,3.149,-2.589,0.881,624942152.000
-0.093,-0.087,0.017,3.161,-2.622,0.872,624942251.000
-0.093,-0.084,0.019,3.163,-2.614,0.909,624942351.000
-0.095,-0.085,0.012,3.155,-2.650,0.890,624942451.000
-0.093,-0.087,0.017,3.120,-2.646,0.872,624942551.000
-0.093,-0.087,0.007,3.134,-2.655,0.872,624942651.000
-0.089,-0.087,0.019,3.147,-2.687,0.872,624942752.000
-0.102,-0.087,0.017,3.146,-2.644,0.898,624942851.000
-0.097,-0.084,0.019,3.162,-2.685,0.908,624942952.000
-0.097,-0.087,0.012,3.161,-2.710,0.871,624943051.000
-0.095,-0.083,0.014,3.170,-2.714,0.899,624943151.000
-0.097,-0.081,0.014,3.191,-2.726,0.889,624943252.000
-0.099,-0.088,0.014,3.153,-2.713,0.907,624943352.000
-0.097,-0.084,0.012,3.204,-2.758,0.908,624943452.000
-0.103,-0.085,0.022,3.195,-2.735,0.916,624943551.000
-0.101,-0.087,0.022,3.187,-2.748,0.898,624943651.000
-0.097,-0.087,0.012,3.202,-2.782,0.898,624943752.000
-0.099,-0.085,0.019,3.168,-2.793,0.888,624943851.000
-0.099,-0.085,0.014,3.196,-2.810,0.916,624943952.000
-0.097,-0.081,0.017,3.246,-2.838,0.889,624944052.000
-0.099,-0.083,0.012,3.239,-2.842,0.925,624944152.000
-0.103,-0.083,0.012,3.224,-2.841,0.897,624944252.000
-0.099,-0.088,0.014,3.208,-2.858,0.907,624944351.000
-0.097,-0.081,0.019,3.246,-2.903,0.888,624944451.000
-0.099,-0.085,0.017,3.237,-2.898,0.916,624944552.000
-0.101,-0.089,0.017,3.173,-2.862,0.915,624944652.000
-0.101,-0.084,0.017,3.245,-2.885,0.934,624944751.000
-0.101,-0.086,0.012,3.215,-2.878,0.897,624944851.000
-0.101,-0.084,0.012,3.258,-2.926,0.906,624944951.000
-0.103,-0.088,0.019,3.207,-2.913,0.933,624945051.000
-0.103,-0.083,0.014,3.266,-2.929,0.924,624945152.000
-0.103,-0.082,0.017,3.252,-2.970,0.924,624945251.000
-0.099,-0.085,0.014,3.251,-3.003,0.915,624945352.000
-0.107,-0.085,0.017,3.236,-2.944,0.942,624945452.000
-0.101,-0.086,0.014,3.216,-2.991,0.924,624945552.000
-0.105,-0.089,0.007,3.200,-2.966,0.914,624945651.000
-0.107,-0.088,0.014,3.235,-3.001,0.932,624945751.000
-0.101,-0.084,0.014,3.258,-3.039,0.933,624945852.000
-0.107,-0.082,0.014,3.265,-3.001,0.923,624945951.000
-0.105,-0.081,0.024,3.245,-3.029,0.941,624946051.000
-0.103,-0.082,0.019,3.251,-3.034,0.923,624946151.000
-0.109,-0.081,0.019,3.272,-3.020,0.941,624946251.000
-0.105,-0.081,0.017,3.245,-3.078,0.941,624946352.000
-0.107,-0.082,0.019,3.237,-3.082,0.922,624946451.000
-0.109,-0.081,0.021,3.272,-3.085,0.940,624946552.000
-0.107,-0.082,0.016,3.251,-3.090,0.950,624946652.000
-0.107,-0.082,0.014,3.279,-3.122,0.950,624946751.000
-0.107,-0.082,0.016,3.265,-3.114,0.950,624946851.000
-0.113,-0.081,0.016,3.258,-3.100,0.940,624946952.000
-0.107,-0.082,0.017,3.278,-3.138,0.922,624947051.000
-0.109,-0.081,0.021,3.272,-3.133,0.940,624947151.000
-0.109,-0.081,0.017,3.286,-3.174,0.940,624947251.000
-0.107,-0.085,0.014,3.250,-3.195,0.940,624947351.000
-0.109,-0.084,0.014,3.257,-3.182,0.930,624947452.000
-0.109,-0.084,0.019,3.257,-3.166,0.958,624947551.000
-0.109,-0.083,0.011,3.244,-3.191,0.958,624947651.000
-0.113,-0.084,0.021,3.270,-3.180,0.958,624947752.000
-0.113,-0.078,0.021,3.287,-3.205,0.976,624947851.000
-0.109,-0.081,0.019,3.286,-3.238,0.939,624947952.000
-0.111,-0.080,0.021,3.293,-3.241,0.957,624948051.000
-0.111,-0.077,0.024,3.308,-3.257,0.967,624948151.000
-0.113,-0.078,0.014,3.287,-3.254,0.948,624948252.000
-0.113,-0.083,0.019,3.284,-3.237,0.985,624948352.000
-0.113,-0.081,0.016,3.286,-3.294,0.966,624948451.000
-0.111,-0.080,0.014,3.266,-3.291,0.957,624948552.000
-0.113,-0.078,0.019,3.301,-3.310,0.975,624948652.000
-0.113,-0.083,0.016,3.270,-3.294,0.957,624948752.000
-0.113,-0.078,0.016,3.287,-3.318,0.975,624948851.000
-0.113,-0.081,0.021,3.271,-3.302,0.966,624948951.000
-0.115,-0.082,0.019,3.263,-3.321,0.947,624949052.000
-0.119,-0.080,0.019,3.292,-3.320,0.956,624949151.000
-0.115,-0.085,0.016,3.263,-3.330,0.965,624949252.000
-0.117,-0.083,0.019,3.269,-3.381,0.955,624949351.000
-0.113,-0.083,0.021,3.256,-3.399,0.956,624949451.000
-0.115,-0.079,0.019,3.265,-3.394,0.983,624949552.000
-0.115,-0.079,0.016,3.279,-3.403,0.955,624949651.000
-0.117,-0.078,0.024,3.286,-3.389,0.974,624949751.000
-0.117,-0.076,0.024,3.315,-3.413,0.983,624949851.000
-0.115,-0.079,0.021,3.279,-3.435,1.011,624949951.000
-0.114,-0.077,0.021,3.308,-3.459,0.992,624950052.000
-0.117,-0.081,0.021,3.284,-3.446,0.964,624950152.000
-0.114,-0.079,0.016,3.279,-3.500,0.982,624950251.000
-0.116,-0.078,0.014,3.328,-3.495,0.973,624950351.000
-0.117,-0.078,0.016,3.286,-3.487,0.973,624950451.000
-0.114,-0.079,0.021,3.293,-3.507,0.982,624950552.000
-0.119,-0.079,0.016,3.279,-3.474,0.982,624950651.000
-0.119,-0.079,0.021,3.306,-3.506,0.982,624950751.000
-0.119,-0.074,0.014,3.323,-3.531,0.972,624950851.000
-0.119,-0.079,0.024,3.278,-3.522,0.982,624950952.000
-0.119,-0.077,0.026,3.321,-3.538,0.991,624951051.000
-0.118,-0.077,0.011,3.308,-3.563,0.990,624951151.000
-0.121,-0.081,0.016,3.298,-3.558,0.990,624951252.000
-0.121,-0.081,0.019,3.284,-3.550,0.990,624951352.000
-0.123,-0.077,0.019,3.293,-3.562,0.990,624951451.000
-0.123,-0.077,0.019,3.279,-3.538,0.990,624951551.000
-0.116,-0.083,0.016,3.270,-3.608,0.981,624951651.000
-0.118,-0.077,0.019,3.307,-3.611,0.990,624951751.000
-0.120,-0.078,0.016,3.300,-3.631,0.999,624951852.000
-0.123,-0.077,0.019,3.334,-3.634,0.990,624951952.000
-0.125,-0.075,0.016,3.328,-3.630,0.980,624952051.000
-0.120,-0.070,0.016,3.345,-3.680,0.998,624952151.000
-0.120,-0.083,0.016,3.269,-3.679,0.952,624952252.000
-0.118,-0.076,0.024,3.307,-3.692,1.017,624952351.000
-0.120,-0.075,0.016,3.315,-3.680,0.980,624952452.000
-0.127,-0.074,0.019,3.322,-3.657,1.025,624952551.000
-0.124,-0.073,0.016,3.329,-3.703,0.988,624952651.000
-0.122,-0.077,0.016,3.307,-3.715,0.989,624952752.000
-0.124,-0.073,0.019,3.343,-3.743,0.988,624952852.000
-0.124,-0.075,0.016,3.301,-3.727,1.007,624952951.000
-0.122,-0.074,0.016,3.308,-3.740,0.998,624953052.000
-0.124,-0.075,0.019,3.300,-3.743,1.006,624953151.000
-0.124,-0.078,0.016,3.271,-3.751,0.997,624953251.000
-0.122,-0.071,0.019,3.323,-3.804,1.006,624953351.000
-0.120,-0.075,0.019,3.301,-3.817,1.007,624953451.000
-0.122,-0.076,0.019,3.306,-3.828,0.988,624953551.000
-0.129,-0.075,0.016,3.313,-3.774,0.978,624953651.000
-0.126,-0.076,0.019,3.306,-3.803,1.015,624953752.000
-0.126,-0.074,0.019,3.307,-3.827,0.996,624953852.000
-0.126,-0.074,0.019,3.322,-3.851,1.024,624953952.000
-0.129,-0.078,0.021,3.285,-3.831,1.024,624954052.000
-0.126,-0.076,0.028,3.305,-3.867,1.015,624954153.000
-0.126,-0.071,0.023,3.336,-3.883,1.033,624954253.000
-0.131,-0.074,0.014,3.321,-3.843,0.996,624954352.000
-0.126,-0.074,0.016,3.294,-3.884,1.023,624954452.000
-0.126,-0.074,0.019,3.321,-3.900,0.996,624954553.000
-0.128,-0.073,0.021,3.301,-3.903,0.986,624954653.000
-0.122,-0.074,0.019,3.294,-3.926,1.024,624954753.000
-0.130,-0.071,0.026,3.308,-3.923,1.032,624954852.000
-0.130,-0.074,0.021,3.279,-3.915,0.995,624954953.000
-0.126,-0.071,0.019,3.309,-3.949,1.004,624955053.000
-0.133,-0.075,0.021,3.285,-3.926,1.004,624955152.000
-0.126,-0.071,0.016,3.309,-3.981,1.004,624955253.000
-0.126,-0.071,0.026,3.322,-3.972,1.004,624955352.000
-0.132,-0.070,0.021,3.343,-3.975,0.994,624955453.000
-0.132,-0.070,0.016,3.302,-3.967,0.994,624955552.000
-0.130,-0.068,0.018,3.324,-4.020,1.040,624955652.000
-0.130,-0.074,0.016,3.279,-3.980,0.994,624955752.000
-0.132,-0.072,0.018,3.273,-4.008,1.012,624955852.000
-0.128,-0.070,0.021,3.289,-4.049,1.049,624955953.000
-0.132,-0.072,0.018,3.314,-4.032,1.012,624956053.000
-0.128,-0.072,0.026,3.287,-4.057,1.012,624956153.000
-0.132,-0.072,0.018,3.287,-4.032,1.012,624956252.000
-0.134,-0.074,0.016,3.293,-4.076,1.021,624956352.000
-0.132,-0.075,0.023,3.271,-4.064,1.030,624956452.000
-0.132,-0.072,0.018,3.287,-4.080,1.039,624956553.000
-0.132,-0.072,0.016,3.273,-4.089,1.011,624956652.000
-0.132,-0.075,0.023,3.313,-4.088,1.058,624956753.000
-0.132,-0.067,0.021,3.344,-4.096,1.030,624956852.000
-0.134,-0.068,0.023,3.295,-4.124,1.038,624956952.000
-0.134,-0.068,0.028,3.295,-4.107,1.039,624957053.000
-0.136,-0.070,0.021,3.287,-4.144,1.020,624957153.000
-0.132,-0.064,0.018,3.360,-4.177,1.039,624957253.000
-0.138,-0.066,0.021,3.296,-4.107,1.047,624957352.000
-0.136,-0.070,0.018,3.301,-4.152,1.020,624957453.000
-0.132,-0.067,0.021,3.317,-4.193,1.029,624957552.000
-0.138,-0.071,0.018,3.280,-4.164,1.028,624957652.000
-0.136,-0.067,0.018,3.316,-4.200,1.028,624957753.000
-0.138,-0.068,0.026,3.294,-4.211,1.037,624957853.000
-0.134,-0.066,0.026,3.324,-4.212,1.047,624957952.000
-0.138,-0.071,0.018,3.280,-4.212,1.056,624958053.000
-0.136,-0.072,0.023,3.313,-4.232,1.038,624958152.000
-0.134,-0.071,0.023,3.308,-4.269,1.056,624958253.000
-0.138,-0.068,0.028,3.281,-4.252,1.064,624958353.000
-0.138,-0.066,0.021,3.310,-4.228,1.046,624958453.000
-0.136,-0.069,0.013,3.288,-4.290,1.046,624958552.000
-0.136,-0.069,0.026,3.301,-4.297,1.046,624958653.000
-0.131,-0.069,0.018,3.274,-4.323,1.046,624958753.000
-0.140,-0.067,0.011,3.303,-4.297,1.054,624958852.000
-0.140,-0.069,0.028,3.300,-4.287,1.073,624958953.000
-0.144,-0.069,0.028,3.313,-4.286,1.045,624959053.000
-0.138,-0.065,0.023,3.324,-4.317,1.073,624959152.000
-0.140,-0.062,0.023,3.318,-4.304,1.045,624959253.000
-0.138,-0.068,0.026,3.295,-4.357,1.064,624959352.000
-0.140,-0.069,0.021,3.287,-4.361,1.045,624959453.000
-0.142,-0.071,0.021,3.265,-4.324,1.054,624959553.000
-0.140,-0.064,0.018,3.304,-4.369,1.063,624959653.000
-0.138,-0.063,0.021,3.325,-4.374,1.054,624959753.000
-0.140,-0.062,0.028,3.359,-4.408,1.045,624959853.000
-0.142,-0.063,0.021,3.324,-4.397,1.053,624959953.000
-0.142,-0.068,0.026,3.294,-4.380,1.063,624960051.000
-0.144,-0.067,0.018,3.315,-4.392,1.053,624960152.000
-0.140,-0.072,0.016,3.258,-4.450,1.035,624960253.000
-0.142,-0.065,0.018,3.282,-4.430,1.071,624960352.000
-0.140,-0.062,0.018,3.319,-4.466,1.044,624960452.000
-0.140,-0.067,0.011,3.289,-4.467,1.025,624960552.000
-0.140,-0.061,0.021,3.332,-4.506,1.071,624960652.000
-0.144,-0.064,0.023,3.303,-4.473,1.062,624960752.000
-0.142,-0.063,0.021,3.311,-4.518,1.052,624960852.000
-0.144,-0.067,0.023,3.288,-4.473,1.080,624960952.000
-0.146,-0.065,0.026,3.295,-4.476,1.071,624961052.000
-0.148,-0.064,0.021,3.302,-4.480,1.061,624961151.000
-0.144,-0.064,0.023,3.303,-4.521,1.061,624961252.000
-0.144,-0.064,0.023,3.303,-4.521,1.089,624961353.000
-0.146,-0.058,0.026,3.340,-4.524,1.070,624961453.000
-0.146,-0.065,0.021,3.295,-4.541,1.042,624961551.000
-0.146,-0.063,0.026,3.323,-4.549,1.052,624961652.000
-0.146,-0.060,0.018,3.312,-4.550,1.061,624961752.000
-0.146,-0.063,0.026,3.296,-4.549,1.079,624961853.000
-0.146,-0.063,0.016,3.297,-4.582,1.051,624961951.000
-0.150,-0.065,0.021,3.267,-4.564,1.069,624962051.000
-0.146,-0.063,0.021,3.283,-4.590,1.079,624962152.000
-0.146,-0.065,0.023,3.309,-4.581,1.070,624962251.000
-0.146,-0.063,0.021,3.310,-4.590,1.051,624962351.000
-0.146,-0.063,0.021,3.310,-4.638,1.078,624962451.000
-0.143,-0.064,0.023,3.303,-4.667,1.088,624962552.000
-0.148,-0.069,0.018,3.245,-4.610,1.069,624962652.000
-0.148,-0.061,0.018,3.304,-4.634,1.069,624962752.000
-0.148,-0.064,0.028,3.302,-4.673,1.087,624962852.000
-0.150,-0.065,0.016,3.281,-4.654,1.068,624962952.000
-0.148,-0.061,0.026,3.289,-4.657,1.069,624963051.000
-0.150,-0.065,0.028,3.253,-4.685,1.096,624963151.000
-0.150,-0.060,0.013,3.311,-4.686,1.059,624963252.000
-0.150,-0.060,0.020,3.297,-4.661,1.087,624963351.000
-0.148,-0.061,0.021,3.290,-4.674,1.068,624963452.000
-0.152,-0.061,0.018,3.276,-4.706,1.095,624963551.000
-0.150,-0.063,0.021,3.254,-4.710,1.049,624963652.000
-0.152,-0.061,0.018,3.262,-4.730,1.067,624963752.000
-0.148,-0.061,0.023,3.262,-4.739,1.095,624963851.000
-0.147,-0.064,0.018,3.247,-4.755,1.058,624963952.000
-0.154,-0.063,0.023,3.295,-4.725,1.076,624964052.000
-0.150,-0.062,0.025,3.254,-4.742,1.077,624964151.000
-0.149,-0.062,0.023,3.268,-4.799,1.076,624964252.000
-0.150,-0.057,0.025,3.285,-4.791,1.095,624964352.000
-0.154,-0.057,0.018,3.312,-4.766,1.094,624964451.000
-0.152,-0.061,0.030,3.247,-4.786,1.094,624964552.000
-0.149,-0.062,0.023,3.295,-4.798,1.076,624964651.000
-0.152,-0.059,0.018,3.263,-4.803,1.076,624964752.000
-0.156,-0.061,0.020,3.303,-4.793,1.094,624964852.000
-0.152,-0.061,0.023,3.234,-4.811,1.094,624964952.000
-0.154,-0.057,0.018,3.270,-4.839,1.066,624965052.000
-0.151,-0.058,0.020,3.277,-4.843,1.075,624965152.000
-0.149,-0.057,0.028,3.270,-4.879,1.066,624965251.000
-0.154,-0.057,0.025,3.270,-4.838,1.093,624965352.000
-0.156,-0.059,0.020,3.290,-4.842,1.075,624965451.000
-0.154,-0.060,0.023,3.269,-4.846,1.084,624965552.000
-0.158,-0.060,0.020,3.241,-4.854,1.083,624965652.000
-0.154,-0.057,0.020,3.257,-4.879,1.093,624965752.000
-0.153,-0.052,0.025,3.259,-4.960,1.083,624965852.000
-0.153,-0.052,0.018,3.246,-4.936,1.083,624965952.000
-0.149,-0.054,0.018,3.231,-4.962,1.102,624966052.000
-0.155,-0.056,0.018,3.250,-4.972,1.083,624966151.000
-0.156,-0.056,0.025,3.236,-4.947,1.110,624966251.000
-0.155,-0.056,0.023,3.250,-4.955,1.083,624966351.000
-0.155,-0.053,0.023,3.224,-4.980,1.091,624966452.000
-0.160,-0.056,0.018,3.236,-4.971,1.082,624966552.000
-0.155,-0.056,0.020,3.236,-5.012,1.082,624966652.000
-0.157,-0.052,0.018,3.232,-4.984,1.109,624966752.000
-0.157,-0.054,0.020,3.244,-4.999,1.100,624966851.000
-0.160,-0.053,0.020,3.237,-5.011,1.118,624966951.000
-0.164,-0.053,0.020,3.223,-4.961,1.090,624967051.000
-0.157,-0.057,0.020,3.215,-5.024,1.091,624967152.000
-0.153,-0.054,0.025,3.216,-5.057,1.100,624967251.000
-0.157,-0.049,0.023,3.232,-5.040,1.091,624967351.000
-0.155,-0.053,0.023,3.237,-5.052,1.091,624967451.000
-0.157,-0.057,0.025,3.187,-5.056,1.090,624967551.000
-0.162,-0.052,0.028,3.258,-5.070,1.108,624967652.000
-0.159,-0.050,0.025,3.238,-5.067,1.099,624967752.000
-0.159,-0.050,0.020,3.239,-5.084,1.127,624967852.000
-0.162,-0.052,0.030,3.244,-5.062,1.108,624967951.000
-0.157,-0.052,0.023,3.231,-5.113,1.109,624968051.000
-0.159,-0.053,0.020,3.237,-5.108,1.118,624968152.000
-0.161,-0.052,0.020,3.230,-5.120,1.080,624968251.000
-0.157,-0.054,0.023,3.216,-5.161,1.099,624968352.000
-0.161,-0.052,0.020,3.231,-5.120,1.108,624968452.000
-0.166,-0.052,0.025,3.244,-5.102,1.107,624968551.000
-0.161,-0.052,0.020,3.217,-5.144,1.107,624968651.000
-0.161,-0.049,0.020,3.232,-5.144,1.117,624968751.000
-0.164,-0.048,0.028,3.225,-5.107,1.107,624968852.000
-0.159,-0.053,0.018,3.210,-5.189,1.117,624968951.000
-0.161,-0.052,0.023,3.203,-5.184,1.107,624969051.000
-0.163,-0.048,0.020,3.239,-5.180,1.107,624969151.000
-0.161,-0.051,0.023,3.217,-5.209,1.135,624969252.000
-0.166,-0.049,0.023,3.231,-5.183,1.116,624969352.000
-0.163,-0.048,0.025,3.212,-5.212,1.134,624969452.000
-0.159,-0.055,0.025,3.166,-5.237,1.107,624969551.000
-0.163,-0.053,0.025,3.194,-5.236,1.088,624969652.000
-0.159,-0.050,0.025,3.183,-5.262,1.125,624969752.000
-0.165,-0.049,0.023,3.190,-5.208,1.115,624969851.000
-0.163,-0.048,0.018,3.184,-5.261,1.106,624969951.000
-0.163,-0.050,0.020,3.169,-5.229,1.097,624970051.000
-0.163,-0.048,0.030,3.197,-5.268,1.106,624970151.000
-0.161,-0.046,0.020,3.192,-5.290,1.097,624970251.000
-0.165,-0.046,0.027,3.163,-5.264,1.124,624970351.000
-0.163,-0.050,0.022,3.128,-5.270,1.124,624970452.000
-0.163,-0.047,0.027,3.170,-5.301,1.133,624970552.000
-0.167,-0.045,0.022,3.185,-5.292,1.142,624970652.000
-0.165,-0.044,0.025,3.178,-5.297,1.105,624970752.000
-0.163,-0.045,0.027,3.171,-5.325,1.114,624970851.000
-0.163,-0.045,0.027,3.157,-5.350,1.114,624970952.000
-0.165,-0.044,0.027,3.137,-5.337,1.104,624971052.000
-0.167,-0.047,0.025,3.128,-5.333,1.132,624971151.000
-0.167,-0.048,0.025,3.128,-5.333,1.104,624971252.000
-0.165,-0.046,0.022,3.136,-5.330,1.123,624971352.000
-0.167,-0.042,0.022,3.103,-5.366,1.122,624971451.000
-0.169,-0.041,0.025,3.111,-5.369,1.140,624971553.000
-0.167,-0.045,0.027,3.074,-5.374,1.113,624971652.000
-0.171,-0.045,0.017,3.116,-5.357,1.112,624971752.000
-0.167,-0.042,0.022,3.103,-5.366,1.094,624971853.000
-0.165,-0.046,0.025,3.067,-5.419,1.122,624971952.000
-0.167,-0.047,0.022,3.045,-5.415,1.103,624972053.000
-0.167,-0.047,0.020,3.032,-5.423,1.103,624972152.000
-0.167,-0.042,0.025,3.062,-5.407,1.121,624972252.000
-0.165,-0.038,0.025,3.098,-5.443,1.094,624972352.000
-0.171,-0.040,0.017,3.077,-5.382,1.102,624972453.000
-0.171,-0.042,0.032,3.089,-5.429,1.148,624972552.000
-0.169,-0.043,0.025,3.026,-5.443,1.130,624972652.000
-0.165,-0.041,0.022,3.042,-5.501,1.111,624972752.000
-0.169,-0.043,0.025,3.026,-5.443,1.130,624972853.000
-0.165,-0.038,0.027,3.029,-5.484,1.120,624972952.000
-0.167,-0.042,0.027,2.993,-5.496,1.120,624973053.000
-0.171,-0.039,0.022,3.035,-5.487,1.129,624973153.000
-0.169,-0.036,0.027,3.058,-5.483,1.129,624973253.000
-0.167,-0.039,0.027,3.022,-5.520,1.129,624973352.000
-0.169,-0.041,0.032,3.027,-5.515,1.111,624973453.000
-0.173,-0.041,0.022,2.986,-5.499,1.110,624973552.000
-0.169,-0.046,0.025,2.956,-5.492,1.120,624973652.000
-0.167,-0.037,0.027,3.023,-5.544,1.110,624973752.000
-0.169,-0.043,0.017,2.958,-5.565,1.100,624973853.000
-0.171,-0.037,0.022,2.981,-5.560,1.109,624973952.000
-0.171,-0.037,0.025,3.022,-5.551,1.110,624974053.000
-0.173,-0.038,0.027,2.987,-5.555,1.118,624974152.000
-0.169,-0.035,0.027,2.975,-5.581,1.100,624974252.000
-0.171,-0.037,0.020,2.967,-5.569,1.081,624974352.000
-0.171,-0.034,0.025,3.010,-5.600,1.118,624974453.000
-0.171,-0.042,0.020,2.924,-5.593,1.118,624974553.000
-0.171,-0.034,0.030,2.940,-5.608,1.090,624974653.000
-0.171,-0.042,0.027,2.923,-5.592,1.118,624974752.000
-0.171,-0.034,0.025,2.927,-5.601,1.090,624974853.000
-0.169,-0.033,0.032,2.949,-5.637,1.136,624974952.000
-0.169,-0.035,0.022,2.948,-5.646,1.127,624975052.000
-0.173,-0.038,0.030,2.931,-5.620,1.117,624975153.000
-0.175,-0.037,0.025,2.925,-5.648,1.107,624975252.000
-0.173,-0.038,0.022,2.918,-5.645,1.117,624975352.000
-0.173,-0.035,0.022,2.947,-5.669,1.098,624975453.000
-0.171,-0.034,0.022,2.927,-5.682,1.117,624975553.000
-0.173,-0.038,0.030,2.904,-5.669,1.117,624975653.000
-0.171,-0.031,0.027,2.914,-5.666,1.098,624975752.000
-0.171,-0.031,0.030,2.914,-5.682,1.126,624975853.000
-0.173,-0.035,0.025,2.906,-5.661,1.126,624975953.000
-0.173,-0.030,0.027,2.949,-5.701,1.116,624976053.000
-0.170,-0.031,0.032,2.900,-5.722,1.125,624976152.000
-0.170,-0.031,0.030,2.914,-5.730,1.125,624976252.000
-0.177,-0.028,0.025,2.909,-5.709,1.097,624976353.000
-0.168,-0.033,0.025,2.921,-5.735,1.107,624976453.000
-0.177,-0.033,0.030,2.878,-5.692,1.106,624976552.000
-0.175,-0.031,0.029,2.900,-5.729,1.152,624976653.000
-0.173,-0.035,0.032,2.864,-5.734,1.125,624976752.000
-0.168,-0.033,0.020,2.880,-5.776,1.107,624976852.000
-0.175,-0.031,0.029,2.900,-5.778,1.124,624976952.000
-0.175,-0.029,0.029,2.902,-5.754,1.134,624977052.000
-0.175,-0.031,0.027,2.886,-5.786,1.124,624977152.000
-0.174,-0.026,0.027,2.875,-5.811,1.114,624977253.000
-0.175,-0.031,0.029,2.900,-5.778,1.124,624977352.000
-0.172,-0.030,0.032,2.867,-5.782,1.143,624977453.000
-0.175,-0.034,0.032,2.829,-5.794,1.115,624977553.000
-0.172,-0.032,0.029,2.865,-5.791,1.134,624977652.000
-0.175,-0.029,0.032,2.888,-5.794,1.133,624977753.000
-0.174,-0.026,0.032,2.889,-5.818,1.142,624977852.000
-0.174,-0.029,0.032,2.874,-5.818,1.133,624977952.000
-0.174,-0.029,0.027,2.846,-5.835,1.133,624978052.000
-0.174,-0.029,0.029,2.846,-5.851,1.132,624978152.000
-0.177,-0.030,0.029,2.866,-5.838,1.142,624978252.000
-0.177,-0.035,0.034,2.808,-5.822,1.123,624978353.000
-0.177,-0.027,0.027,2.839,-5.847,1.095,624978453.000
-0.179,-0.026,0.027,2.847,-5.834,1.113,624978552.000
-0.172,-0.030,0.029,2.825,-5.888,1.114,624978653.000
-0.174,-0.028,0.024,2.805,-5.892,1.132,624978753.000
-0.174,-0.026,0.027,2.820,-5.908,1.141,624978852.000
-0.176,-0.027,0.025,2.840,-5.879,1.095,624978952.000
-0.179,-0.026,0.029,2.833,-5.874,1.113,624979052.000
-0.179,-0.031,0.032,2.775,-5.842,1.122,624979152.000
-0.179,-0.026,0.029,2.819,-5.899,1.113,624979253.000
-0.181,-0.027,0.032,2.797,-5.878,1.122,624979352.000
-0.181,-0.030,0.039,2.782,-5.877,1.140,624979453.000
-0.178,-0.029,0.024,2.777,-5.916,1.103,624979552.000
-0.181,-0.027,0.024,2.784,-5.903,1.121,624979652.000
-0.176,-0.030,0.027,2.770,-5.944,1.140,624979753.000
-0.178,-0.023,0.027,2.807,-5.932,1.121,624979852.000
-0.176,-0.027,0.027,2.785,-5.944,1.122,624979952.000
-0.181,-0.027,0.027,2.770,-5.943,1.121,624980052.000
-0.176,-0.022,0.029,2.828,-5.984,1.112,624980152.000
-0.181,-0.025,0.032,2.771,-5.951,1.130,624980252.000
-0.181,-0.027,0.029,2.770,-5.959,1.121,624980353.000
-0.178,-0.026,0.029,2.764,-5.948,1.139,624980452.000
-0.180,-0.022,0.037,2.786,-5.983,1.139,624980552.000
-0.180,-0.024,0.029,2.744,-5.984,1.129,624980653.000
-0.176,-0.024,0.029,2.758,-6.033,1.130,624980752.000
-0.180,-0.024,0.032,2.758,-5.975,1.130,624980852.000
-0.180,-0.019,0.032,2.774,-6.000,1.120,624980953.000
-0.178,-0.026,0.029,2.750,-6.021,1.111,624981053.000
-0.180,-0.024,0.032,2.730,-6.024,1.129,624981153.000
-0.180,-0.024,0.027,2.716,-6.017,1.129,624981252.000
-0.178,-0.021,0.037,2.766,-6.044,1.129,624981352.000
-0.178,-0.021,0.032,2.753,-6.037,1.129,624981452.000
-0.180,-0.019,0.034,2.760,-6.040,1.147,624981553.000
-0.180,-0.022,0.032,2.745,-6.073,1.138,624981652.000
-0.182,-0.026,0.029,2.695,-6.044,1.137,624981753.000
-0.180,-0.019,0.029,2.746,-6.033,1.119,624981853.000
-0.182,-0.020,0.037,2.738,-6.068,1.156,624981952.000
-0.180,-0.024,0.027,2.689,-6.065,1.128,624982052.000
-0.180,-0.027,0.032,2.673,-6.097,1.119,624982152.000
-0.180,-0.022,0.034,2.731,-6.113,1.110,624982252.000
-0.184,-0.019,0.029,2.718,-6.104,1.118,624982353.000
-0.184,-0.022,0.034,2.703,-6.088,1.164,624982452.000
-0.187,-0.020,0.034,2.683,-6.075,1.155,624982552.000
-0.182,-0.020,0.027,2.670,-6.126,1.127,624982653.000
-0.182,-0.018,0.032,2.726,-6.133,1.137,624982752.000
-0.180,-0.019,0.027,2.678,-6.139,1.146,624982853.000
-0.180,-0.022,0.039,2.676,-6.145,1.137,624982952.000
-0.187,-0.020,0.034,2.669,-6.100,1.127,624983053.000
-0.189,-0.024,0.032,2.673,-6.119,1.127,624983153.000
-0.184,-0.022,0.029,2.634,-6.178,1.135,624983252.000
-0.186,-0.015,0.034,2.699,-6.148,1.145,624983353.000
-0.182,-0.018,0.029,2.671,-6.166,1.108,624983453.000
-0.178,-0.018,0.034,2.685,-6.199,1.136,624983553.000
-0.186,-0.020,0.032,2.641,-6.181,1.126,624983653.000
-0.182,-0.018,0.034,2.657,-6.174,1.136,624983752.000
-0.188,-0.016,0.032,2.664,-6.168,1.126,624983853.000
-0.184,-0.016,0.029,2.637,-6.178,1.126,624983953.000
-0.182,-0.018,0.029,2.630,-6.191,1.135,624984052.000
-0.184,-0.019,0.024,2.622,-6.195,1.117,624984152.000
-0.182,-0.018,0.032,2.629,-6.255,1.135,624984252.000
-0.184,-0.016,0.032,2.637,-6.242,1.125,624984353.000
-0.184,-0.019,0.039,2.607,-6.218,1.144,624984452.000
-0.184,-0.016,0.034,2.595,-6.235,1.153,624984552.000
-0.186,-0.012,0.031,2.673,-6.205,1.153,624984652.000
-0.180,-0.019,0.032,2.622,-6.268,1.144,624984752.000
-0.184,-0.016,0.027,2.609,-6.259,1.125,624984853.000
-0.188,-0.014,0.029,2.624,-6.250,1.134,624984952.000
-0.184,-0.011,0.034,2.626,-6.283,1.143,624985052.000
-0.186,-0.015,0.029,2.589,-6.263,1.143,624985153.000
-0.182,-0.012,0.029,2.591,-6.313,1.125,624985252.000
-0.186,-0.015,0.029,2.575,-6.287,1.143,624985352.000
-0.184,-0.014,0.031,2.569,-6.292,1.134,624985452.000
-0.184,-0.014,0.034,2.514,-6.308,1.133,624985553.000
-0.188,-0.016,0.031,2.499,-6.315,1.151,624985652.000
-0.188,-0.014,0.034,2.527,-6.307,1.132,624985752.000
-0.186,-0.010,0.031,2.509,-6.328,1.160,624985852.000
-0.188,-0.011,0.029,2.515,-6.324,1.114,624985952.000
-0.184,-0.006,0.036,2.518,-6.349,1.132,624986052.000
-0.188,-0.006,0.034,2.504,-6.332,1.132,624986152.000
-0.186,-0.010,0.031,2.467,-6.401,1.104,624986252.000
-0.186,-0.004,0.031,2.498,-6.401,1.122,624986352.000
-0.190,-0.007,0.041,2.453,-6.343,1.113,624986452.000
-0.186,-0.004,0.034,2.456,-6.394,1.122,624986551.000
-0.186,-0.012,0.031,2.425,-6.402,1.150,624986652.000
-0.188,-0.008,0.031,2.406,-6.414,1.121,624986752.000
-0.188,-0.006,0.036,2.434,-6.373,1.131,624986852.000
-0.190,-0.007,0.031,2.427,-6.425,1.112,624986952.000
-0.190,-0.004,0.036,2.414,-6.409,1.121,624987051.000
-0.186,-0.009,0.036,2.356,-6.434,1.103,624987151.000
-0.188,-0.008,0.029,2.392,-6.422,1.121,624987251.000
-0.188,-0.006,0.031,2.393,-6.462,1.130,624987351.000
-0.192,-0.000,0.036,2.395,-6.421,1.120,624987451.000
-0.188,-0.008,0.034,2.364,-6.454,1.120,624987552.000
-0.190,0.003,0.031,2.446,-6.450,1.120,624987652.000
-0.188,-0.005,0.036,2.324,-6.471,1.129,624987751.000
-0.192,-0.003,0.034,2.366,-6.429,1.138,624987851.000
-0.188,-0.000,0.029,2.354,-6.471,1.092,624987951.000
-0.190,0.001,0.024,2.376,-6.451,1.110,624988052.000
-0.192,-0.000,0.031,2.354,-6.462,1.119,624988151.000
-0.190,0.001,0.034,2.348,-6.466,1.110,624988252.000
-0.190,0.001,0.034,2.334,-6.491,1.110,624988351.000
-0.187,0.002,0.031,2.328,-6.512,1.128,624988451.000
-0.190,-0.002,0.036,2.318,-6.507,1.101,624988552.000
-0.190,0.001,0.034,2.320,-6.515,1.137,624988652.000
-0.192,-0.003,0.026,2.284,-6.479,1.109,624988752.000
-0.190,-0.001,0.034,2.278,-6.515,1.128,624988851.000
-0.192,0.002,0.036,2.286,-6.495,1.128,624988952.000
-0.187,0.002,0.034,2.273,-6.577,1.127,624989052.000
-0.189,0.004,0.031,2.308,-6.548,1.118,624989153.000
-0.192,-0.000,0.034,2.257,-6.551,1.118,624989253.000
-0.187,-0.000,0.034,2.244,-6.553,1.118,624989353.000
-0.192,-0.000,0.036,2.243,-6.543,1.118,624989452.000
-0.192,0.002,0.031,2.259,-6.560,1.127,624989553.000
-0.192,0.002,0.036,2.245,-6.568,1.127,624989653.000
-0.189,0.001,0.036,2.237,-6.580,1.136,624989753.000
-0.189,0.006,0.036,2.268,-6.580,1.127,624989853.000
-0.187,0.003,0.036,2.218,-6.593,1.127,624989952.000
-0.189,0.004,0.036,2.239,-6.605,1.117,624990053.000
-0.191,0.005,0.036,2.246,-6.592,1.108,624990152.000
-0.185,0.009,0.031,2.242,-6.647,1.108,624990253.000
-0.194,0.004,0.036,2.224,-6.604,1.117,624990353.000
-0.194,0.006,0.034,2.225,-6.612,1.098,624990452.000
-0.189,0.006,0.034,2.240,-6.613,1.126,624990553.000
-0.191,0.003,0.038,2.203,-6.608,1.126,624990653.000
-0.191,0.010,0.041,2.234,-6.649,1.125,624990753.000
-0.189,0.009,0.039,2.227,-6.645,1.107,624990853.000
-0.191,0.005,0.036,2.191,-6.641,1.135,624990952.000
-0.196,0.003,0.033,2.147,-6.648,1.097,624991052.000
-0.191,0.008,0.041,2.205,-6.673,1.116,624991153.000
-0.193,0.006,0.033,2.198,-6.661,1.125,624991253.000
-0.196,0.005,0.038,2.148,-6.656,1.106,624991353.000
-0.193,0.004,0.031,2.114,-6.670,1.115,624991453.000
-0.193,0.009,0.033,2.144,-6.686,1.106,624991552.000
-0.189,0.012,0.036,2.160,-6.727,1.115,624991653.000
-0.191,0.008,0.038,2.123,-6.706,1.115,624991752.000
-0.191,0.010,0.031,2.138,-6.707,1.096,624991852.000
-0.193,0.012,0.038,2.159,-6.718,1.115,624991953.000
-0.195,0.005,0.038,2.093,-6.705,1.105,624992052.000
-0.195,0.016,0.043,2.140,-6.713,1.142,624992152.000
-0.193,0.012,0.036,2.132,-6.750,1.114,624992252.000
-0.193,0.012,0.041,2.131,-6.734,1.114,624992352.000
-0.193,0.014,0.041,2.147,-6.734,1.124,624992452.000
-0.195,0.013,0.036,2.125,-6.762,1.104,624992553.000
-0.195,0.008,0.036,2.081,-6.738,1.114,624992653.000
-0.198,0.012,0.036,2.103,-6.725,1.114,624992752.000
-0.200,0.016,0.036,2.140,-6.737,1.113,624992852.000
-0.195,0.016,0.033,2.127,-6.771,1.113,624992952.000
-0.197,0.009,0.031,2.075,-6.766,1.104,624993053.000
-0.193,0.014,0.031,2.106,-6.792,1.123,624993153.000
-0.193,0.012,0.038,2.062,-6.791,1.113,624993253.000
-0.195,0.013,0.036,2.084,-6.787,1.104,624993353.000
-0.195,0.013,0.036,2.084,-6.787,1.132,624993452.000
-0.197,0.014,0.038,2.050,-6.766,1.122,624993552.000
-0.195,0.013,0.033,2.070,-6.795,1.131,624993652.000
-0.197,0.017,0.036,2.065,-6.799,1.103,624993753.000
-0.195,0.013,0.028,2.057,-6.788,1.104,624993853.000
-0.195,0.018,0.038,2.100,-6.827,1.122,624993953.000
-0.195,0.013,0.036,2.043,-6.811,1.131,624994053.000
-0.197,0.015,0.033,2.036,-6.807,1.121,624994152.000
-0.193,0.017,0.033,2.024,-6.833,1.103,624994252.000
-0.197,0.015,0.038,2.036,-6.839,1.121,624994352.000
-0.197,0.017,0.036,2.037,-6.848,1.130,624994452.000
-0.195,0.016,0.036,1.988,-6.836,1.112,624994552.000
-0.195,0.016,0.033,2.017,-6.869,1.139,624994652.000
-0.195,0.016,0.036,2.030,-6.860,1.112,624994753.000
-0.193,0.015,0.036,1.981,-6.898,1.121,624994852.000
-0.197,0.017,0.041,1.995,-6.855,1.102,624994952.000
-0.195,0.019,0.036,1.990,-6.861,1.121,624995052.000
-0.199,0.016,0.033,1.988,-6.843,1.111,624995153.000
-0.195,0.016,0.036,1.961,-6.885,1.111,624995252.000
-0.199,0.019,0.041,2.003,-6.891,1.120,624995352.000
-0.197,0.015,0.033,1.953,-6.905,1.120,624995453.000
-0.197,0.020,0.033,1.983,-6.905,1.111,624995552.000
-0.199,0.016,0.033,1.960,-6.892,1.110,624995652.000
-0.199,0.021,0.033,1.977,-6.917,1.101,624995753.000
-0.201,0.020,0.036,1.983,-6.895,1.110,624995853.000
-0.197,0.017,0.036,1.927,-6.897,1.129,624995952.000
-0.199,0.019,0.038,1.947,-6.924,1.092,624996052.000
-0.197,0.020,0.036,1.942,-6.946,1.110,624996152.000
-0.197,0.020,0.038,1.942,-6.961,1.110,624996252.000
-0.201,0.022,0.041,1.942,-6.928,1.119,624996352.000
-0.199,0.021,0.036,1.922,-6.933,1.128,624996453.000
-0.199,0.021,0.036,1.908,-6.957,1.100,624996552.000
-0.199,0.021,0.033,1.936,-6.941,1.128,624996653.000
-0.197,0.023,0.038,1.957,-6.961,1.119,624996753.000
-0.199,0.016,0.036,1.891,-6.982,1.109,624996852.000
-0.197,0.017,0.033,1.872,-6.979,1.128,624996953.000
-0.197,0.022,0.036,1.915,-6.970,1.091,624997053.000
-0.201,0.023,0.036,1.901,-6.969,1.118,624997152.000
-0.199,0.021,0.040,1.894,-6.965,1.128,624997252.000
-0.199,0.021,0.036,1.894,-6.982,1.100,624997352.000
-0.203,0.021,0.036,1.879,-6.981,1.099,624997453.000
-0.201,0.023,0.038,1.874,-6.985,1.118,624997553.000
-0.199,0.021,0.035,1.853,-7.007,1.127,624997653.000
-0.197,0.025,0.040,1.862,-7.027,1.127,624997753.000
-0.197,0.028,0.033,1.877,-7.028,1.108,624997853.000
-0.197,0.023,0.038,1.860,-7.035,1.118,624997952.000
-0.201,0.025,0.040,1.861,-7.002,1.126,624998052.000
-0.197,0.023,0.038,1.847,-7.060,1.117,624998152.000
-0.203,0.024,0.038,1.853,-7.021,1.108,624998252.000
-0.199,0.021,0.038,1.811,-7.047,1.099,624998352.000
-0.199,0.024,0.038,1.854,-7.047,1.108,624998452.000
-0.203,0.029,0.043,1.842,-7.029,1.098,624998552.000
-0.201,0.023,0.038,1.805,-7.059,1.116,624998652.000
-0.203,0.029,0.040,1.842,-7.062,1.125,624998752.000
-0.199,0.027,0.040,1.841,-7.063,1.117,624998852.000
-0.199,0.027,0.043,1.813,-7.079,1.116,624998952.000
-0.205,0.028,0.035,1.848,-7.041,1.107,624999053.000
-0.201,0.028,0.040,1.821,-7.051,1.135,624999152.000
-0.201,0.028,0.038,1.821,-7.083,1.107,624999252.000
-0.203,0.029,0.038,1.814,-7.095,1.097,624999353.000
-0.201,0.025,0.035,1.779,-7.116,1.125,624999453.000
-0.199,0.029,0.040,1.801,-7.112,1.125,624999553.000
-0.203,0.029,0.033,1.801,-7.087,1.097,624999652.000
-0.205,0.031,0.033,1.809,-7.075,1.115,624999752.000
-0.203,0.029,0.043,1.801,-7.103,1.125,624999852.000
-0.201,0.025,0.040,1.764,-7.124,1.125,624999953.000
-0.203,0.034,0.040,1.831,-7.135,1.087,625000053.000
-0.201,0.033,0.040,1.796,-7.100,1.125,625000152.000
-0.203,0.029,0.038,1.746,-7.120,1.124,625000252.000
-0.201,0.028,0.033,1.752,-7.125,1.106,625000353.000
-0.203,0.029,0.038,1.732,-7.144,1.124,625000452.000
-0.201,0.033,0.040,1.769,-7.148,1.124,625000553.000
-0.205,0.031,0.040,1.726,-7.123,1.142,625000652.000
-0.201,0.031,0.040,1.767,-7.172,1.115,625000753.000
-0.205,0.033,0.035,1.727,-7.164,1.123,625000853.000
-0.203,0.032,0.038,1.706,-7.169,1.132,625000952.000
-0.200,0.031,0.040,1.726,-7.197,1.114,625001053.000
-0.203,0.032,0.035,1.733,-7.201,1.105,625001152.000
-0.203,0.035,0.040,1.748,-7.184,1.114,625001252.000
-0.203,0.032,0.035,1.706,-7.201,1.104,625001352.000
-0.203,0.035,0.038,1.707,-7.193,1.114,625001453.000
-0.202,0.035,0.038,1.721,-7.217,1.114,625001552.000
-0.207,0.037,0.033,1.694,-7.184,1.094,625001652.000
-0.202,0.032,0.030,1.678,-7.218,1.104,625001753.000
-0.202,0.032,0.038,1.678,-7.217,1.104,625001853.000
-0.202,0.037,0.035,1.694,-7.226,1.095,625001952.000
-0.202,0.032,0.038,1.664,-7.242,1.104,625002052.000
-0.202,0.037,0.038,1.708,-7.217,1.095,625002153.000
-0.205,0.038,0.035,1.674,-7.213,1.085,625002253.000
-0.205,0.039,0.038,1.702,-7.229,1.113,625002352.000
-0.207,0.035,0.030,1.651,-7.217,1.085,625002452.000
-0.202,0.037,0.040,1.667,-7.258,1.122,625002552.000
-0.202,0.032,0.038,1.623,-7.266,1.103,625002653.000
-0.205,0.036,0.043,1.631,-7.261,1.103,625002752.000
-0.204,0.036,0.033,1.632,-7.246,1.103,625002853.000
-0.207,0.035,0.035,1.624,-7.249,1.112,625002953.000
-0.200,0.039,0.038,1.647,-7.304,1.112,625003052.000
-0.204,0.039,0.035,1.633,-7.287,1.112,625003152.000
-0.204,0.036,0.040,1.603,-7.294,1.102,625003252.000
-0.209,0.039,0.040,1.604,-7.245,1.111,625003353.000
-0.202,0.035,0.033,1.596,-7.308,1.084,625003452.000
-0.209,0.039,0.035,1.619,-7.286,1.111,625003552.000
-0.207,0.037,0.043,1.583,-7.298,1.120,625003653.000
-0.204,0.039,0.043,1.605,-7.335,1.111,625003753.000
-0.207,0.037,0.038,1.569,-7.290,1.093,625003853.000
-0.206,0.043,0.035,1.628,-7.323,1.111,625003952.000
-0.204,0.041,0.038,1.607,-7.327,1.120,625004053.000
-0.202,0.043,0.040,1.600,-7.332,1.111,625004152.000
-0.206,0.037,0.040,1.555,-7.331,1.092,625004252.000
-0.202,0.038,0.038,1.570,-7.364,1.120,625004352.000
-0.209,0.039,0.038,1.549,-7.326,1.110,625004452.000
-0.206,0.040,0.040,1.571,-7.331,1.129,625004553.000
-0.204,0.039,0.040,1.550,-7.368,1.110,625004653.000
-0.206,0.043,0.038,1.586,-7.363,1.110,625004752.000
-0.208,0.044,0.047,1.565,-7.366,1.101,625004852.000
-0.204,0.044,0.045,1.566,-7.376,1.129,625004953.000
-0.208,0.039,0.037,1.522,-7.375,1.109,625005052.000
-0.206,0.040,0.033,1.544,-7.380,1.101,625005153.000
-0.206,0.043,0.043,1.544,-7.371,1.110,625005252.000
-0.204,0.039,0.035,1.495,-7.385,1.110,625005352.000
-0.211,0.037,0.038,1.514,-7.362,1.091,625005452.000
-0.204,0.047,0.035,1.527,-7.409,1.109,625005552.000
-0.211,0.045,0.037,1.546,-7.387,1.118,625005652.000
-0.206,0.043,0.038,1.531,-7.412,1.082,625005752.000
-0.211,0.040,0.037,1.488,-7.387,1.100,625005852.000
-0.206,0.045,0.042,1.518,-7.396,1.118,625005952.000
-0.210,0.040,0.037,1.474,-7.411,1.099,625006052.000
-0.213,0.044,0.047,1.509,-7.389,1.099,625006152.000
-0.206,0.046,0.045,1.505,-7.436,1.146,625006253.000
-0.206,0.043,0.038,1.489,-7.437,1.081,625006353.000
-0.210,0.043,0.037,1.475,-7.436,1.108,625006453.000
-0.208,0.044,0.045,1.483,-7.448,1.127,625006554.000
-0.210,0.045,0.040,1.490,-7.452,1.117,625006654.000
-0.210,0.045,0.035,1.504,-7.444,1.117,625006753.000
-0.206,0.043,0.042,1.462,-7.469,1.108,625006853.000
-0.208,0.047,0.042,1.484,-7.456,1.136,625006953.000
-0.210,0.043,0.042,1.447,-7.468,1.108,625007054.000
-0.208,0.044,0.037,1.442,-7.473,1.099,625007154.000
-0.208,0.044,0.045,1.441,-7.473,1.126,625007253.000
-0.210,0.045,0.037,1.449,-7.460,1.117,625007353.000
-0.210,0.046,0.040,1.449,-7.476,1.117,625007453.000
-0.212,0.049,0.035,1.472,-7.480,1.116,625007554.000
-0.208,0.047,0.040,1.429,-7.489,1.107,625007653.000
-0.206,0.051,0.042,1.493,-7.542,1.108,625007753.000
-0.208,0.049,0.042,1.472,-7.554,1.116,625007854.000
-0.208,0.044,0.042,1.427,-7.529,1.098,625007954.000
-0.210,0.048,0.040,1.437,-7.525,1.125,625008053.000
-0.210,0.046,0.040,1.421,-7.525,1.116,625008153.000
-0.210,0.051,0.037,1.438,-7.534,1.107,625008253.000
-0.210,0.048,0.040,1.409,-7.525,1.125,625008353.000
-0.208,0.047,0.037,1.388,-7.547,1.107,625008453.000
-0.210,0.048,0.045,1.395,-7.533,1.125,625008554.000
-0.210,0.051,0.045,1.410,-7.533,1.134,625008654.000
-0.214,0.048,0.042,1.408,-7.516,1.124,625008754.000
-0.210,0.048,0.045,1.395,-7.582,1.124,625008853.000
-0.210,0.048,0.042,1.395,-7.566,1.125,625008953.000
-0.212,0.052,0.042,1.390,-7.553,1.124,625009053.000
-0.214,0.048,0.042,1.380,-7.565,1.096,625009153.000
-0.212,0.050,0.042,1.388,-7.577,1.115,625009254.000
-0.208,0.052,0.045,1.417,-7.594,1.097,625009353.000
-0.212,0.052,0.042,1.403,-7.577,1.096,625009453.000
-0.208,0.050,0.037,1.362,-7.620,1.115,625009553.000
-0.210,0.053,0.037,1.412,-7.607,1.115,625009653.000
-0.210,0.051,0.047,1.368,-7.622,1.105,625009753.000
-0.210,0.053,0.037,1.384,-7.607,1.087,625009853.000
-0.212,0.050,0.042,1.347,-7.602,1.114,625009953.000
-0.212,0.052,0.045,1.390,-7.618,1.124,625010053.000
-0.212,0.052,0.042,1.348,-7.626,1.123,625010153.000
-0.210,0.056,0.040,1.385,-7.647,1.123,625010254.000
-0.212,0.050,0.040,1.347,-7.635,1.114,625010353.000
-0.210,0.048,0.040,1.340,-7.647,1.096,625010454.000
-0.212,0.052,0.045,1.321,-7.643,1.123,625010554.000
-0.212,0.055,0.037,1.364,-7.643,1.132,625010654.000
-0.210,0.054,0.037,1.357,-7.656,1.114,625010753.000
-0.207,0.052,0.035,1.349,-7.701,1.096,625010853.000
-0.214,0.051,0.040,1.327,-7.671,1.104,625010954.000
-0.212,0.052,0.045,1.348,-7.691,1.123,625011053.000
-0.212,0.052,0.045,1.362,-7.666,1.123,625011153.000
-0.212,0.050,0.042,1.319,-7.699,1.113,625011253.000
-0.212,0.055,0.040,1.336,-7.708,1.131,625011353.000
-0.216,0.057,0.050,1.350,-7.697,1.113,625011453.000
-0.216,0.055,0.042,1.307,-7.698,1.103,625011553.000
-0.212,0.052,0.040,1.307,-7.732,1.122,625011653.000
-0.214,0.054,0.040,1.301,-7.695,1.140,625011754.000
-0.212,0.058,0.045,1.351,-7.740,1.113,625011854.000
-0.214,0.056,0.040,1.330,-7.719,1.122,625011953.000
-0.214,0.054,0.045,1.286,-7.703,1.113,625012054.000
-0.214,0.056,0.042,1.301,-7.736,1.094,625012153.000
-0.214,0.056,0.045,1.288,-7.727,1.121,625012253.000
-0.218,0.051,0.042,1.243,-7.710,1.102,625012353.000
-0.212,0.052,0.040,1.293,-7.757,1.122,625012453.000
-0.216,0.055,0.037,1.280,-7.715,1.103,625012554.000
-0.214,0.059,0.050,1.303,-7.759,1.130,625012653.000
-0.216,0.058,0.037,1.282,-7.740,1.112,625012752.000
-0.212,0.052,0.045,1.252,-7.765,1.121,625012852.000
-0.216,0.052,0.044,1.251,-7.739,1.121,625012953.000
-0.212,0.055,0.040,1.295,-7.781,1.131,625013052.000
-0.212,0.058,0.037,1.269,-7.790,1.112,625013152.000
-0.218,0.061,0.037,1.318,-7.751,1.111,625013253.000
-0.214,0.054,0.042,1.259,-7.784,1.139,625013352.000
-0.214,0.056,0.042,1.275,-7.784,1.148,625013452.000
-0.216,0.055,0.040,1.253,-7.780,1.130,625013554.000
-0.216,0.058,0.050,1.281,-7.771,1.111,625013652.000
-0.216,0.058,0.040,1.281,-7.804,1.111,625013752.000
-0.216,0.058,0.042,1.295,-7.796,1.111,625013852.000
-0.214,0.056,0.045,1.246,-7.801,1.120,625013952.000
-0.214,0.056,0.045,1.246,-7.801,1.120,625014052.000
-0.216,0.058,0.045,1.240,-7.812,1.111,625014152.000
-0.218,0.059,0.044,1.247,-7.800,1.129,625014252.000
-0.218,0.059,0.037,1.275,-7.800,1.129,625014352.000
-0.216,0.060,0.042,1.241,-7.821,1.120,625014453.000
-0.216,0.058,0.047,1.240,-7.828,1.111,625014552.000
-0.218,0.056,0.039,1.247,-7.840,1.147,625014653.000
-0.218,0.059,0.049,1.233,-7.856,1.128,625014753.000
-0.220,0.055,0.042,1.197,-7.820,1.128,625014853.000
-0.216,0.063,0.042,1.243,-7.845,1.129,625014953.000
-0.213,0.062,0.047,1.249,-7.865,1.110,625015053.000
-0.220,0.060,0.037,1.214,-7.861,1.119,625015153.000
-0.218,0.059,0.044,1.220,-7.848,1.128,625015253.000
-0.216,0.063,0.042,1.229,-7.869,1.128,625015352.000
-0.222,0.059,0.047,1.219,-7.839,1.128,625015453.000
-0.218,0.062,0.044,1.235,-7.897,1.137,625015553.000
-0.220,0.058,0.044,1.225,-7.860,1.110,625015652.000
-0.218,0.064,0.044,1.250,-7.897,1.119,625015753.000
-0.213,0.059,0.042,1.193,-7.907,1.128,625015853.000
-0.216,0.060,0.047,1.214,-7.901,1.147,625015952.000
-0.215,0.060,0.039,1.186,-7.902,1.119,625016052.000
-0.222,0.059,0.042,1.178,-7.880,1.127,625016152.000
-0.218,0.059,0.039,1.192,-7.914,1.128,625016252.000
-0.220,0.058,0.042,1.184,-7.868,1.109,625016353.000
-0.220,0.063,0.047,1.214,-7.900,1.127,625016453.000
-0.218,0.064,0.044,1.236,-7.921,1.146,625016553.000
-0.220,0.063,0.049,1.187,-7.916,1.127,625016653.000
-0.215,0.060,0.044,1.186,-7.934,1.118,625016753.000
-0.217,0.067,0.039,1.197,-7.938,1.127,625016852.000
-0.220,0.063,0.042,1.173,-7.942,1.127,625016953.000
-0.220,0.060,0.042,1.186,-7.941,1.118,625017052.000
-0.220,0.061,0.042,1.186,-7.941,1.145,625017152.000
-0.218,0.062,0.044,1.166,-7.922,1.136,625017252.000
-0.220,0.066,0.047,1.188,-7.925,1.136,625017352.000
-0.215,0.063,0.039,1.202,-7.999,1.127,625017452.000
-0.220,0.060,0.047,1.144,-7.949,1.117,625017553.000
-0.217,0.064,0.044,1.167,-7.995,1.117,625017652.000
-0.217,0.064,0.042,1.126,-8.003,1.117,625017753.000
-0.222,0.064,0.044,1.153,-7.945,1.145,625017852.000
-0.222,0.064,0.047,1.167,-7.985,1.144,625017952.000
-0.217,0.067,0.047,1.182,-8.010,1.126,625018052.000
-0.219,0.066,0.044,1.161,-8.006,1.135,625018152.000
-0.220,0.063,0.044,1.173,-7.957,1.127,625018252.000
-0.219,0.066,0.044,1.161,-8.006,1.135,625018353.000
-0.217,0.065,0.042,1.140,-8.027,1.144,625018452.000
-0.217,0.065,0.044,1.154,-8.019,1.145,625018553.000
-0.219,0.066,0.042,1.161,-8.039,1.135,625018653.000
-0.222,0.067,0.047,1.168,-8.010,1.153,625018753.000
-0.224,0.066,0.044,1.160,-7.981,1.135,625018852.000
-0.217,0.065,0.044,1.126,-8.019,1.144,625018953.000
-0.217,0.062,0.044,1.111,-8.068,1.135,625019053.000
-0.219,0.066,0.042,1.161,-8.039,1.135,625019152.000
-0.222,0.059,0.039,1.095,-8.010,1.125,625019253.000
-0.221,0.070,0.042,1.169,-8.050,1.107,625019352.000
-0.219,0.071,0.039,1.164,-8.072,1.125,625019453.000
-0.224,0.066,0.047,1.146,-8.021,1.134,625019553.000
-0.221,0.067,0.044,1.126,-8.067,1.125,625019652.000
-0.221,0.067,0.042,1.127,-8.051,1.125,625019752.000
-0.221,0.067,0.042,1.127,-8.051,1.125,625019853.000
-0.219,0.066,0.047,1.105,-8.071,1.134,625019953.000
-0.221,0.062,0.044,1.096,-8.067,1.106,625020052.000
-0.221,0.067,0.052,1.098,-8.066,1.125,625020152.000
-0.224,0.066,0.042,1.105,-8.062,1.134,625020252.000
-0.224,0.066,0.047,1.091,-8.070,1.133,625020352.000
-0.221,0.065,0.047,1.111,-8.083,1.143,625020453.000
-0.224,0.066,0.044,1.091,-8.103,1.161,625020553.000
-0.224,0.063,0.044,1.076,-8.103,1.152,625020653.000
-0.221,0.070,0.042,1.101,-8.075,1.134,625020753.000
-0.224,0.063,0.052,1.076,-8.102,1.152,625020853.000
-0.221,0.067,0.039,1.099,-8.132,1.124,625020952.000
-0.221,0.070,0.042,1.128,-8.124,1.133,625021053.000
-0.221,0.070,0.047,1.114,-8.131,1.133,625021153.000
-0.221,0.067,0.044,1.085,-8.140,1.124,625021253.000
-0.226,0.072,0.047,1.101,-8.106,1.142,625021352.000
-0.223,0.069,0.042,1.107,-8.135,1.142,625021452.000
-0.223,0.071,0.042,1.094,-8.136,1.123,625021552.000
-0.223,0.069,0.044,1.079,-8.152,1.142,625021653.000
-0.221,0.070,0.042,1.073,-8.173,1.160,625021752.000
-0.226,0.072,0.042,1.074,-8.123,1.141,625021852.000
-0.223,0.071,0.049,1.094,-8.183,1.151,625021952.000
-0.226,0.072,0.049,1.115,-8.146,1.142,625022052.000
-0.226,0.065,0.047,1.056,-8.155,1.141,625022153.000
-0.221,0.070,0.049,1.072,-8.172,1.133,625022252.000
-0.226,0.067,0.047,1.043,-8.155,1.150,625022352.000
-0.223,0.074,0.044,1.095,-8.176,1.132,625022453.000
-0.223,0.071,0.049,1.080,-8.208,1.150,625022552.000
-0.221,0.070,0.047,1.059,-8.180,1.160,625022652.000
-0.230,0.067,0.042,1.071,-8.146,1.150,625022753.000
-0.228,0.066,0.044,1.063,-8.175,1.159,625022852.000
-0.223,0.071,0.044,1.053,-8.225,1.150,625022953.000
-0.225,0.067,0.047,1.057,-8.228,1.150,625023053.000
-0.223,0.071,0.047,1.066,-8.216,1.150,625023152.000
-0.230,0.072,0.047,1.059,-8.202,1.140,625023252.000
-0.225,0.070,0.049,1.072,-8.195,1.159,625023352.000
-0.223,0.071,0.044,1.052,-8.225,1.122,625023452.000
-0.225,0.070,0.044,1.045,-8.212,1.159,625023552.000
-0.225,0.073,0.047,1.018,-8.252,1.140,625023653.000
-0.225,0.078,0.044,1.063,-8.261,1.158,625023753.000
-0.227,0.071,0.044,1.011,-8.272,1.149,625023852.000
-0.227,0.071,0.046,0.997,-8.264,1.149,625023953.000
-0.227,0.076,0.044,1.027,-8.248,1.140,625024054.000
-0.227,0.071,0.046,1.011,-8.240,1.177,625024154.000
-0.229,0.075,0.044,1.005,-8.260,1.148,625024254.000
-0.229,0.075,0.044,1.005,-8.260,1.148,625024353.000
-0.229,0.075,0.044,1.005,-8.260,1.148,625024453.000
-0.229,0.075,0.041,1.019,-8.268,1.148,625024554.000
-0.227,0.071,0.039,0.997,-8.265,1.121,625024653.000
-0.227,0.074,0.044,0.984,-8.297,1.130,625024753.000
-0.225,0.075,0.046,1.020,-8.325,1.148,625024853.000
-0.227,0.074,0.044,0.985,-8.297,1.157,625024953.000
-0.223,0.077,0.044,1.000,-8.323,1.167,625025054.000
-0.227,0.074,0.044,0.970,-8.321,1.129,625025153.000
-0.227,0.074,0.041,0.998,-8.305,1.157,625025253.000
-0.229,0.078,0.046,0.979,-8.301,1.157,625025354.000
-0.227,0.077,0.049,0.999,-8.329,1.166,625025453.000
-0.227,0.079,0.049,1.014,-8.329,1.148,625025554.000
-0.225,0.078,0.046,1.007,-8.326,1.157,625025653.000
-0.227,0.074,0.046,0.970,-8.337,1.157,625025754.000
-0.231,0.077,0.041,0.972,-8.304,1.166,625025853.000
-0.227,0.077,0.044,0.972,-8.346,1.138,625025954.000
-0.231,0.074,0.046,0.970,-8.312,1.129,625026054.000
-0.227,0.077,0.049,0.958,-8.354,1.166,625026154.000
-0.229,0.073,0.044,0.949,-8.333,1.166,625026254.000
-0.225,0.075,0.046,0.978,-8.350,1.148,625026354.000
-0.229,0.073,0.041,0.963,-8.341,1.166,625026454.000
-0.227,0.077,0.046,1.013,-8.386,1.166,625026554.000
-0.229,0.078,0.044,0.952,-8.382,1.156,625026653.000
-0.231,0.077,0.049,0.971,-8.352,1.138,625026753.000
-0.227,0.079,0.051,0.987,-8.394,1.175,625026854.000
-0.227,0.077,0.044,0.958,-8.419,1.165,625026953.000
-0.225,0.073,0.046,0.936,-8.399,1.166,625027053.000
-0.231,0.077,0.046,0.957,-8.361,1.137,625027153.000
-0.231,0.074,0.046,0.956,-8.385,1.156,625027254.000
-0.231,0.077,0.049,0.957,-8.377,1.137,625027354.000
-0.225,0.078,0.046,0.966,-8.447,1.156,625027454.000
-0.229,0.078,0.046,0.951,-8.398,1.156,625027554.000
-0.227,0.077,0.044,0.944,-8.443,1.137,625027654.000
-0.227,0.082,0.036,0.989,-8.419,1.156,625027754.000
-0.229,0.073,0.051,0.935,-8.405,1.165,625027854.000
-0.229,0.081,0.046,0.994,-8.398,1.165,625027953.000
-0.227,0.077,0.039,0.931,-8.436,1.165,625028053.000
-0.231,0.074,0.044,0.929,-8.418,1.155,625028154.000
-0.229,0.078,0.044,0.965,-8.406,1.156,625028253.000
-0.229,0.078,0.044,0.966,-8.406,1.183,625028354.000
-0.227,0.074,0.041,0.915,-8.451,1.128,625028453.000
-0.231,0.079,0.049,0.958,-8.401,1.146,625028553.000
-0.225,0.078,0.039,0.925,-8.473,1.156,625028654.000
-0.231,0.079,0.046,0.945,-8.409,1.174,625028754.000
-0.231,0.077,0.046,0.916,-8.434,1.164,625028853.000
-0.231,0.077,0.041,0.916,-8.402,1.137,625028953.000
-0.229,0.081,0.051,0.939,-8.430,1.192,625029054.000
-0.233,0.081,0.046,0.952,-8.397,1.164,625029153.000
-0.227,0.079,0.039,0.918,-8.484,1.146,625029253.000
-0.233,0.081,0.046,0.925,-8.397,1.164,625029353.000
-0.229,0.078,0.041,0.897,-8.463,1.155,625029454.000
-0.229,0.081,0.041,0.912,-8.463,1.164,625029553.000
-0.231,0.077,0.046,0.889,-8.434,1.164,625029654.000
-0.227,0.082,0.046,0.933,-8.435,1.155,625029753.000
-0.231,0.077,0.041,0.889,-8.451,1.164,625029854.000
-0.235,0.074,0.044,0.887,-8.417,1.154,625029954.000
-0.233,0.078,0.051,0.923,-8.453,1.155,625030053.000
-0.227,0.077,0.044,0.889,-8.444,1.164,625030154.000
-0.236,0.079,0.054,0.930,-8.408,1.145,625030253.000
-0.233,0.081,0.041,0.925,-8.462,1.163,625030354.000
-0.229,0.078,0.044,0.924,-8.479,1.155,625030454.000
-0.233,0.083,0.049,0.926,-8.437,1.173,625030554.000
-0.233,0.083,0.041,0.940,-8.462,1.145,625030654.000
-0.229,0.083,0.051,0.913,-8.455,1.173,625030754.000
-0.229,0.078,0.046,0.910,-8.471,1.183,625030853.000
-0.231,0.077,0.049,0.861,-8.450,1.164,625030954.000
-0.233,0.075,0.049,0.894,-8.461,1.145,625031054.000
-0.231,0.082,0.046,0.932,-8.507,1.154,625031154.000
-0.231,0.082,0.044,0.905,-8.491,1.154,625031254.000
-0.233,0.081,0.049,0.925,-8.461,1.164,625031354.000
-0.229,0.081,0.044,0.884,-8.480,1.164,625031453.000
-0.231,0.077,0.044,0.875,-8.491,1.136,625031554.000
-0.231,0.085,0.046,0.906,-8.483,1.163,625031654.000
-0.235,0.082,0.039,0.933,-8.482,1.181,625031754.000
-0.233,0.081,0.049,0.883,-8.486,1.163,625031853.000
-0.231,0.080,0.046,0.890,-8.507,1.172,625031954.000
-0.229,0.081,0.046,0.898,-8.520,1.163,625032053.000
-0.233,0.081,0.044,0.911,-8.502,1.163,625032154.000
-0.231,0.085,0.044,0.920,-8.540,1.163,625032253.000
-0.233,0.078,0.044,0.868,-8.503,1.154,625032353.000
-0.233,0.076,0.041,0.840,-8.511,1.172,625032453.000
-0.233,0.083,0.041,0.899,-8.535,1.172,625032553.000
-0.233,0.083,0.044,0.899,-8.551,1.172,625032654.000
-0.231,0.082,0.049,0.891,-8.547,1.181,625032754.000
-0.231,0.080,0.044,0.876,-8.564,1.172,625032853.000
-0.235,0.080,0.044,0.848,-8.539,1.171,625032953.000
-0.233,0.086,0.041,0.914,-8.535,1.153,625033054.000
-0.233,0.078,0.046,0.882,-8.543,1.181,625033153.000
-0.233,0.081,0.041,0.884,-8.584,1.162,625033253.000
-0.233,0.076,0.041,0.839,-8.560,1.144,625033353.000
-0.237,0.081,0.046,0.855,-8.542,1.162,625033453.000
-0.233,0.081,0.044,0.870,-8.576,1.162,625033554.000
-0.235,0.082,0.044,0.877,-8.563,1.153,625033653.000
-0.233,0.083,0.041,0.871,-8.584,1.143,625033754.000
-0.235,0.085,0.049,0.906,-8.570,1.162,625033854.000
-0.235,0.082,0.041,0.864,-8.571,1.180,625033954.000
-0.233,0.083,0.046,0.871,-8.567,1.171,625034054.000
-0.233,0.078,0.044,0.841,-8.600,1.153,625034154.000
-0.237,0.083,0.041,0.884,-8.583,1.143,625034254.000
-0.235,0.082,0.046,0.877,-8.579,1.180,625034353.000
-0.233,0.081,0.049,0.856,-8.583,1.190,625034453.000
-0.235,0.085,0.049,0.892,-8.595,1.162,625034554.000
-0.233,0.081,0.049,0.855,-8.632,1.162,625034654.000
-0.237,0.081,0.039,0.842,-8.616,1.161,625034754.000
-0.231,0.085,0.051,0.851,-8.612,1.189,625034854.000
-0.233,0.081,0.041,0.828,-8.633,1.161,625034953.000
-0.235,0.087,0.041,0.880,-8.596,1.143,625035053.000
-0.235,0.085,0.051,0.851,-8.635,1.189,625035153.000
-0.233,0.086,0.049,0.872,-8.608,1.180,625035253.000
-0.237,0.084,0.049,0.871,-8.606,1.198,625035354.000
-0.233,0.084,0.044,0.844,-8.649,1.170,625035453.000
-0.235,0.085,0.054,0.864,-8.627,1.161,625035554.000
-0.237,0.084,0.046,0.843,-8.639,1.170,625035654.000
-0.230,0.087,0.044,0.866,-8.661,1.143,625035754.000
-0.239,0.090,0.049,0.867,-8.618,1.179,625035854.000
-0.233,0.084,0.051,0.815,-8.648,1.170,625035954.000
-0.231,0.085,0.054,0.837,-8.604,1.162,625036054.000
-0.235,0.082,0.046,0.822,-8.531,1.180,625036153.000
-0.235,0.079,0.044,0.848,-8.490,1.144,625036253.000
-0.231,0.080,0.041,0.849,-8.451,1.173,625036353.000
-0.229,0.083,0.044,0.872,-8.431,1.145,625036454.000
-0.225,0.081,0.044,0.885,-8.408,1.165,625036553.000
-0.227,0.077,0.041,0.890,-8.331,1.165,625036653.000
-0.223,0.074,0.044,0.889,-8.299,1.157,625036754.000
-0.223,0.074,0.046,0.929,-8.242,1.130,625036853.000
-0.228,0.074,0.046,0.957,-8.168,1.158,625036954.000
-0.221,0.073,0.046,0.936,-8.133,1.141,625037053.000
-0.219,0.074,0.044,0.972,-8.081,1.160,625037152.000
-0.219,0.071,0.044,0.957,-8.033,1.151,625037254.000
-0.217,0.070,0.047,0.977,-8.013,1.161,625037353.000
-0.217,0.070,0.049,0.991,-7.956,1.162,625037454.000
-0.213,0.070,0.047,1.019,-7.965,1.163,625037552.000
-0.213,0.070,0.044,1.019,-7.901,1.135,625037652.000
-0.213,0.065,0.049,1.030,-7.859,1.145,625037752.000
-0.211,0.066,0.039,1.038,-7.808,1.137,625037854.000
-0.214,0.062,0.044,1.057,-7.754,1.165,625037953.000
-0.209,0.064,0.044,1.072,-7.731,1.147,625038052.000
-0.212,0.063,0.044,1.092,-7.670,1.129,625038152.000
-0.212,0.063,0.042,1.106,-7.629,1.130,625038252.000
-0.210,0.056,0.039,1.096,-7.578,1.149,625038353.000
-0.208,0.058,0.042,1.104,-7.558,1.140,625038452.000
-0.204,0.060,0.044,1.119,-7.550,1.123,625038552.000
-0.208,0.055,0.039,1.103,-7.469,1.132,625038652.000
-0.204,0.060,0.042,1.133,-7.462,1.123,625038753.000
-0.206,0.054,0.042,1.123,-7.400,1.115,625038853.000
-0.202,0.056,0.045,1.152,-7.369,1.125,625038952.000
-0.204,0.055,0.040,1.158,-7.348,1.106,625039052.000
-0.200,0.050,0.042,1.142,-7.317,1.117,625039152.000
-0.198,0.053,0.045,1.165,-7.297,1.117,625039252.000
-0.198,0.048,0.040,1.149,-7.241,1.127,625039353.000
-0.196,0.050,0.045,1.184,-7.236,1.118,625039453.000
-0.196,0.052,0.042,1.186,-7.196,1.128,625039552.000
-0.196,0.052,0.037,1.214,-7.164,1.128,625039653.000
-0.187,0.044,0.040,1.169,-7.183,1.102,625039752.000
-0.198,0.048,0.040,1.232,-7.094,1.101,625039853.000
-0.196,0.044,0.040,1.182,-7.059,1.129,625039953.000
-0.194,0.045,0.045,1.203,-7.079,1.120,625040053.000
-0.192,0.044,0.042,1.196,-7.027,1.103,625040152.000
-0.190,0.045,0.047,1.231,-6.975,1.122,625040253.000
-0.195,0.048,0.045,1.246,-6.933,1.103,625040353.000
-0.190,0.040,0.040,1.229,-6.927,1.104,625040453.000
-0.186,0.043,0.042,1.217,-6.920,1.114,625040552.000
-0.193,0.044,0.040,1.238,-6.841,1.104,625040653.000
-0.191,0.043,0.040,1.271,-6.829,1.087,625040752.000
-0.188,0.044,0.035,1.280,-6.810,1.105,625040853.000
-0.186,0.040,0.042,1.257,-6.774,1.106,625040953.000
-0.184,0.036,0.045,1.248,-6.778,1.134,625041052.000
-0.182,0.035,0.040,1.241,-6.759,1.089,625041153.000
-0.176,0.039,0.043,1.292,-6.764,1.090,625041253.000
-0.182,0.035,0.040,1.282,-6.686,1.090,625041352.000
-0.180,0.033,0.040,1.261,-6.674,1.099,625041452.000
-0.180,0.038,0.040,1.292,-6.626,1.090,625041553.000
-0.180,0.036,0.040,1.276,-6.626,1.081,625041653.000
-0.181,0.036,0.038,1.318,-6.585,1.109,625041754.000
-0.178,0.035,0.040,1.311,-6.565,1.091,625041854.000
-0.176,0.036,0.043,1.319,-6.546,1.110,625041954.000
-0.176,0.033,0.038,1.304,-6.514,1.101,625042053.000
-0.179,0.034,0.040,1.352,-6.492,1.092,625042153.000
-0.181,0.033,0.040,1.317,-6.431,1.101,625042253.000
-0.177,0.030,0.040,1.316,-6.432,1.065,625042354.000
-0.172,0.033,0.040,1.359,-6.457,1.075,625042454.000
-0.177,0.033,0.033,1.331,-6.384,1.075,625042554.000
-0.175,0.032,0.040,1.351,-6.348,1.085,625042654.000
-0.175,0.029,0.035,1.336,-6.316,1.076,625042753.000
-0.173,0.028,0.043,1.343,-6.304,1.086,625042854.000
-0.175,0.032,0.038,1.365,-6.307,1.085,625042953.000
-0.168,0.030,0.038,1.372,-6.273,1.068,625043054.000
-0.169,0.028,0.043,1.357,-6.256,1.087,625043153.000
-0.166,0.029,0.038,1.365,-6.237,1.078,625043254.000
-0.169,0.025,0.040,1.342,-6.192,1.078,625043354.000
-0.167,0.026,0.040,1.363,-6.180,1.069,625043453.000
-0.171,0.026,0.045,1.377,-6.114,1.097,625043554.000
-0.171,0.024,0.040,1.375,-6.057,1.061,625043654.000
-0.167,0.024,0.038,1.376,-6.067,1.061,625043754.000
-0.167,0.026,0.036,1.392,-6.051,1.071,625043854.000
-0.163,0.029,0.038,1.421,-6.068,1.080,625043954.000
-0.161,0.025,0.038,1.399,-6.032,1.081,625044053.000
-0.163,0.024,0.036,1.418,-6.003,1.063,625044153.000
-0.165,0.022,0.041,1.410,-5.974,1.072,625044254.000
-0.165,0.022,0.038,1.397,-5.934,1.072,625044354.000
-0.165,0.022,0.036,1.411,-5.893,1.073,625044454.000
-0.163,0.023,0.041,1.418,-5.890,1.064,625044553.000
-0.161,0.017,0.041,1.394,-5.878,1.055,625044653.000
-0.159,0.023,0.041,1.460,-5.842,1.065,625044753.000
-0.159,0.018,0.043,1.416,-5.834,1.074,625044854.000
-0.159,0.018,0.041,1.444,-5.817,1.075,625044954.000
-0.159,0.013,0.038,1.399,-5.777,1.056,625045053.000
-0.157,0.017,0.041,1.409,-5.782,1.057,625045153.000
-0.157,0.017,0.033,1.464,-5.734,1.057,625045253.000
-0.157,0.017,0.038,1.464,-5.717,1.057,625045354.000
-0.157,0.019,0.038,1.465,-5.693,1.067,625045454.000
-0.155,0.018,0.038,1.458,-5.706,1.049,625045553.000
-0.153,0.017,0.033,1.465,-5.662,1.031,625045654.000
-0.157,0.011,0.036,1.475,-5.628,1.040,625045753.000
-0.157,0.014,0.036,1.477,-5.604,1.049,625045854.000
-0.153,0.009,0.031,1.447,-5.597,1.059,625045954.000
-0.153,0.014,0.038,1.477,-5.597,1.050,625046053.000
-0.153,0.017,0.041,1.506,-5.540,1.060,625046154.000
-0.151,0.010,0.036,1.455,-5.545,1.051,625046254.000
-0.151,0.013,0.033,1.525,-5.529,1.061,625046354.000
-0.149,0.011,0.038,1.504,-5.500,1.043,625046453.000
-0.149,0.011,0.036,1.504,-5.485,1.070,625046553.000
-0.149,0.014,0.036,1.533,-5.460,1.052,625046654.000
-0.154,0.011,0.036,1.503,-5.411,1.043,625046754.000
-0.149,0.009,0.031,1.503,-5.428,1.034,625046854.000
-0.149,0.009,0.036,1.489,-5.387,1.034,625046954.000
-0.145,0.011,0.039,1.560,-5.380,1.045,625047053.000
-0.147,0.007,0.031,1.510,-5.368,1.044,625047154.000
-0.145,0.003,0.036,1.514,-5.364,1.045,625047253.000
-0.143,0.012,0.034,1.554,-5.337,1.036,625047354.000
-0.145,0.006,0.036,1.516,-5.291,1.027,625047453.000
-0.146,0.008,0.039,1.544,-5.283,1.036,625047554.000
-0.148,0.012,0.034,1.540,-5.238,1.036,625047654.000
-0.146,0.008,0.034,1.559,-5.275,1.036,625047753.000
-0.146,0.009,0.031,1.545,-5.235,1.064,625047853.000
-0.148,0.007,0.031,1.565,-5.174,1.046,625047953.000
-0.144,0.007,0.031,1.565,-5.199,1.047,625048054.000
-0.139,0.010,0.036,1.581,-5.208,1.029,625048153.000
-0.139,0.007,0.036,1.566,-5.159,1.048,625048254.000
-0.142,0.006,0.034,1.572,-5.155,1.029,625048354.000
-0.144,0.007,0.034,1.565,-5.118,1.047,625048453.000
-0.144,0.004,0.036,1.578,-5.085,1.039,625048554.000
-0.142,0.003,0.039,1.556,-5.090,1.048,625048654.000
-0.137,-0.002,0.034,1.527,-5.083,1.030,625048753.000
-0.142,0.008,0.034,1.601,-5.033,1.039,625048854.000
-0.140,0.004,0.036,1.578,-5.014,1.040,625048953.000
-0.140,-0.001,0.036,1.548,-5.014,1.021,625049054.000
-0.138,0.006,0.036,1.600,-5.002,1.031,625049153.000
-0.135,0.002,0.026,1.591,-5.023,1.004,625049254.000
-0.136,0.002,0.036,1.605,-4.966,1.032,625049353.000
-0.136,0.007,0.034,1.608,-4.950,1.022,625049454.000
-0.133,0.000,0.034,1.584,-4.987,1.041,625049554.000
-0.134,0.003,0.034,1.599,-4.938,0.995,625049654.000
-0.132,-0.001,0.036,1.576,-4.919,1.024,625049754.000
-0.134,0.003,0.031,1.627,-4.874,1.024,625049854.000
-0.132,-0.001,0.041,1.617,-4.877,1.024,625049954.000
-0.136,0.001,0.034,1.632,-4.853,1.005,625050053.000
-0.134,-0.005,0.036,1.581,-4.857,1.024,625050153.000
-0.132,-0.001,0.034,1.618,-4.830,0.997,625050254.000
-0.132,-0.004,0.031,1.575,-4.814,1.015,625050354.000
-0.132,-0.004,0.029,1.617,-4.773,0.988,625050453.000
-0.132,-0.001,0.039,1.645,-4.764,1.025,625050553.000
-0.132,-0.004,0.034,1.575,-4.733,1.016,625050653.000
-0.132,-0.001,0.034,1.618,-4.733,1.025,625050754.000
-0.128,-0.004,0.032,1.631,-4.742,1.017,625050853.000
-0.128,-0.006,0.034,1.616,-4.709,1.008,625050954.000
-0.128,-0.006,0.031,1.616,-4.693,1.036,625051054.000
-0.128,-0.004,0.032,1.645,-4.669,1.018,625051154.000
-0.130,-0.005,0.034,1.623,-4.648,0.999,625051254.000
-0.126,-0.010,0.037,1.621,-4.641,1.009,625051353.000
-0.130,-0.005,0.034,1.651,-4.599,1.000,625051454.000
-0.126,-0.005,0.029,1.652,-4.641,1.027,625051553.000
-0.130,-0.005,0.034,1.623,-4.551,1.000,625051654.000
-0.124,-0.007,0.032,1.631,-4.549,1.010,625051753.000
-0.126,-0.005,0.032,1.651,-4.560,0.973,625051854.000
-0.122,-0.008,0.034,1.637,-4.553,0.992,625051954.000
-0.124,-0.007,0.032,1.672,-4.524,0.983,625052053.000
-0.124,-0.004,0.034,1.659,-4.492,1.020,625052154.000
-0.124,-0.007,0.034,1.658,-4.468,1.011,625052254.000
-0.122,-0.008,0.034,1.650,-4.480,0.993,625052353.000
-0.120,-0.009,0.034,1.643,-4.445,1.002,625052453.000
-0.120,-0.007,0.037,1.658,-4.460,1.012,625052553.000
-0.120,-0.009,0.027,1.644,-4.445,1.002,625052654.000
-0.120,-0.009,0.032,1.657,-4.404,0.975,625052754.000
-0.122,-0.008,0.039,1.664,-4.391,0.994,625052853.000
-0.120,-0.012,0.034,1.656,-4.396,0.994,625052954.000
-0.118,-0.011,0.029,1.650,-4.401,0.985,625053053.000
-0.120,-0.012,0.027,1.643,-4.324,0.994,625053154.000
-0.118,-0.008,0.029,1.707,-4.328,0.995,625053253.000
-0.120,-0.009,0.034,1.685,-4.323,1.004,625053353.000
-0.120,-0.012,0.032,1.656,-4.283,0.995,625053454.000
-0.116,-0.009,0.032,1.713,-4.284,1.005,625053553.000
-0.118,-0.016,0.039,1.647,-4.270,0.995,625053653.000
-0.114,-0.011,0.029,1.706,-4.280,0.987,625053753.000
-0.118,-0.013,0.034,1.676,-4.263,1.005,625053854.000
-0.118,-0.011,0.034,1.719,-4.214,0.987,625053954.000
-0.121,-0.015,0.029,1.710,-4.193,0.987,625054053.000
-0.116,-0.010,0.032,1.741,-4.186,0.978,625054154.000
-0.121,-0.015,0.037,1.668,-4.169,0.987,625054254.000
-0.112,-0.015,0.032,1.670,-4.188,0.988,625054353.000
-0.114,-0.019,0.032,1.688,-4.151,0.988,625054454.000
-0.112,-0.012,0.034,1.712,-4.155,0.997,625054554.000
-0.112,-0.012,0.034,1.740,-4.155,0.998,625054653.000
-0.117,-0.015,0.032,1.710,-4.089,0.961,625054754.000
-0.114,-0.016,0.029,1.703,-4.086,0.970,625054853.000
-0.110,-0.014,0.032,1.705,-4.103,0.980,625054954.000
-0.106,-0.019,0.030,1.703,-4.113,0.990,625055054.000
-0.110,-0.016,0.032,1.718,-4.055,0.999,625055154.000
-0.112,-0.017,0.029,1.724,-4.050,0.980,625055254.000
-0.110,-0.016,0.032,1.745,-4.054,0.999,625055353.000
-0.110,-0.019,0.034,1.688,-4.046,0.990,625055454.000
-0.110,-0.019,0.032,1.744,-3.981,0.991,625055554.000
-0.108,-0.020,0.032,1.722,-3.970,0.972,625055653.000
-0.104,-0.017,0.027,1.739,-4.012,0.982,625055754.000
-0.110,-0.016,0.030,1.731,-3.966,0.972,625055854.000
-0.108,-0.018,0.032,1.752,-3.946,0.982,625055953.000
-0.106,-0.019,0.035,1.730,-3.950,0.991,625056054.000
-0.106,-0.022,0.027,1.715,-3.951,0.954,625056153.000
-0.111,-0.022,0.030,1.729,-3.917,0.982,625056253.000
-0.104,-0.018,0.032,1.780,-3.922,0.983,625056353.000
-0.104,-0.020,0.030,1.751,-3.882,0.974,625056454.000
-0.109,-0.020,0.027,1.764,-3.865,0.974,625056554.000
-0.102,-0.022,0.027,1.744,-3.879,0.956,625056653.000
-0.104,-0.026,0.030,1.734,-3.858,0.956,625056754.000
-0.109,-0.018,0.027,1.766,-3.841,0.983,625056853.000
-0.107,-0.024,0.030,1.756,-3.821,0.974,625056954.000
-0.109,-0.023,0.027,1.763,-3.792,0.965,625057054.000
-0.102,-0.022,0.027,1.799,-3.830,0.957,625057154.000
-0.105,-0.020,0.030,1.765,-3.810,1.002,625057254.000
-0.102,-0.019,0.027,1.828,-3.806,0.966,625057354.000
-0.105,-0.026,0.025,1.790,-3.777,0.957,625057454.000
-0.100,-0.023,0.030,1.805,-3.786,0.967,625057553.000
-0.105,-0.026,0.030,1.803,-3.736,0.957,625057654.000
-0.098,-0.024,0.035,1.797,-3.782,0.949,625057754.000
-0.103,-0.027,0.027,1.783,-3.709,0.967,625057854.000
-0.101,-0.023,0.032,1.805,-3.705,0.967,625057954.000
-0.101,-0.031,0.030,1.746,-3.713,0.967,625058054.000
-0.103,-0.024,0.035,1.797,-3.660,0.977,625058154.000
-0.101,-0.023,0.027,1.819,-3.649,0.968,625058254.000
-0.103,-0.027,0.030,1.810,-3.627,0.968,625058353.000
-0.101,-0.026,0.032,1.804,-3.632,0.959,625058453.000
-0.096,-0.023,0.027,1.834,-3.650,0.969,625058554.000
-0.099,-0.024,0.032,1.826,-3.620,0.978,625058653.000
-0.103,-0.027,0.032,1.796,-3.571,0.968,625058753.000
-0.097,-0.028,0.032,1.789,-3.609,0.978,625058854.000
-0.101,-0.031,0.030,1.788,-3.543,0.969,625058955.000
-0.097,-0.031,0.027,1.830,-3.576,0.970,625059055.000
-0.094,-0.027,0.025,1.826,-3.574,0.997,625059154.000
-0.097,-0.026,0.027,1.874,-3.552,0.961,625059255.000
-0.097,-0.034,0.025,1.814,-3.512,0.933,625059355.000
-0.099,-0.027,0.032,1.838,-3.523,0.970,625059454.000
-0.097,-0.034,0.037,1.814,-3.495,0.989,625059554.000
-0.095,-0.030,0.032,1.851,-3.500,0.961,625059654.000
-0.097,-0.029,0.027,1.872,-3.479,0.952,625059754.000
-0.097,-0.031,0.027,1.857,-3.479,0.943,625059855.000
-0.095,-0.030,0.030,1.824,-3.484,0.961,625059954.000
-0.097,-0.031,0.032,1.843,-3.438,0.971,625060055.000
-0.091,-0.032,0.032,1.864,-3.428,0.954,625060155.000
-0.097,-0.031,0.032,1.871,-3.390,0.971,625060255.000
-0.095,-0.038,0.032,1.833,-3.402,0.962,625060355.000
-0.093,-0.031,0.027,1.872,-3.383,0.972,625060454.000
-0.095,-0.035,0.025,1.862,-3.379,0.944,625060554.000
-0.095,-0.032,0.032,1.891,-3.354,0.981,625060654.000
-0.093,-0.036,0.023,1.856,-3.376,0.954,625060755.000
-0.093,-0.034,0.030,1.898,-3.375,0.963,625060855.000
-0.091,-0.033,0.023,1.892,-3.364,0.954,625060954.000
-0.089,-0.031,0.028,1.900,-3.360,0.945,625061055.000
-0.095,-0.035,0.025,1.863,-3.282,0.945,625061155.000
-0.091,-0.035,0.030,1.877,-3.315,0.973,625061254.000
-0.089,-0.036,0.025,1.897,-3.344,0.955,625061355.000
-0.089,-0.036,0.035,1.883,-3.286,0.955,625061454.000
-0.093,-0.034,0.030,1.911,-3.253,0.937,625061555.000
-0.089,-0.042,0.030,1.853,-3.255,0.965,625061654.000
-0.095,-0.038,0.025,1.875,-3.233,0.936,625061755.000
-0.089,-0.039,0.030,1.882,-3.279,0.946,625061855.000
-0.087,-0.035,0.025,1.905,-3.259,0.947,625061955.000
-0.087,-0.038,0.028,1.890,-3.227,0.966,625062054.000
-0.089,-0.034,0.028,1.912,-3.214,0.938,625062154.000
-0.089,-0.039,0.028,1.896,-3.190,0.975,625062255.000
-0.089,-0.042,0.033,1.853,-3.173,0.938,625062354.000
-0.091,-0.038,0.023,1.917,-3.169,0.938,625062455.000
-0.087,-0.038,0.025,1.890,-3.162,0.938,625062554.000
-0.087,-0.038,0.028,1.932,-3.154,0.966,625062654.000
-0.089,-0.039,0.033,1.909,-3.149,0.948,625062755.000
-0.089,-0.039,0.025,1.910,-3.101,0.948,625062855.000
-0.087,-0.040,0.028,1.889,-3.154,0.957,625062954.000
-0.089,-0.037,0.028,1.953,-3.117,0.957,625063054.000
-0.085,-0.039,0.030,1.924,-3.134,0.976,625063154.000
-0.089,-0.042,0.028,1.881,-3.093,0.939,625063254.000
-0.083,-0.043,0.030,1.901,-3.098,0.949,625063354.000
-0.085,-0.039,0.028,1.938,-3.094,0.949,625063454.000
-0.085,-0.042,0.028,1.923,-3.045,0.968,625063554.000
-0.087,-0.038,0.028,1.945,-3.032,0.967,625063653.000
-0.087,-0.041,0.020,1.931,-3.033,0.958,625063753.000
-0.083,-0.043,0.028,1.943,-3.058,0.977,625063853.000
-0.083,-0.038,0.030,1.932,-3.050,0.968,625063953.000
-0.085,-0.039,0.025,1.952,-3.053,0.949,625064054.000
-0.085,-0.039,0.020,1.952,-3.021,0.950,625064153.000
-0.083,-0.041,0.025,1.945,-3.018,0.959,625064255.000
-0.085,-0.045,0.020,1.922,-2.973,0.959,625064353.000
-0.088,-0.038,0.020,1.987,-2.960,0.968,625064454.000
-0.083,-0.041,0.030,1.958,-2.977,0.960,625064554.000
-0.083,-0.043,0.028,1.929,-2.985,0.923,625064654.000
-0.085,-0.045,0.025,1.963,-2.932,0.932,625064753.000
-0.083,-0.043,0.025,1.943,-2.945,0.951,625064853.000
-0.083,-0.043,0.023,1.944,-2.929,0.951,625064954.000
-0.083,-0.046,0.025,1.969,-2.920,0.942,625065053.000
-0.079,-0.043,0.030,1.957,-2.929,0.952,625065154.000
-0.079,-0.043,0.030,1.957,-2.929,0.952,625065254.000
-0.079,-0.046,0.023,1.956,-2.905,0.943,625065353.000
-0.079,-0.043,0.020,1.985,-2.913,0.924,625065454.000
-0.084,-0.043,0.028,1.971,-2.863,0.952,625065554.000
-0.079,-0.046,0.028,1.956,-2.889,0.943,625065654.000
-0.077,-0.045,0.028,1.950,-2.877,0.934,625065753.000
-0.081,-0.042,0.030,2.020,-2.867,0.943,625065853.000
-0.077,-0.045,0.025,1.992,-2.885,0.962,625065953.000
-0.077,-0.045,0.025,1.964,-2.886,0.934,625066054.000
-0.077,-0.045,0.023,1.978,-2.845,0.934,625066153.000
-0.077,-0.042,0.025,1.979,-2.837,0.943,625066253.000
-0.079,-0.043,0.023,1.999,-2.808,0.953,625066353.000
-0.077,-0.050,0.030,1.989,-2.820,0.944,625066454.000
-0.079,-0.046,0.020,1.970,-2.817,0.943,625066554.000
-0.079,-0.043,0.028,1.999,-2.792,0.953,625066653.000
-0.077,-0.047,0.025,1.990,-2.812,0.926,625066754.000
-0.077,-0.047,0.023,1.977,-2.772,0.926,625066853.000
-0.080,-0.049,0.033,1.982,-2.750,0.935,625066953.000
-0.075,-0.051,0.030,1.940,-2.760,0.954,625067054.000
-0.080,-0.041,0.030,2.041,-2.759,0.935,625067154.000
-0.075,-0.041,0.025,2.070,-2.752,0.963,625067254.000
-0.077,-0.045,0.023,2.006,-2.748,0.935,625067353.000
-0.077,-0.045,0.023,2.047,-2.723,0.936,625067454.000
-0.075,-0.046,0.025,2.012,-2.752,0.945,625067553.000
-0.075,-0.049,0.021,1.997,-2.720,0.936,625067653.000
-0.075,-0.049,0.021,2.025,-2.720,0.936,625067754.000
-0.075,-0.046,0.025,2.012,-2.704,0.945,625067854.000
-0.075,-0.046,0.023,2.012,-2.688,0.945,625067954.000
-0.071,-0.049,0.026,2.025,-2.729,0.937,625068053.000
-0.078,-0.048,0.025,2.060,-2.642,0.955,625068154.000
-0.073,-0.047,0.025,2.046,-2.692,0.955,625068254.000
-0.076,-0.049,0.028,2.038,-2.646,0.937,625068353.000
-0.073,-0.048,0.028,2.032,-2.635,0.928,625068454.000
-0.078,-0.053,0.030,1.974,-2.626,0.936,625068553.000
-0.073,-0.053,0.028,2.002,-2.635,0.937,625068653.000
-0.074,-0.050,0.026,2.031,-2.595,0.947,625068753.000
-0.069,-0.047,0.023,2.047,-2.653,0.956,625068853.000
-0.074,-0.048,0.030,2.032,-2.603,0.956,625068954.000
-0.071,-0.051,0.026,2.052,-2.607,0.956,625069054.000
-0.071,-0.051,0.028,2.010,-2.599,0.929,625069153.000
-0.076,-0.049,0.028,2.038,-2.549,0.910,625069253.000
-0.069,-0.053,0.023,2.016,-2.604,0.910,625069354.000
-0.069,-0.050,0.023,2.045,-2.580,0.920,625069454.000
-0.072,-0.052,0.026,2.024,-2.559,0.929,625069553.000
-0.069,-0.055,0.018,2.016,-2.548,0.929,625069654.000
-0.072,-0.052,0.026,2.051,-2.510,0.930,625069753.000
-0.069,-0.055,0.026,2.015,-2.547,0.930,625069854.000
-0.069,-0.053,0.021,2.058,-2.515,0.939,625069954.000
-0.067,-0.052,0.026,2.051,-2.536,0.902,625070054.000
-0.070,-0.053,0.023,2.044,-2.507,0.911,625070154.000
-0.072,-0.052,0.031,2.023,-2.494,0.930,625070253.000
-0.067,-0.054,0.026,2.050,-2.511,0.921,625070353.000
-0.067,-0.057,0.026,2.022,-2.487,0.940,625070454.000
-0.070,-0.050,0.021,2.087,-2.491,0.921,625070553.000
-0.070,-0.056,0.028,2.043,-2.466,0.930,625070653.000
-0.070,-0.053,0.023,2.058,-2.434,0.940,625070753.000
-0.070,-0.053,0.023,2.058,-2.434,0.912,625070853.000
-0.065,-0.055,0.028,2.043,-2.491,0.931,625070953.000
-0.070,-0.053,0.026,2.085,-2.401,0.913,625071053.000
-0.065,-0.053,0.026,2.072,-2.451,0.913,625071153.000
-0.072,-0.049,0.026,2.081,-2.389,0.940,625071253.000
-0.068,-0.057,0.023,2.035,-2.398,0.913,625071354.000
-0.063,-0.057,0.023,2.050,-2.448,0.941,625071453.000
-0.068,-0.054,0.021,2.078,-2.382,0.922,625071554.000
-0.066,-0.056,0.028,2.057,-2.419,0.904,625071653.000
-0.066,-0.058,0.026,2.042,-2.403,0.950,625071754.000
-0.068,-0.057,0.026,2.035,-2.366,0.913,625071853.000
-0.068,-0.057,0.023,2.063,-2.350,0.941,625071953.000
-0.061,-0.056,0.026,2.072,-2.404,0.932,625072053.000
-0.068,-0.054,0.026,2.092,-2.341,0.923,625072154.000
-0.066,-0.058,0.021,2.056,-2.346,0.923,625072254.000
-0.068,-0.057,0.023,2.063,-2.350,0.913,625072353.000
-0.064,-0.057,0.023,2.092,-2.326,0.942,625072454.000
-0.068,-0.060,0.026,2.062,-2.293,0.932,625072554.000
-0.066,-0.058,0.026,2.070,-2.305,0.923,625072654.000
-0.066,-0.056,0.021,2.099,-2.298,0.933,625072754.000
-0.064,-0.062,0.026,2.047,-2.318,0.924,625072854.000
-0.061,-0.056,0.026,2.085,-2.331,0.933,625072954.000
-0.064,-0.060,0.023,2.062,-2.302,0.905,625073053.000
-0.068,-0.057,0.021,2.105,-2.261,0.914,625073154.000
-0.066,-0.058,0.021,2.084,-2.249,0.924,625073253.000
-0.059,-0.057,0.033,2.105,-2.294,0.943,625073353.000
-0.064,-0.060,0.023,2.063,-2.254,0.933,625073454.000
-0.064,-0.060,0.028,2.090,-2.237,0.934,625073554.000
-0.062,-0.061,0.021,2.055,-2.250,0.915,625073653.000
-0.066,-0.058,0.026,2.070,-2.208,0.924,625073754.000
-0.062,-0.063,0.023,2.082,-2.242,0.934,625073853.000
-0.062,-0.058,0.021,2.098,-2.250,0.925,625073954.000
-0.064,-0.057,0.026,2.105,-2.221,0.915,625074053.000
-0.060,-0.060,0.028,2.090,-2.214,0.935,625074153.000
-0.062,-0.058,0.023,2.112,-2.193,0.925,625074254.000
-0.064,-0.057,0.028,2.105,-2.188,0.916,625074354.000
-0.057,-0.058,0.014,2.099,-2.228,0.898,625074453.000
-0.064,-0.062,0.021,2.089,-2.165,0.898,625074554.000
-0.060,-0.060,0.028,2.104,-2.189,0.935,625074654.000
-0.062,-0.058,0.018,2.126,-2.137,0.926,625074753.000
-0.062,-0.064,0.018,2.095,-2.137,0.907,625074854.000
-0.062,-0.061,0.023,2.124,-2.144,0.917,625074953.000
-0.060,-0.062,0.023,2.089,-2.157,0.898,625075053.000
-0.058,-0.056,0.023,2.127,-2.170,0.908,625075154.000
-0.058,-0.061,0.021,2.111,-2.130,0.917,625075253.000
-0.060,-0.062,0.018,2.117,-2.125,0.926,625075354.000
-0.060,-0.060,0.028,2.118,-2.117,0.936,625075453.000
-0.062,-0.061,0.023,2.097,-2.096,0.917,625075553.000
-0.058,-0.061,0.021,2.111,-2.130,0.917,625075654.000
-0.058,-0.061,0.023,2.111,-2.097,0.918,625075753.000
-0.058,-0.061,0.018,2.153,-2.089,0.946,625075853.000
-0.064,-0.065,0.023,2.115,-2.059,0.917,625075953.000
-0.060,-0.063,0.016,2.131,-2.085,0.899,625076054.000
-0.058,-0.064,0.023,2.096,-2.097,0.908,625076154.000
-0.056,-0.060,0.028,2.118,-2.093,0.909,625076254.000
-0.060,-0.063,0.016,2.117,-2.061,0.899,625076354.000
-0.054,-0.064,0.014,2.125,-2.059,0.909,625076455.000
-0.062,-0.061,0.021,2.138,-2.007,0.918,625076554.000
-0.062,-0.061,0.023,2.138,-2.023,0.918,625076654.000
-0.056,-0.062,0.021,2.118,-2.070,0.927,625076755.000
-0.056,-0.065,0.026,2.102,-2.053,0.918,625076854.000
-0.060,-0.062,0.021,2.131,-2.020,0.927,625076954.000
-0.058,-0.064,0.018,2.096,-2.017,0.909,625077054.000
-0.060,-0.063,0.023,2.144,-2.011,0.900,625077155.000
-0.058,-0.059,0.019,2.182,-2.016,0.928,625077255.000
-0.056,-0.062,0.021,2.145,-2.021,0.928,625077355.000
-0.056,-0.065,0.028,2.116,-1.996,0.919,625077454.000
-0.054,-0.061,0.026,2.167,-1.993,0.919,625077555.000
-0.058,-0.064,0.023,2.138,-1.976,0.937,625077655.000
-0.056,-0.065,0.026,2.102,-2.005,0.919,625077754.000
-0.052,-0.065,0.019,2.145,-2.006,0.920,625077854.000
-0.056,-0.070,0.019,2.086,-1.981,0.901,625077954.000
-0.058,-0.069,0.021,2.135,-1.960,0.919,625078055.000
-0.056,-0.063,0.023,2.159,-1.964,0.929,625078155.000
-0.052,-0.068,0.023,2.129,-1.990,0.938,625078255.000
-0.054,-0.059,0.019,2.196,-1.969,0.929,625078355.000
-0.054,-0.061,0.019,2.153,-1.969,0.892,625078455.000
-0.054,-0.064,0.019,2.124,-1.945,0.910,625078554.000
-0.058,-0.067,0.021,2.163,-1.935,0.901,625078655.000
-0.052,-0.063,0.021,2.174,-1.949,0.929,625078755.000
-0.052,-0.063,0.019,2.160,-1.958,0.929,625078855.000
-0.052,-0.063,0.021,2.160,-1.925,0.929,625078954.000
-0.052,-0.063,0.026,2.160,-1.957,0.929,625079055.000
-0.052,-0.063,0.019,2.146,-1.933,0.902,625079155.000
-0.052,-0.068,0.026,2.143,-1.933,0.911,625079254.000
-0.054,-0.064,0.021,2.138,-1.888,0.911,625079355.000
-0.052,-0.068,0.029,2.143,-1.900,0.911,625079454.000
-0.052,-0.068,0.016,2.143,-1.917,0.856,625079555.000
-0.050,-0.066,0.024,2.137,-1.905,0.930,625079655.000
-0.052,-0.068,0.024,2.143,-1.868,0.884,625079754.000
-0.050,-0.069,0.019,2.136,-1.897,0.893,625079854.000
-0.050,-0.072,0.019,2.148,-1.897,0.912,625079954.000
-0.052,-0.065,0.016,2.172,-1.844,0.893,625080054.000
-0.054,-0.066,0.021,2.165,-1.864,0.930,625080155.000
-0.050,-0.067,0.021,2.151,-1.865,0.903,625080254.000
-0.054,-0.067,0.026,2.164,-1.847,0.902,625080354.000
-0.050,-0.067,0.021,2.165,-1.840,0.903,625080454.000
-0.050,-0.067,0.024,2.165,-1.856,0.903,625080555.000
-0.050,-0.064,0.021,2.166,-1.865,0.884,625080655.000
-0.052,-0.063,0.029,2.187,-1.827,0.903,625080755.000
-0.050,-0.064,0.021,2.180,-1.841,0.912,625080855.000
-0.050,-0.067,0.014,2.179,-1.817,0.903,625080954.000
-0.046,-0.069,0.011,2.151,-1.851,0.894,625081054.000
-0.052,-0.070,0.021,2.142,-1.828,0.903,625081155.000
-0.050,-0.067,0.021,2.165,-1.840,0.903,625081255.000
-0.048,-0.065,0.016,2.187,-1.797,0.895,625081354.000
-0.048,-0.071,0.024,2.142,-1.772,0.904,625081454.000
-0.050,-0.069,0.021,2.136,-1.768,0.894,625081554.000
-0.050,-0.069,0.019,2.164,-1.752,0.922,625081655.000
-0.052,-0.073,0.026,2.126,-1.763,0.894,625081754.000
-0.048,-0.065,0.026,2.173,-1.788,0.922,625081854.000
-0.050,-0.064,0.026,2.194,-1.751,0.913,625081954.000
-0.048,-0.071,0.019,2.156,-1.764,0.904,625082054.000
-0.050,-0.069,0.024,2.177,-1.759,0.922,625082155.000
-0.044,-0.068,0.021,2.186,-1.781,0.914,625082255.000
-0.048,-0.068,0.026,2.185,-1.739,0.914,625082355.000
-0.048,-0.076,0.026,2.139,-1.739,0.914,625082455.000
-0.048,-0.071,0.016,2.184,-1.748,0.904,625082555.000
-0.048,-0.070,0.021,2.157,-1.732,0.932,625082654.000
-0.050,-0.069,0.016,2.206,-1.711,0.923,625082754.000
-0.046,-0.067,0.016,2.180,-1.713,0.905,625082854.000
-0.044,-0.068,0.024,2.186,-1.749,0.914,625082954.000
-0.050,-0.069,0.026,2.177,-1.678,0.923,625083055.000
-0.050,-0.072,0.019,2.176,-1.703,0.914,625083155.000
-0.048,-0.071,0.024,2.184,-1.699,0.933,625083255.000
-0.048,-0.071,0.021,2.184,-1.683,0.933,625083354.000
-0.048,-0.071,0.016,2.212,-1.699,0.905,625083454.000
-0.048,-0.068,0.016,2.213,-1.675,0.887,625083555.000
-0.046,-0.074,0.021,2.189,-1.696,0.905,625083654.000
-0.050,-0.069,0.024,2.177,-1.662,0.923,625083755.000
-0.044,-0.076,0.016,2.155,-1.725,0.914,625083854.000
-0.048,-0.068,0.024,2.227,-1.650,0.915,625083954.000
-0.046,-0.072,0.019,2.204,-1.680,0.915,625084055.000
-0.048,-0.071,0.026,2.170,-1.642,0.905,625084154.000
-0.048,-0.073,0.019,2.196,-1.618,0.897,625084254.000
-0.048,-0.071,0.026,2.184,-1.618,0.906,625084355.000
-0.046,-0.072,0.019,2.204,-1.631,0.887,625084455.000
-0.046,-0.072,0.019,2.205,-1.631,0.915,625084554.000
-0.044,-0.071,0.019,2.212,-1.644,0.906,625084655.000
-0.044,-0.076,0.024,2.181,-1.627,0.888,625084755.000
-0.046,-0.069,0.026,2.233,-1.606,0.925,625084855.000
-0.042,-0.069,0.019,2.192,-1.657,0.897,625084954.000
-0.046,-0.070,0.014,2.233,-1.623,0.869,625085054.000
-0.042,-0.075,0.019,2.203,-1.632,0.879,625085155.000
-0.046,-0.072,0.021,2.218,-1.574,0.916,625085255.000
-0.046,-0.072,0.014,2.205,-1.599,0.915,625085354.000
-0.042,-0.072,0.016,2.219,-1.616,0.916,625085454.000
