0.001,-0.079,-0.078,2.516,-0.670,1.116,621784694.000
-0.001,-0.080,-0.075,2.521,-0.649,1.125,621784795.000
-0.001,-0.077,-0.075,2.523,-0.673,1.134,621784894.000
0.001,-0.079,-0.070,2.529,-0.645,1.116,621784994.000
0.001,-0.081,-0.078,2.514,-0.645,1.135,621785094.000
0.003,-0.077,-0.075,2.537,-0.674,1.107,621785195.000
0.003,-0.077,-0.075,2.524,-0.650,1.135,621785295.000
0.001,-0.079,-0.073,2.515,-0.653,1.116,621785394.000
-0.001,-0.072,-0.073,2.540,-0.665,1.153,621785494.000
-0.004,-0.076,-0.073,2.516,-0.604,1.125,621785594.000
0.001,-0.076,-0.075,2.517,-0.662,1.125,621785694.000
0.003,-0.080,-0.075,2.481,-0.650,1.153,621785795.000
0.003,-0.072,-0.078,2.554,-0.634,1.126,621785894.000
0.003,-0.080,-0.075,2.508,-0.650,1.126,621785995.000
0.001,-0.076,-0.075,2.531,-0.637,1.126,621786094.000
0.003,-0.080,-0.073,2.522,-0.641,1.126,621786194.000
0.001,-0.076,-0.070,2.530,-0.669,1.125,621786294.000
-0.001,-0.080,-0.080,2.508,-0.641,1.098,621786394.000
-0.006,-0.078,-0.078,2.536,-0.607,1.107,621786495.000
0.001,-0.076,-0.078,2.558,-0.621,1.126,621786594.000
-0.001,-0.077,-0.073,2.509,-0.616,1.135,621786695.000
0.001,-0.076,-0.075,2.531,-0.637,1.126,621786794.000
0.003,-0.077,-0.078,2.565,-0.658,1.135,621786895.000
0.001,-0.076,-0.070,2.530,-0.621,1.126,621786995.000
0.001,-0.074,-0.078,2.573,-0.621,1.107,621787094.000
0.003,-0.080,-0.073,2.522,-0.641,1.126,621787195.000
0.001,-0.076,-0.080,2.545,-0.629,1.126,621787294.000
0.003,-0.077,-0.078,2.551,-0.634,1.135,621787395.000
0.001,-0.076,-0.078,2.545,-0.645,1.126,621787494.000
-0.001,-0.083,-0.073,2.492,-0.640,1.116,621787594.000
-0.001,-0.075,-0.080,2.566,-0.689,1.116,621787694.000
-0.005,-0.075,-0.073,2.537,-0.712,1.142,621787794.000
-0.005,-0.070,-0.073,2.554,-0.785,1.132,621787895.000
-0.007,-0.073,-0.078,2.503,-0.837,1.132,621787995.000
-0.005,-0.072,-0.075,2.525,-0.890,1.150,621788094.000
-0.007,-0.073,-0.085,2.476,-0.935,1.130,621788195.000
-0.007,-0.070,-0.068,2.491,-0.999,1.167,621788294.000
-0.009,-0.072,-0.073,2.442,-1.076,1.175,621788394.000
-0.013,-0.069,-0.081,2.443,-1.124,1.155,621788495.000
-0.013,-0.066,-0.081,2.486,-1.220,1.164,621788594.000
-0.019,-0.065,-0.078,2.437,-1.247,1.153,621788693.000
-0.017,-0.064,-0.078,2.445,-1.309,1.171,621788795.000
-0.018,-0.062,-0.081,2.439,-1.401,1.189,621788894.000
-0.021,-0.066,-0.073,2.401,-1.461,1.188,621788995.000
-0.025,-0.056,-0.073,2.448,-1.508,1.196,621789095.000
-0.027,-0.059,-0.081,2.397,-1.593,1.195,621789193.000
-0.026,-0.057,-0.074,2.370,-1.666,1.175,621789295.000
-0.028,-0.053,-0.074,2.421,-1.750,1.202,621789395.000
-0.030,-0.054,-0.076,2.358,-1.819,1.210,621789493.000
-0.032,-0.053,-0.071,2.351,-1.911,1.227,621789596.000
-0.036,-0.053,-0.079,2.337,-1.959,1.199,621789695.000
-0.038,-0.051,-0.076,2.317,-2.059,1.216,621789795.000
-0.040,-0.050,-0.081,2.324,-2.160,1.205,621789895.000
-0.042,-0.043,-0.076,2.334,-2.228,1.241,621789995.000
-0.044,-0.047,-0.072,2.297,-2.320,1.240,621790095.000
-0.046,-0.038,-0.077,2.323,-2.422,1.257,621790195.000
-0.048,-0.034,-0.074,2.317,-2.522,1.256,621790294.000
-0.047,-0.039,-0.072,2.287,-2.635,1.264,621790395.000
-0.054,-0.035,-0.067,2.280,-2.726,1.262,621790494.000
-0.055,-0.039,-0.069,2.244,-2.819,1.261,621790594.000
-0.059,-0.033,-0.069,2.260,-2.915,1.278,621790694.000
-0.063,-0.031,-0.067,2.247,-3.002,1.286,621790795.000
-0.065,-0.029,-0.070,2.213,-3.095,1.303,621790895.000
-0.067,-0.028,-0.067,2.234,-3.220,1.292,621790994.000
-0.069,-0.026,-0.070,2.214,-3.337,1.309,621791095.000
-0.073,-0.021,-0.062,2.229,-3.432,1.326,621791195.000
-0.075,-0.022,-0.072,2.181,-3.526,1.334,621791295.000
-0.077,-0.018,-0.075,2.189,-3.667,1.305,621791395.000
-0.081,-0.018,-0.073,2.147,-3.731,1.331,621791495.000
-0.085,-0.016,-0.070,2.162,-3.818,1.339,621791594.000
-0.087,-0.011,-0.065,2.143,-3.959,1.365,621791694.000
-0.088,-0.010,-0.065,2.136,-4.068,1.382,621791794.000
-0.095,-0.006,-0.073,2.131,-4.176,1.380,621791894.000
-0.094,-0.011,-0.058,2.071,-4.320,1.360,621791995.000
-0.094,-0.006,-0.068,2.034,-4.427,1.377,621792094.000
-0.100,-0.002,-0.071,2.042,-4.494,1.375,621792194.000
-0.104,0.001,-0.063,2.015,-4.590,1.411,621792294.000
-0.108,0.001,-0.068,2.001,-4.702,1.409,621792394.000
-0.108,0.006,-0.068,1.990,-4.824,1.398,621792495.000
-0.110,0.005,-0.066,1.968,-4.949,1.434,621792594.000
-0.116,0.004,-0.071,1.946,-5.048,1.413,621792695.000
-0.118,0.005,-0.066,1.925,-5.116,1.431,621792794.000
-0.117,0.008,-0.066,1.913,-5.262,1.439,621792895.000
-0.124,0.015,-0.061,1.895,-5.353,1.446,621792994.000
-0.123,0.020,-0.066,1.925,-5.467,1.436,621793094.000
-0.127,0.018,-0.064,1.868,-5.531,1.453,621793194.000
-0.129,0.024,-0.066,1.864,-5.624,1.460,621793295.000
-0.133,0.022,-0.064,1.848,-5.711,1.450,621793394.000
-0.137,0.024,-0.057,1.807,-5.783,1.485,621793494.000
-0.133,0.027,-0.062,1.810,-5.946,1.494,621793594.000
-0.139,0.029,-0.064,1.776,-5.965,1.510,621793694.000
-0.139,0.034,-0.062,1.764,-6.103,1.500,621793794.000
-0.143,0.031,-0.062,1.734,-6.199,1.489,621793894.000
-0.147,0.037,-0.067,1.737,-6.287,1.506,621793995.000
-0.149,0.038,-0.065,1.716,-6.339,1.496,621794094.000
-0.153,0.038,-0.065,1.661,-6.411,1.522,621794195.000
-0.155,0.040,-0.062,1.640,-6.512,1.511,621794295.000
-0.152,0.041,-0.065,1.620,-6.606,1.501,621794395.000
-0.161,0.044,-0.065,1.594,-6.628,1.536,621794495.000
-0.158,0.053,-0.062,1.619,-6.754,1.526,621794595.000
-0.160,0.049,-0.065,1.568,-6.823,1.525,621794695.000
-0.164,0.049,-0.067,1.554,-6.903,1.524,621794794.000
-0.164,0.057,-0.070,1.558,-7.008,1.523,621794895.000
-0.164,0.052,-0.068,1.500,-7.073,1.531,621794994.000
-0.168,0.057,-0.065,1.502,-7.161,1.520,621795095.000
-0.176,0.055,-0.065,1.445,-7.183,1.565,621795195.000
-0.170,0.059,-0.060,1.440,-7.302,1.564,621795294.000
-0.172,0.060,-0.068,1.407,-7.363,1.554,621795395.000
-0.173,0.064,-0.058,1.401,-7.463,1.580,621795494.000
-0.175,0.063,-0.058,1.352,-7.523,1.561,621795595.000
-0.180,0.068,-0.061,1.340,-7.555,1.578,621795695.000
-0.179,0.071,-0.063,1.355,-7.636,1.559,621795794.000
-0.179,0.071,-0.061,1.314,-7.725,1.585,621795895.000
-0.183,0.068,-0.063,1.285,-7.757,1.575,621795995.000
-0.181,0.078,-0.063,1.297,-7.842,1.593,621796094.000
-0.187,0.074,-0.058,1.231,-7.909,1.591,621796195.000
-0.185,0.080,-0.061,1.242,-7.955,1.572,621796295.000
-0.189,0.083,-0.058,1.215,-8.018,1.580,621796394.000
-0.187,0.082,-0.061,1.152,-8.113,1.561,621796495.000
-0.193,0.081,-0.056,1.158,-8.131,1.597,621796594.000
-0.193,0.091,-0.054,1.177,-8.220,1.605,621796695.000
-0.195,0.085,-0.056,1.125,-8.264,1.623,621796794.000
-0.199,0.087,-0.056,1.099,-8.312,1.630,621796894.000
-0.201,0.089,-0.059,1.064,-8.356,1.593,621796995.000
-0.199,0.090,-0.059,1.045,-8.418,1.638,621797095.000
-0.201,0.094,-0.059,1.067,-8.502,1.610,621797195.000
-0.205,0.097,-0.054,1.026,-8.557,1.617,621797294.000
-0.202,0.095,-0.059,1.006,-8.611,1.626,621797394.000
-0.209,0.097,-0.057,0.984,-8.638,1.616,621797495.000
-0.211,0.101,-0.052,0.965,-8.681,1.642,621797595.000
-0.206,0.098,-0.062,0.937,-8.764,1.605,621797695.000
-0.210,0.101,-0.059,0.897,-8.804,1.641,621797795.000
-0.210,0.103,-0.059,0.884,-8.853,1.622,621797894.000
-0.210,0.109,-0.054,0.900,-8.909,1.640,621797994.000
-0.214,0.106,-0.059,0.871,-8.973,1.629,621798094.000
-0.214,0.106,-0.057,0.843,-8.989,1.629,621798195.000
-0.212,0.105,-0.054,0.822,-9.091,1.637,621798294.000
-0.220,0.110,-0.062,0.797,-9.090,1.626,621798395.000
-0.220,0.113,-0.057,0.798,-9.146,1.635,621798494.000
-0.218,0.117,-0.059,0.793,-9.240,1.634,621798594.000
-0.218,0.112,-0.057,0.735,-9.256,1.643,621798695.000
-0.224,0.121,-0.057,0.760,-9.315,1.688,621798794.000
-0.217,0.120,-0.060,0.753,-9.386,1.642,621798894.000
-0.224,0.118,-0.057,0.717,-9.413,1.650,621798994.000
-0.221,0.120,-0.055,0.642,-9.491,1.667,621799094.000
-0.226,0.120,-0.055,0.682,-9.489,1.639,621799195.000
-0.230,0.120,-0.062,0.655,-9.513,1.666,621799294.000
-0.225,0.123,-0.062,0.685,-9.611,1.675,621799394.000
-0.232,0.124,-0.062,0.636,-9.622,1.637,621799495.000
-0.229,0.123,-0.057,0.629,-9.667,1.674,621799594.000
-0.236,0.127,-0.060,0.637,-9.685,1.672,621799695.000
-0.227,0.127,-0.055,0.610,-9.817,1.672,621799794.000
-0.233,0.131,-0.058,0.604,-9.811,1.671,621799894.000
-0.240,0.132,-0.055,0.597,-9.814,1.689,621799995.000
-0.233,0.133,-0.060,0.606,-9.917,1.679,621800094.000
-0.235,0.132,-0.053,0.570,-9.952,1.688,621800195.000
-0.237,0.133,-0.063,0.564,-9.949,1.678,621800295.000
-0.235,0.135,-0.060,0.545,-10.026,1.696,621800395.000
-0.243,0.135,-0.055,0.557,-10.031,1.695,621800495.000
-0.239,0.135,-0.063,0.517,-10.082,1.695,621800594.000
-0.241,0.136,-0.055,0.510,-10.142,1.712,621800695.000
-0.243,0.138,-0.060,0.503,-10.170,1.702,621800795.000
-0.245,0.134,-0.056,0.453,-10.189,1.729,621800895.000
-0.245,0.142,-0.055,0.498,-10.238,1.701,621800994.000
-0.247,0.143,-0.063,0.492,-10.250,1.692,621801094.000
-0.247,0.135,-0.056,0.432,-10.322,1.719,621801194.000
-0.249,0.139,-0.058,0.427,-10.342,1.690,621801295.000
-0.247,0.143,-0.058,0.450,-10.404,1.718,621801395.000
-0.251,0.140,-0.053,0.406,-10.410,1.708,621801494.000
-0.251,0.143,-0.058,0.394,-10.476,1.716,621801594.000
-0.253,0.150,-0.061,0.432,-10.496,1.725,621801694.000
-0.251,0.143,-0.056,0.394,-10.540,1.716,621801795.000
-0.253,0.150,-0.058,0.405,-10.560,1.752,621801894.000
-0.255,0.151,-0.051,0.398,-10.620,1.742,621801995.000
-0.255,0.149,-0.051,0.355,-10.669,1.732,621802095.000
-0.259,0.151,-0.058,0.383,-10.668,1.713,621802194.000
-0.259,0.149,-0.056,0.313,-10.684,1.731,621802295.000
-0.258,0.156,-0.051,0.358,-10.765,1.730,621802394.000
-0.261,0.155,-0.053,0.351,-10.785,1.739,621802494.000
-0.260,0.155,-0.058,0.309,-10.826,1.738,621802595.000
-0.258,0.151,-0.051,0.286,-10.886,1.738,621802694.000
-0.260,0.155,-0.046,0.281,-10.857,1.738,621802794.000
-0.256,0.158,-0.053,0.297,-10.980,1.746,621802894.000
-0.264,0.158,-0.058,0.269,-10.946,1.718,621802994.000
-0.260,0.156,-0.059,0.254,-11.020,1.736,621803094.000
-0.266,0.157,-0.054,0.233,-11.014,1.753,621803195.000
-0.264,0.156,-0.056,0.212,-11.036,1.763,621803294.000
-0.268,0.163,-0.061,0.257,-11.075,1.734,621803394.000
-0.266,0.162,-0.054,0.222,-11.136,1.743,621803495.000
-0.268,0.166,-0.054,0.230,-11.148,1.742,621803595.000
-0.268,0.161,-0.051,0.200,-11.164,1.751,621803695.000
-0.268,0.163,-0.054,0.201,-11.220,1.732,621803794.000
-0.272,0.164,-0.054,0.174,-11.244,1.759,621803894.000
-0.274,0.170,-0.056,0.211,-11.264,1.740,621803994.000
-0.270,0.162,-0.054,0.139,-11.305,1.768,621804094.000
-0.274,0.168,-0.059,0.141,-11.345,1.757,621804194.000
-0.276,0.172,-0.049,0.149,-11.372,1.784,621804294.000
-0.274,0.168,-0.051,0.113,-11.393,1.757,621804395.000
-0.276,0.172,-0.049,0.135,-11.445,1.756,621804495.000
-0.274,0.173,-0.059,0.130,-11.467,1.747,621804594.000
-0.274,0.173,-0.056,0.116,-11.507,1.774,621804694.000
-0.280,0.172,-0.052,0.107,-11.501,1.782,621804794.000
-0.276,0.174,-0.061,0.096,-11.560,1.764,621804894.000
-0.280,0.172,-0.057,0.080,-11.566,1.782,621804994.000
-0.280,0.175,-0.052,0.040,-11.599,1.790,621805094.000
-0.278,0.173,-0.052,0.046,-11.636,1.772,621805194.000
-0.277,0.171,-0.057,0.045,-11.676,1.762,621805295.000
-0.284,0.177,-0.052,0.040,-11.695,1.770,621805395.000
-0.279,0.180,-0.057,0.029,-11.737,1.779,621805495.000
-0.288,0.182,-0.047,0.015,-11.750,1.787,621805594.000
-0.281,0.179,-0.057,-0.006,-11.822,1.787,621805694.000
-0.286,0.179,-0.052,-0.035,-11.828,1.787,621805795.000
-0.281,0.181,-0.052,-0.033,-11.878,1.796,621805894.000
-0.290,0.179,-0.054,-0.022,-11.860,1.786,621805994.000
-0.283,0.180,-0.052,-0.027,-11.890,1.805,621806094.000
-0.290,0.184,-0.049,-0.033,-11.916,1.776,621806195.000
-0.285,0.187,-0.047,-0.031,-11.982,1.813,621806295.000
-0.287,0.180,-0.055,-0.096,-11.970,1.803,621806395.000
-0.289,0.181,-0.055,-0.117,-12.006,1.793,621806494.000
-0.296,0.188,-0.052,-0.066,-12.008,1.801,621806595.000
-0.291,0.183,-0.052,-0.110,-12.058,1.783,621806695.000
-0.293,0.187,-0.050,-0.101,-12.085,1.810,621806795.000
-0.287,0.188,-0.055,-0.106,-12.165,1.801,621806894.000
-0.295,0.188,-0.052,-0.121,-12.154,1.800,621806994.000
-0.291,0.193,-0.050,-0.077,-12.171,1.819,621807095.000
-0.291,0.188,-0.055,-0.176,-12.213,1.799,621807196.000
-0.295,0.193,-0.052,-0.118,-12.203,1.817,621807296.000
-0.293,0.197,-0.057,-0.109,-12.257,1.817,621807395.000
-0.297,0.192,-0.052,-0.168,-12.263,1.798,621807495.000
-0.297,0.192,-0.052,-0.209,-12.288,1.825,621807595.000
-0.297,0.195,-0.052,-0.180,-12.312,1.807,621807696.000
-0.299,0.196,-0.045,-0.201,-12.347,1.797,621807795.000
-0.295,0.196,-0.050,-0.200,-12.389,1.797,621807895.000
-0.297,0.195,-0.052,-0.236,-12.410,1.805,621807996.000
-0.301,0.195,-0.055,-0.264,-12.417,1.804,621808096.000
-0.301,0.192,-0.052,-0.279,-12.433,1.823,621808195.000
-0.301,0.200,-0.050,-0.220,-12.473,1.822,621808295.000
-0.303,0.199,-0.052,-0.255,-12.493,1.803,621808395.000
-0.305,0.200,-0.050,-0.289,-12.472,1.821,621808495.000
-0.303,0.199,-0.048,-0.283,-12.525,1.831,621808596.000
-0.305,0.200,-0.053,-0.289,-12.553,1.821,621808695.000
-0.305,0.200,-0.045,-0.303,-12.577,1.848,621808796.000
-0.305,0.203,-0.050,-0.302,-12.618,1.829,621808896.000
-0.305,0.203,-0.050,-0.315,-12.643,1.829,621808995.000
-0.307,0.204,-0.048,-0.308,-12.646,1.819,621809095.000
-0.305,0.201,-0.048,-0.345,-12.683,1.819,621809195.000
-0.302,0.202,-0.050,-0.364,-12.728,1.837,621809295.000
-0.307,0.210,-0.050,-0.333,-12.727,1.837,621809395.000
-0.309,0.203,-0.050,-0.385,-12.739,1.827,621809496.000
-0.311,0.210,-0.050,-0.361,-12.751,1.835,621809596.000
-0.308,0.211,-0.050,-0.381,-12.812,1.854,621809695.000
-0.311,0.210,-0.045,-0.389,-12.783,1.835,621809795.000
-0.310,0.210,-0.053,-0.402,-12.856,1.834,621809896.000
-0.313,0.211,-0.050,-0.395,-12.860,1.825,621809996.000
-0.313,0.214,-0.055,-0.380,-12.876,1.834,621810095.000
-0.315,0.215,-0.048,-0.414,-12.887,1.852,621810195.000
-0.319,0.212,-0.055,-0.402,-12.911,1.842,621810295.000
-0.315,0.210,-0.050,-0.458,-12.944,1.833,621810395.000
-0.312,0.209,-0.053,-0.465,-12.990,1.842,621810496.000
-0.317,0.216,-0.048,-0.448,-12.996,1.841,621810595.000
-0.310,0.215,-0.050,-0.469,-13.043,1.850,621810695.000
-0.316,0.217,-0.055,-0.462,-13.021,1.840,621810796.000
-0.312,0.211,-0.055,-0.506,-13.071,1.822,621810895.000
-0.316,0.217,-0.053,-0.517,-13.086,1.839,621810995.000
-0.318,0.218,-0.048,-0.496,-13.081,1.858,621811095.000
-0.318,0.218,-0.046,-0.510,-13.122,1.857,621811195.000
-0.318,0.218,-0.048,-0.524,-13.130,1.857,621811295.000
-0.320,0.219,-0.043,-0.530,-13.174,1.875,621811395.000
-0.320,0.219,-0.046,-0.517,-13.182,1.847,621811495.000
-0.316,0.217,-0.048,-0.573,-13.216,1.838,621811596.000
-0.322,0.221,-0.053,-0.551,-13.194,1.837,621811695.000
-0.320,0.222,-0.048,-0.543,-13.239,1.856,621811796.000
-0.320,0.225,-0.041,-0.555,-13.287,1.892,621811895.000
-0.322,0.223,-0.048,-0.563,-13.323,1.845,621811995.000
-0.324,0.219,-0.048,-0.628,-13.287,1.845,621812095.000
-0.322,0.229,-0.043,-0.561,-13.307,1.864,621812195.000
-0.322,0.226,-0.056,-0.603,-13.373,1.826,621812296.000
-0.322,0.226,-0.048,-0.603,-13.372,1.854,621812395.000
-0.324,0.222,-0.048,-0.626,-13.408,1.853,621812496.000
-0.328,0.227,-0.053,-0.624,-13.400,1.871,621812595.000
-0.322,0.226,-0.046,-0.617,-13.461,1.880,621812695.000
-0.324,0.228,-0.053,-0.623,-13.474,1.871,621812796.000
-0.326,0.231,-0.048,-0.615,-13.469,1.870,621812895.000
-0.326,0.229,-0.048,-0.671,-13.493,1.888,621812995.000
-0.330,0.229,-0.051,-0.672,-13.500,1.860,621813095.000
-0.328,0.233,-0.051,-0.663,-13.538,1.860,621813195.000
-0.330,0.226,-0.049,-0.701,-13.541,1.878,621813295.000
-0.330,0.237,-0.048,-0.682,-13.565,1.859,621813395.000
-0.332,0.230,-0.046,-0.706,-13.593,1.877,621813496.000
-0.330,0.232,-0.049,-0.726,-13.638,1.867,621813596.000
-0.332,0.238,-0.046,-0.688,-13.642,1.876,621813695.000
-0.330,0.234,-0.048,-0.697,-13.662,1.849,621813796.000
-0.330,0.234,-0.046,-0.738,-13.703,1.876,621813895.000
-0.327,0.233,-0.051,-0.731,-13.708,1.885,621813996.000
-0.340,0.238,-0.049,-0.717,-13.672,1.874,621814095.000
-0.334,0.239,-0.053,-0.736,-13.727,1.838,621814195.000
-0.338,0.237,-0.044,-0.752,-13.717,1.856,621814295.000
-0.336,0.236,-0.046,-0.787,-13.762,1.865,621814395.000
-0.336,0.236,-0.051,-0.772,-13.755,1.892,621814495.000
-0.336,0.243,-0.044,-0.728,-13.802,1.864,621814595.000
-0.333,0.240,-0.039,-0.778,-13.847,1.892,621814696.000
-0.333,0.240,-0.051,-0.777,-13.865,1.892,621814796.000
-0.338,0.240,-0.044,-0.806,-13.839,1.863,621814894.000
-0.340,0.238,-0.046,-0.814,-13.859,1.872,621814996.000
-0.335,0.241,-0.046,-0.825,-13.884,1.882,621815094.000
-0.337,0.242,-0.046,-0.791,-13.920,1.872,621815196.000
-0.337,0.245,-0.044,-0.831,-13.936,1.881,621815294.000
-0.337,0.237,-0.049,-0.876,-13.953,1.881,621815394.000
-0.335,0.244,-0.046,-0.852,-14.006,1.862,621815494.000
-0.342,0.245,-0.042,-0.859,-13.976,1.907,621815595.000
-0.337,0.245,-0.051,-0.872,-14.010,1.880,621815695.000
-0.344,0.244,-0.044,-0.894,-13.996,1.888,621815794.000
-0.337,0.250,-0.046,-0.870,-14.042,1.870,621815894.000
-0.337,0.250,-0.041,-0.883,-14.050,1.897,621815994.000
-0.339,0.244,-0.051,-0.921,-14.071,1.888,621816094.000
-0.341,0.248,-0.046,-0.913,-14.066,1.887,621816195.000
-0.341,0.245,-0.044,-0.942,-14.106,1.905,621816295.000
-0.341,0.248,-0.047,-0.940,-14.114,1.887,621816394.000
-0.343,0.247,-0.044,-0.934,-14.093,1.896,621816495.000
-0.339,0.252,-0.049,-0.917,-14.160,1.887,621816594.000
-0.341,0.251,-0.044,-0.939,-14.155,1.896,621816696.000
-0.341,0.251,-0.047,-0.980,-14.163,1.895,621816795.000
-0.343,0.254,-0.047,-0.944,-14.175,1.895,621816895.000
-0.343,0.252,-0.044,-0.973,-14.215,1.885,621816994.000
-0.343,0.252,-0.044,-0.987,-14.191,1.885,621817095.000
-0.343,0.254,-0.047,-0.972,-14.224,1.894,621817194.000
-0.341,0.258,-0.044,-0.963,-14.228,1.894,621817294.000
-0.345,0.253,-0.042,-1.035,-14.243,1.902,621817394.000
-0.347,0.257,-0.044,-0.998,-14.239,1.902,621817494.000
-0.345,0.256,-0.047,-1.005,-14.284,1.911,621817595.000
-0.343,0.257,-0.044,-1.026,-14.313,1.902,621817695.000
-0.347,0.257,-0.042,-1.026,-14.303,1.902,621817794.000
-0.349,0.253,-0.039,-1.063,-14.282,1.901,621817895.000
-0.345,0.253,-0.039,-1.077,-14.332,1.901,621817994.000
-0.349,0.253,-0.044,-1.091,-14.348,1.901,621818095.000
-0.349,0.259,-0.047,-1.046,-14.356,1.891,621818195.000
-0.347,0.260,-0.037,-1.094,-14.385,1.909,621818295.000
-0.351,0.255,-0.047,-1.111,-14.368,1.891,621818394.000
-0.347,0.260,-0.047,-1.066,-14.418,1.909,621818494.000
-0.355,0.262,-0.044,-1.080,-14.383,1.890,621818595.000
-0.349,0.261,-0.039,-1.073,-14.428,1.900,621818694.000
-0.349,0.259,-0.039,-1.102,-14.453,1.918,621818794.000
-0.347,0.263,-0.039,-1.079,-14.466,1.918,621818895.000
-0.353,0.259,-0.042,-1.130,-14.460,1.917,621818994.000
-0.351,0.260,-0.042,-1.108,-14.497,1.908,621819094.000
-0.349,0.259,-0.042,-1.143,-14.510,1.917,621819195.000
-0.349,0.261,-0.047,-1.155,-14.527,1.898,621819294.000
-0.355,0.263,-0.047,-1.162,-14.513,1.916,621819394.000
-0.348,0.267,-0.044,-1.125,-14.591,1.916,621819494.000
-0.357,0.261,-0.040,-1.184,-14.524,1.924,621819594.000
-0.351,0.268,-0.044,-1.118,-14.579,1.907,621819694.000
-0.351,0.263,-0.045,-1.189,-14.603,1.915,621819794.000
-0.355,0.263,-0.047,-1.204,-14.586,1.887,621819895.000
-0.350,0.265,-0.044,-1.216,-14.628,1.896,621819994.000
-0.357,0.267,-0.049,-1.195,-14.582,1.887,621820095.000
-0.350,0.268,-0.044,-1.187,-14.652,1.905,621820194.000
-0.357,0.269,-0.037,-1.194,-14.638,1.923,621820295.000
-0.355,0.271,-0.040,-1.200,-14.707,1.941,621820394.000
-0.355,0.273,-0.047,-1.171,-14.684,1.895,621820495.000
-0.355,0.271,-0.037,-1.214,-14.699,1.941,621820594.000
-0.352,0.269,-0.045,-1.235,-14.737,1.895,621820695.000
-0.354,0.271,-0.047,-1.241,-14.733,1.885,621820795.000
-0.359,0.271,-0.042,-1.256,-14.715,1.885,621820895.000
-0.357,0.275,-0.045,-1.219,-14.736,1.912,621820994.000
-0.359,0.271,-0.037,-1.256,-14.747,1.912,621821094.000
-0.359,0.271,-0.040,-1.270,-14.755,1.912,621821194.000
-0.356,0.270,-0.042,-1.291,-14.776,1.893,621821295.000
-0.359,0.273,-0.037,-1.282,-14.771,1.921,621821394.000
-0.361,0.272,-0.040,-1.276,-14.767,1.930,621821495.000
-0.356,0.275,-0.042,-1.274,-14.801,1.912,621821595.000
-0.359,0.268,-0.040,-1.327,-14.828,1.902,621821695.000
-0.358,0.276,-0.042,-1.280,-14.861,1.929,621821794.000
-0.358,0.274,-0.040,-1.310,-14.853,1.920,621821894.000
-0.361,0.277,-0.045,-1.301,-14.832,1.892,621821995.000
-0.360,0.275,-0.042,-1.343,-14.897,1.937,621822095.000
-0.363,0.276,-0.052,-1.308,-14.869,1.900,621822195.000
-0.361,0.275,-0.040,-1.344,-14.865,1.910,621822295.000
-0.363,0.276,-0.045,-1.322,-14.893,1.955,621822395.000
-0.363,0.274,-0.040,-1.352,-14.900,1.918,621822495.000
-0.360,0.275,-0.047,-1.371,-14.963,1.881,621822594.000
-0.358,0.276,-0.035,-1.350,-14.982,1.928,621822694.000
-0.360,0.280,-0.045,-1.327,-14.954,1.927,621822795.000
-0.362,0.276,-0.042,-1.364,-14.982,1.927,621822894.000
-0.360,0.273,-0.040,-1.400,-14.986,1.927,621822995.000
-0.364,0.280,-0.042,-1.355,-14.993,1.926,621823095.000
-0.364,0.280,-0.040,-1.383,-15.010,1.926,621823194.000
-0.364,0.280,-0.045,-1.396,-15.002,1.926,621823295.000
-0.367,0.279,-0.045,-1.390,-15.014,1.935,621823394.000
-0.362,0.279,-0.047,-1.431,-15.048,1.935,621823495.000
-0.364,0.280,-0.038,-1.397,-15.050,1.925,621823595.000
-0.366,0.284,-0.042,-1.374,-15.054,1.925,621823694.000
-0.368,0.285,-0.045,-1.394,-15.074,1.915,621823794.000
-0.364,0.278,-0.035,-1.454,-15.091,1.943,621823895.000
-0.366,0.282,-0.043,-1.431,-15.079,1.943,621823994.000
-0.364,0.286,-0.040,-1.408,-15.107,1.915,621824095.000
-0.366,0.282,-0.043,-1.445,-15.103,1.915,621824195.000
-0.366,0.282,-0.040,-1.445,-15.119,1.943,621824294.000
-0.366,0.287,-0.040,-1.442,-15.168,1.905,621824395.000
-0.366,0.279,-0.045,-1.459,-15.136,1.933,621824495.000
-0.366,0.284,-0.038,-1.485,-15.184,1.923,621824595.000
-0.366,0.287,-0.043,-1.442,-15.200,1.932,621824696.000
-0.368,0.286,-0.045,-1.463,-15.196,1.941,621824796.000
-0.368,0.286,-0.040,-1.477,-15.204,1.941,621824895.000
-0.370,0.287,-0.040,-1.512,-15.216,1.931,621824995.000
-0.370,0.287,-0.040,-1.484,-15.215,1.931,621825096.000
-0.370,0.292,-0.038,-1.481,-15.232,1.949,621825195.000
-0.368,0.286,-0.045,-1.505,-15.269,1.913,621825295.000
-0.366,0.287,-0.038,-1.525,-15.281,1.931,621825395.000
-0.366,0.287,-0.040,-1.525,-15.314,1.931,621825495.000
-0.370,0.290,-0.040,-1.524,-15.264,1.967,621825595.000
-0.366,0.287,-0.045,-1.552,-15.331,1.930,621825695.000
-0.370,0.290,-0.043,-1.538,-15.321,1.939,621825796.000
-0.366,0.290,-0.040,-1.523,-15.338,1.940,621825895.000
-0.372,0.291,-0.040,-1.531,-15.325,1.930,621825996.000
-0.370,0.292,-0.038,-1.523,-15.353,1.948,621826096.000
-0.374,0.290,-0.033,-1.580,-15.336,1.938,621826195.000
-0.372,0.294,-0.040,-1.557,-15.349,1.938,621826295.000
-0.372,0.294,-0.038,-1.585,-15.365,1.938,621826395.000
-0.372,0.291,-0.040,-1.599,-15.398,1.956,621826496.000
-0.372,0.291,-0.043,-1.572,-15.382,1.929,621826595.000
-0.376,0.291,-0.038,-1.587,-15.364,1.928,621826696.000
-0.374,0.293,-0.040,-1.592,-15.434,1.946,621826795.000
-0.374,0.295,-0.045,-1.591,-15.426,1.928,621826896.000
-0.372,0.291,-0.043,-1.627,-15.431,1.956,621826996.000
-0.374,0.293,-0.045,-1.633,-15.427,1.946,621827096.000
-0.372,0.294,-0.040,-1.612,-15.447,1.937,621827196.000
-0.376,0.296,-0.040,-1.611,-15.446,1.918,621827296.000
-0.374,0.298,-0.043,-1.617,-15.467,1.936,621827395.000
-0.372,0.297,-0.045,-1.610,-15.488,1.946,621827496.000
-0.374,0.293,-0.040,-1.661,-15.507,1.945,621827596.000
-0.376,0.297,-0.038,-1.653,-15.486,1.945,621827696.000
-0.376,0.299,-0.043,-1.637,-15.503,1.926,621827795.000
-0.374,0.298,-0.040,-1.672,-15.532,1.935,621827896.000
-0.378,0.300,-0.036,-1.644,-15.514,1.944,621827996.000
-0.378,0.298,-0.043,-1.659,-15.515,1.935,621828096.000
-0.378,0.295,-0.043,-1.701,-15.515,1.953,621828196.000
-0.376,0.297,-0.038,-1.681,-15.583,1.916,621828296.000
-0.376,0.299,-0.041,-1.692,-15.568,1.953,621828396.000
-0.376,0.304,-0.038,-1.648,-15.559,1.972,621828496.000
-0.373,0.303,-0.036,-1.656,-15.588,1.953,621828596.000
-0.378,0.301,-0.041,-1.713,-15.604,1.943,621828695.000
-0.376,0.299,-0.038,-1.707,-15.608,1.925,621828796.000
-0.378,0.295,-0.041,-1.757,-15.580,1.925,621828895.000
-0.378,0.298,-0.038,-1.728,-15.620,1.934,621828995.000
-0.380,0.299,-0.038,-1.721,-15.607,1.952,621829095.000
-0.380,0.299,-0.038,-1.762,-15.632,1.951,621829196.000
-0.378,0.301,-0.043,-1.740,-15.637,1.942,621829296.000
-0.378,0.303,-0.036,-1.767,-15.661,1.951,621829396.000
-0.373,0.303,-0.043,-1.725,-15.711,1.952,621829495.000
-0.377,0.303,-0.043,-1.753,-15.685,1.951,621829595.000
-0.380,0.305,-0.033,-1.773,-15.688,1.969,621829695.000
-0.382,0.306,-0.036,-1.766,-15.660,1.932,621829795.000
-0.380,0.310,-0.038,-1.743,-15.705,1.959,621829896.000
-0.380,0.305,-0.036,-1.801,-15.721,1.941,621829996.000
-0.380,0.300,-0.036,-1.804,-15.721,1.950,621830095.000
-0.384,0.305,-0.038,-1.815,-15.704,1.968,621830195.000
-0.379,0.305,-0.036,-1.815,-15.745,1.940,621830295.000
-0.379,0.307,-0.041,-1.799,-15.762,1.977,621830395.000
-0.375,0.302,-0.038,-1.830,-15.803,1.931,621830495.000
-0.379,0.305,-0.041,-1.829,-15.786,1.940,621830596.000
-0.381,0.309,-0.041,-1.792,-15.798,1.967,621830695.000
-0.381,0.311,-0.038,-1.805,-15.814,1.948,621830796.000
-0.384,0.305,-0.033,-1.871,-15.785,1.939,621830896.000
-0.381,0.309,-0.036,-1.847,-15.830,1.967,621830996.000
-0.381,0.311,-0.036,-1.833,-15.830,1.948,621831095.000
-0.381,0.309,-0.041,-1.847,-15.847,1.966,621831195.000
-0.381,0.309,-0.043,-1.861,-15.855,1.939,621831295.000
-0.386,0.311,-0.041,-1.874,-15.846,1.947,621831396.000
-0.379,0.313,-0.033,-1.866,-15.884,1.966,621831496.000
-0.379,0.313,-0.038,-1.866,-15.900,1.966,621831595.000
-0.381,0.314,-0.033,-1.887,-15.920,1.956,621831696.000
-0.383,0.313,-0.036,-1.880,-15.915,1.965,621831796.000
-0.383,0.313,-0.036,-1.894,-15.891,1.965,621831896.000
-0.385,0.317,-0.038,-1.899,-15.911,1.937,621831995.000
-0.383,0.318,-0.031,-1.906,-15.947,1.955,621832095.000
-0.385,0.314,-0.034,-1.942,-15.943,1.955,621832195.000
-0.383,0.313,-0.034,-1.949,-15.956,1.964,621832295.000
-0.383,0.315,-0.038,-1.948,-15.997,1.945,621832396.000
-0.383,0.315,-0.033,-1.935,-16.004,1.945,621832496.000
-0.385,0.312,-0.039,-1.999,-15.984,1.945,621832595.000
-0.385,0.317,-0.039,-1.954,-16.009,1.963,621832696.000
-0.385,0.314,-0.039,-2.011,-16.033,1.954,621832795.000
-0.387,0.315,-0.034,-1.990,-16.028,1.944,621832895.000
-0.381,0.320,-0.039,-1.994,-16.083,1.972,621832996.000
-0.387,0.321,-0.034,-1.988,-16.028,1.935,621833095.000
-0.389,0.325,-0.034,-1.952,-16.040,1.934,621833195.000
-0.387,0.318,-0.034,-2.030,-16.077,1.953,621833296.000
-0.389,0.319,-0.039,-2.050,-16.081,1.943,621833395.000
-0.389,0.317,-0.044,-2.065,-16.098,1.933,621833495.000
-0.387,0.318,-0.036,-2.071,-16.086,1.952,621833595.000
-0.393,0.322,-0.039,-2.063,-16.105,1.951,621833696.000
-0.387,0.321,-0.029,-2.098,-16.110,1.961,621833796.000
-0.389,0.322,-0.036,-2.090,-16.146,1.979,621833896.000
-0.387,0.323,-0.031,-2.056,-16.142,1.942,621833996.000
-0.393,0.322,-0.036,-2.119,-16.121,1.950,621834096.000
-0.391,0.324,-0.039,-2.096,-16.142,1.969,621834196.000
-0.391,0.324,-0.036,-2.124,-16.158,1.969,621834295.000
-0.395,0.318,-0.036,-2.183,-16.181,1.977,621834395.000
-0.389,0.328,-0.034,-2.129,-16.236,1.968,621834495.000
-0.387,0.326,-0.039,-2.150,-16.241,1.950,621834596.000
-0.389,0.327,-0.031,-2.157,-16.203,1.940,621834695.000
-0.391,0.329,-0.034,-2.177,-16.223,1.958,621834795.000
-0.395,0.326,-0.039,-2.206,-16.239,1.948,621834896.000
-0.393,0.328,-0.041,-2.185,-16.260,1.939,621834995.000
-0.391,0.326,-0.036,-2.220,-16.256,1.921,621835096.000
-0.388,0.325,-0.034,-2.227,-16.333,1.957,621835196.000
-0.397,0.328,-0.036,-2.227,-16.242,1.938,621835295.000
-0.391,0.326,-0.037,-2.275,-16.305,1.975,621835395.000
-0.395,0.324,-0.034,-2.291,-16.296,1.966,621835495.000
-0.395,0.329,-0.032,-2.288,-16.312,1.984,621835595.000
-0.397,0.333,-0.032,-2.238,-16.299,1.956,621835695.000
-0.395,0.332,-0.039,-2.259,-16.337,1.965,621835796.000
-0.395,0.329,-0.039,-2.301,-16.337,1.956,621835895.000
-0.390,0.329,-0.036,-2.301,-16.378,1.956,621835995.000
-0.397,0.333,-0.029,-2.280,-16.339,1.955,621836095.000
-0.393,0.333,-0.034,-2.279,-16.382,1.956,621836196.000
-0.392,0.338,-0.041,-2.289,-16.407,1.946,621836296.000
-0.392,0.338,-0.029,-2.304,-16.414,1.973,621836395.000
-0.392,0.338,-0.039,-2.304,-16.447,1.945,621836495.000
-0.397,0.338,-0.034,-2.346,-16.430,1.944,621836595.000
-0.397,0.333,-0.037,-2.334,-16.438,1.954,621836695.000
-0.392,0.333,-0.039,-2.403,-16.424,1.954,621836796.000
-0.395,0.332,-0.029,-2.397,-16.450,1.991,621836895.000
-0.394,0.340,-0.032,-2.352,-16.483,1.963,621836996.000
-0.394,0.334,-0.032,-2.382,-16.483,1.944,621837095.000
-0.394,0.337,-0.032,-2.395,-16.532,1.953,621837195.000
-0.397,0.336,-0.032,-2.416,-16.495,1.962,621837295.000
-0.399,0.342,-0.039,-2.392,-16.507,1.943,621837395.000
-0.392,0.339,-0.037,-2.428,-16.537,1.971,621837496.000
-0.401,0.341,-0.032,-2.414,-16.518,1.952,621837596.000
-0.401,0.341,-0.029,-2.428,-16.510,1.979,621837696.000
-0.398,0.337,-0.039,-2.477,-16.556,1.951,621837795.000
-0.403,0.342,-0.037,-2.448,-16.547,1.969,621837895.000
-0.394,0.340,-0.039,-2.476,-16.606,1.933,621837996.000
-0.398,0.343,-0.032,-2.475,-16.604,1.997,621838095.000
-0.396,0.344,-0.034,-2.481,-16.625,1.960,621838195.000
-0.403,0.340,-0.037,-2.532,-16.572,1.959,621838295.000
-0.398,0.343,-0.032,-2.489,-16.629,1.969,621838396.000
-0.400,0.344,-0.032,-2.523,-16.640,1.959,621838496.000
-0.396,0.346,-0.034,-2.507,-16.650,1.969,621838596.000
-0.402,0.343,-0.034,-2.531,-16.660,1.968,621838696.000
-0.400,0.344,-0.032,-2.537,-16.665,1.959,621838796.000
-0.405,0.346,-0.029,-2.522,-16.655,1.967,621838895.000
-0.400,0.347,-0.029,-2.536,-16.705,1.967,621838996.000
-0.400,0.347,-0.034,-2.549,-16.698,1.967,621839095.000
-0.402,0.348,-0.032,-2.556,-16.725,1.957,621839196.000
-0.400,0.341,-0.032,-2.579,-16.714,1.976,621839296.000
-0.404,0.352,-0.032,-2.561,-16.713,1.985,621839395.000
-0.402,0.348,-0.032,-2.611,-16.726,1.957,621839496.000
-0.400,0.349,-0.029,-2.590,-16.779,1.948,621839595.000
-0.404,0.349,-0.037,-2.589,-16.754,1.975,621839695.000
-0.404,0.349,-0.027,-2.590,-16.769,1.975,621839796.000
-0.406,0.351,-0.032,-2.610,-16.773,1.965,621839894.000
-0.404,0.352,-0.027,-2.616,-16.794,1.984,621839995.000
-0.404,0.347,-0.030,-2.660,-16.802,1.965,621840095.000
-0.402,0.353,-0.032,-2.636,-16.823,1.974,621840196.000
-0.402,0.351,-0.032,-2.651,-16.823,1.965,621840295.000
-0.406,0.351,-0.030,-2.693,-16.838,1.964,621840395.000
-0.404,0.352,-0.027,-2.671,-16.843,1.983,621840496.000
-0.406,0.351,-0.032,-2.679,-16.847,1.964,621840596.000
-0.406,0.353,-0.037,-2.650,-16.839,1.973,621840695.000
-0.406,0.353,-0.030,-2.692,-16.863,1.973,621840794.000
-0.404,0.352,-0.030,-2.726,-16.876,1.982,621840895.000
-0.404,0.355,-0.032,-2.711,-16.908,1.963,621840995.000
-0.410,0.353,-0.030,-2.734,-16.862,1.972,621841096.000
-0.408,0.357,-0.032,-2.711,-16.907,1.944,621841195.000
-0.408,0.357,-0.025,-2.711,-16.907,1.972,621841295.000
-0.408,0.355,-0.030,-2.753,-16.924,1.990,621841394.000
-0.406,0.359,-0.032,-2.717,-16.944,1.962,621841496.000
-0.412,0.357,-0.032,-2.752,-16.907,1.971,621841595.000
-0.408,0.360,-0.030,-2.764,-16.948,1.980,621841694.000
-0.408,0.357,-0.035,-2.752,-16.965,1.971,621841795.000
-0.410,0.361,-0.027,-2.744,-16.927,1.971,621841894.000
-0.408,0.360,-0.030,-2.778,-16.973,1.980,621841996.000
-0.408,0.360,-0.027,-2.778,-16.989,1.980,621842095.000
-0.410,0.359,-0.030,-2.814,-17.009,1.960,621842195.000
-0.410,0.361,-0.030,-2.799,-17.009,1.970,621842296.000
-0.410,0.364,-0.032,-2.770,-17.017,1.951,621842395.000
-0.410,0.359,-0.037,-2.827,-17.034,1.960,621842496.000
-0.408,0.365,-0.027,-2.790,-17.062,1.969,621842595.000
-0.408,0.360,-0.025,-2.861,-17.054,1.978,621842695.000
-0.412,0.365,-0.022,-2.832,-17.044,1.969,621842795.000
-0.408,0.360,-0.025,-2.834,-17.102,1.978,621842895.000
-0.410,0.361,-0.027,-2.882,-17.074,1.968,621842995.000
-0.410,0.361,-0.025,-2.882,-17.090,1.968,621843096.000
-0.414,0.364,-0.028,-2.881,-17.073,1.977,621843195.000
-0.410,0.367,-0.027,-2.851,-17.122,1.959,621843296.000
-0.412,0.365,-0.028,-2.873,-17.134,1.995,621843396.000
-0.414,0.367,-0.028,-2.921,-17.122,1.985,621843495.000
-0.407,0.365,-0.027,-2.900,-17.160,1.968,621843595.000
-0.414,0.364,-0.030,-2.922,-17.130,1.976,621843696.000
-0.410,0.367,-0.030,-2.906,-17.155,1.958,621843796.000
-0.412,0.371,-0.025,-2.884,-17.175,1.985,621843896.000
-0.414,0.367,-0.030,-2.948,-17.155,1.985,621843996.000
-0.412,0.368,-0.028,-2.913,-17.183,1.976,621844095.000
-0.412,0.368,-0.030,-2.940,-17.167,1.976,621844196.000
-0.414,0.367,-0.028,-2.962,-17.195,1.984,621844295.000
-0.414,0.367,-0.028,-2.962,-17.195,1.957,621844396.000
-0.414,0.367,-0.030,-2.976,-17.203,1.984,621844495.000
-0.414,0.367,-0.030,-2.990,-17.228,1.956,621844595.000
-0.409,0.372,-0.025,-2.973,-17.261,1.975,621844695.000
-0.411,0.371,-0.028,-2.980,-17.281,1.984,621844796.000
-0.414,0.369,-0.030,-2.988,-17.252,1.965,621844895.000
-0.411,0.371,-0.020,-2.981,-17.280,2.011,621844995.000
-0.411,0.371,-0.023,-2.995,-17.289,1.956,621845095.000
-0.413,0.370,-0.025,-3.030,-17.309,1.964,621845195.000
-0.413,0.370,-0.023,-3.044,-17.301,1.992,621845296.000
-0.416,0.373,-0.025,-3.007,-17.296,1.992,621845395.000
-0.413,0.372,-0.025,-3.029,-17.333,1.973,621845495.000
-0.413,0.372,-0.028,-3.014,-17.341,2.001,621845595.000
-0.415,0.376,-0.030,-3.033,-17.337,1.973,621845696.000
-0.413,0.372,-0.030,-3.028,-17.398,1.973,621845795.000
-0.411,0.371,-0.028,-3.063,-17.379,1.982,621845895.000
-0.413,0.370,-0.025,-3.071,-17.382,1.991,621845995.000
-0.413,0.378,-0.028,-3.039,-17.390,1.991,621846096.000
-0.418,0.375,-0.023,-3.069,-17.373,1.981,621846196.000
-0.417,0.377,-0.030,-3.068,-17.398,1.962,621846295.000
-0.413,0.378,-0.020,-3.081,-17.414,1.990,621846395.000
-0.417,0.375,-0.023,-3.111,-17.397,1.981,621846495.000
-0.415,0.376,-0.023,-3.089,-17.434,1.971,621846596.000
-0.419,0.379,-0.023,-3.088,-17.433,1.980,621846696.000
-0.417,0.380,-0.030,-3.080,-17.447,1.998,621846795.000
-0.413,0.375,-0.028,-3.138,-17.488,1.980,621846895.000
-0.419,0.381,-0.028,-3.100,-17.450,1.989,621846995.000
-0.417,0.378,-0.023,-3.151,-17.495,1.989,621847096.000
-0.413,0.378,-0.028,-3.136,-17.513,1.989,621847196.000
-0.421,0.380,-0.028,-3.108,-17.486,1.997,621847295.000
-0.419,0.379,-0.028,-3.143,-17.499,1.979,621847396.000
-0.419,0.382,-0.035,-3.127,-17.499,1.988,621847496.000
-0.417,0.380,-0.025,-3.135,-17.527,1.997,621847596.000
-0.421,0.380,-0.028,-3.136,-17.535,1.997,621847695.000
-0.421,0.378,-0.031,-3.178,-17.519,1.987,621847795.000
-0.421,0.383,-0.023,-3.121,-17.566,1.978,621847895.000
-0.417,0.380,-0.028,-3.204,-17.585,1.996,621847996.000
-0.423,0.382,-0.026,-3.143,-17.562,1.987,621848096.000
-0.421,0.378,-0.026,-3.165,-17.575,1.987,621848195.000
-0.421,0.383,-0.030,-3.162,-17.592,1.977,621848296.000
-0.419,0.384,-0.031,-3.181,-17.605,2.023,621848396.000
-0.419,0.384,-0.028,-3.196,-17.645,1.995,621848496.000
-0.421,0.386,-0.028,-3.202,-17.608,2.014,621848596.000
-0.423,0.384,-0.028,-3.169,-17.619,1.995,621848696.000
-0.421,0.386,-0.023,-3.175,-17.640,1.986,621848795.000
-0.427,0.384,-0.033,-3.196,-17.611,1.994,621848895.000
-0.421,0.391,-0.028,-3.158,-17.681,2.004,621848995.000
-0.423,0.384,-0.026,-3.224,-17.636,1.995,621849096.000
-0.427,0.384,-0.028,-3.224,-17.643,1.994,621849196.000
-0.423,0.384,-0.028,-3.224,-17.668,1.994,621849296.000
-0.425,0.383,-0.026,-3.246,-17.647,1.976,621849395.000
-0.425,0.388,-0.026,-3.187,-17.696,2.022,621849495.000
-0.425,0.388,-0.031,-3.201,-17.688,1.994,621849595.000
-0.423,0.384,-0.018,-3.238,-17.708,1.994,621849696.000
-0.423,0.392,-0.026,-3.206,-17.733,2.021,621849795.000
-0.423,0.384,-0.026,-3.252,-17.733,1.994,621849895.000
-0.421,0.388,-0.026,-3.229,-17.746,1.994,621849995.000
-0.425,0.386,-0.031,-3.272,-17.737,1.984,621850095.000
-0.423,0.387,-0.021,-3.250,-17.741,2.003,621850195.000
-0.427,0.387,-0.026,-3.264,-17.756,2.002,621850296.000
-0.425,0.388,-0.033,-3.270,-17.746,1.965,621850395.000
-0.429,0.386,-0.026,-3.286,-17.720,2.011,621850495.000
-0.425,0.391,-0.028,-3.255,-17.778,2.002,621850595.000
-0.429,0.388,-0.021,-3.299,-17.752,1.992,621850695.000
-0.427,0.390,-0.023,-3.291,-17.797,2.010,621850795.000
-0.425,0.386,-0.021,-3.327,-17.802,2.038,621850895.000
-0.427,0.392,-0.023,-3.276,-17.845,2.019,621850995.000
-0.429,0.394,-0.026,-3.268,-17.817,2.010,621851095.000
-0.427,0.395,-0.023,-3.274,-17.821,2.001,621851195.000
-0.427,0.390,-0.026,-3.318,-17.830,2.010,621851295.000
-0.427,0.390,-0.028,-3.332,-17.838,2.010,621851395.000
-0.427,0.387,-0.026,-3.347,-17.854,2.000,621851495.000
-0.429,0.389,-0.021,-3.341,-17.873,1.991,621851595.000
-0.427,0.392,-0.023,-3.331,-17.846,1.991,621851696.000
-0.429,0.391,-0.023,-3.366,-17.882,2.000,621851795.000
-0.429,0.394,-0.028,-3.337,-17.874,2.009,621851895.000
-0.431,0.392,-0.021,-3.359,-17.885,1.990,621851996.000
-0.429,0.391,-0.026,-3.339,-17.914,1.999,621852095.000
-0.431,0.390,-0.023,-3.388,-17.894,1.981,621852196.000
-0.429,0.396,-0.028,-3.349,-17.923,2.017,621852295.000
-0.431,0.395,-0.021,-3.344,-17.934,2.026,621852395.000
-0.427,0.395,-0.028,-3.371,-17.960,1.999,621852495.000
-0.431,0.393,-0.019,-3.387,-17.950,2.017,621852595.000
-0.431,0.390,-0.023,-3.388,-17.942,2.008,621852695.000
-0.431,0.398,-0.023,-3.356,-17.967,2.007,621852796.000
-0.429,0.394,-0.016,-3.393,-17.954,2.008,621852895.000
-0.429,0.397,-0.021,-3.405,-17.971,2.017,621852995.000
-0.431,0.398,-0.021,-3.357,-17.982,2.007,621853095.000
-0.429,0.402,-0.026,-3.375,-17.988,2.007,621853195.000
-0.435,0.395,-0.026,-3.399,-17.974,2.025,621853295.000
-0.431,0.395,-0.031,-3.412,-17.992,1.998,621853396.000
-0.431,0.395,-0.023,-3.399,-18.015,1.998,621853495.000
-0.428,0.397,-0.026,-3.391,-18.061,2.044,621853595.000
-0.433,0.397,-0.026,-3.433,-18.011,2.015,621853695.000
-0.431,0.398,-0.021,-3.411,-18.032,2.034,621853795.000
-0.433,0.399,-0.024,-3.445,-18.028,2.024,621853896.000
-0.431,0.398,-0.019,-3.426,-18.072,2.006,621853995.000
-0.431,0.398,-0.019,-3.453,-18.072,2.034,621854095.000
-0.433,0.399,-0.021,-3.446,-18.092,1.996,621854195.000
-0.431,0.398,-0.021,-3.467,-18.081,2.033,621854295.000
-0.430,0.403,-0.023,-3.409,-18.113,1.996,621854395.000
-0.435,0.398,-0.026,-3.453,-18.096,2.033,621854495.000
-0.433,0.397,-0.024,-3.461,-18.125,2.014,621854595.000
-0.433,0.399,-0.024,-3.459,-18.100,2.024,621854696.000
-0.433,0.402,-0.021,-3.472,-18.117,2.005,621854796.000
-0.435,0.403,-0.019,-3.465,-18.120,2.023,621854895.000
-0.435,0.398,-0.021,-3.481,-18.128,2.005,621854995.000
-0.437,0.402,-0.024,-3.486,-18.100,2.004,621855096.000
-0.435,0.406,-0.021,-3.450,-18.152,2.004,621855195.000
-0.430,0.401,-0.024,-3.521,-18.187,2.013,621855295.000
-0.437,0.402,-0.021,-3.500,-18.140,2.031,621855395.000
-0.437,0.402,-0.019,-3.514,-18.132,2.004,621855496.000
-0.435,0.406,-0.016,-3.505,-18.185,2.031,621855596.000
-0.437,0.402,-0.016,-3.514,-18.148,2.031,621855695.000
-0.437,0.400,-0.019,-3.543,-18.205,2.049,621855796.000
-0.434,0.403,-0.024,-3.520,-18.185,2.022,621855895.000
-0.439,0.403,-0.019,-3.534,-18.216,2.021,621855995.000
-0.437,0.402,-0.026,-3.528,-18.205,2.003,621856095.000
-0.439,0.401,-0.021,-3.563,-18.225,2.039,621856196.000
-0.436,0.405,-0.031,-3.553,-18.247,2.011,621856296.000
-0.439,0.403,-0.029,-3.575,-18.226,2.020,621856396.000
-0.441,0.407,-0.021,-3.526,-18.212,2.021,621856496.000
-0.436,0.405,-0.021,-3.554,-18.262,2.011,621856595.000
-0.436,0.405,-0.024,-3.582,-18.295,2.011,621856695.000
-0.441,0.405,-0.026,-3.582,-18.253,2.011,621856796.000
-0.438,0.409,-0.024,-3.587,-18.282,2.010,621856895.000
-0.434,0.406,-0.026,-3.587,-18.316,2.029,621856995.000
-0.438,0.406,-0.021,-3.574,-18.298,2.057,621857096.000
-0.438,0.404,-0.029,-3.616,-18.299,2.020,621857195.000
-0.438,0.406,-0.024,-3.602,-18.331,2.001,621857295.000
-0.441,0.407,-0.019,-3.594,-18.301,2.047,621857395.000
-0.441,0.405,-0.021,-3.623,-18.310,2.038,621857495.000
-0.438,0.406,-0.026,-3.615,-18.339,2.028,621857595.000
-0.436,0.408,-0.019,-3.636,-18.351,2.019,621857695.000
-0.436,0.410,-0.019,-3.593,-18.351,2.029,621857796.000
-0.438,0.411,-0.021,-3.626,-18.347,2.046,621857896.000
-0.440,0.410,-0.019,-3.635,-18.350,2.000,621857996.000
-0.436,0.408,-0.024,-3.621,-18.392,2.019,621858096.000
-0.438,0.409,-0.021,-3.655,-18.372,2.037,621858195.000
-0.440,0.408,-0.021,-3.664,-18.359,2.018,621858295.000
-0.440,0.413,-0.024,-3.633,-18.391,2.036,621858395.000
-0.438,0.411,-0.024,-3.654,-18.380,2.018,621858495.000
-0.438,0.412,-0.022,-3.654,-18.396,2.046,621858595.000
-0.440,0.410,-0.019,-3.649,-18.423,2.027,621858695.000
-0.442,0.417,-0.022,-3.638,-18.395,2.036,621858795.000
-0.442,0.409,-0.022,-3.684,-18.395,2.036,621858895.000
-0.440,0.413,-0.024,-3.660,-18.440,2.036,621858996.000
-0.440,0.413,-0.019,-3.675,-18.448,2.036,621859096.000
-0.442,0.411,-0.022,-3.683,-18.419,2.017,621859195.000
-0.440,0.410,-0.026,-3.676,-18.473,2.026,621859295.000
-0.438,0.412,-0.024,-3.695,-18.453,2.045,621859395.000
-0.440,0.410,-0.024,-3.703,-18.440,2.026,621859496.000
-0.447,0.411,-0.022,-3.683,-18.442,2.016,621859596.000
-0.440,0.410,-0.017,-3.690,-18.464,2.054,621859696.000
-0.442,0.412,-0.024,-3.724,-18.476,2.016,621859796.000
-0.440,0.413,-0.017,-3.702,-18.464,2.035,621859896.000
-0.440,0.416,-0.019,-3.715,-18.497,2.044,621859996.000
-0.442,0.409,-0.022,-3.753,-18.517,2.007,621860096.000
-0.440,0.413,-0.024,-3.743,-18.538,2.034,621860196.000
-0.440,0.416,-0.022,-3.714,-18.530,2.044,621860297.000
-0.446,0.417,-0.019,-3.722,-18.483,2.034,621860396.000
-0.444,0.416,-0.022,-3.728,-18.529,2.071,621860497.000
-0.444,0.413,-0.024,-3.758,-18.537,2.006,621860597.000
-0.440,0.416,-0.017,-3.729,-18.586,2.043,621860696.000
-0.446,0.419,-0.019,-3.720,-18.508,2.043,621860797.000
-0.446,0.409,-0.027,-3.795,-18.533,2.006,621860896.000
-0.444,0.416,-0.019,-3.770,-18.569,2.042,621860996.000
-0.444,0.413,-0.019,-3.758,-18.569,2.061,621861096.000
-0.444,0.421,-0.017,-3.727,-18.561,2.033,621861196.000
-0.448,0.413,-0.014,-3.786,-18.576,2.060,621861297.000
-0.444,0.418,-0.017,-3.769,-18.609,2.051,621861396.000
-0.442,0.420,-0.017,-3.761,-18.622,2.042,621861496.000
-0.442,0.420,-0.024,-3.761,-18.623,2.042,621861596.000
-0.444,0.418,-0.019,-3.769,-18.593,2.051,621861696.000
-0.444,0.418,-0.024,-3.810,-18.586,2.051,621861796.000
-0.448,0.418,-0.017,-3.770,-18.584,2.051,621861897.000
-0.444,0.421,-0.019,-3.782,-18.642,2.032,621861996.000
-0.442,0.417,-0.024,-3.804,-18.672,2.032,621862096.000
-0.446,0.420,-0.017,-3.790,-18.645,2.041,621862196.000
-0.444,0.418,-0.024,-3.810,-18.635,2.023,621862296.000
-0.450,0.420,-0.022,-3.817,-18.588,2.041,621862397.000
-0.442,0.417,-0.019,-3.846,-18.680,2.032,621862496.000
-0.446,0.417,-0.022,-3.818,-18.638,2.059,621862596.000
-0.446,0.417,-0.019,-3.832,-18.630,2.059,621862696.000
-0.446,0.420,-0.014,-3.804,-18.686,2.041,621862797.000
-0.442,0.417,-0.019,-3.859,-18.704,2.032,621862897.000
-0.446,0.422,-0.014,-3.857,-18.711,2.049,621862996.000
-0.448,0.418,-0.024,-3.880,-18.683,2.049,621863097.000
-0.448,0.424,-0.017,-3.836,-18.706,2.040,621863196.000
-0.448,0.421,-0.017,-3.851,-18.706,2.058,621863297.000
-0.448,0.424,-0.017,-3.864,-18.706,2.039,621863396.000
-0.448,0.421,-0.019,-3.892,-18.715,2.058,621863496.000
-0.446,0.420,-0.017,-3.886,-18.768,2.039,621863597.000
-0.450,0.428,-0.012,-3.841,-18.726,2.067,621863696.000
-0.450,0.422,-0.022,-3.871,-18.710,2.048,621863797.000
-0.448,0.421,-0.022,-3.920,-18.748,2.057,621863897.000
-0.448,0.429,-0.014,-3.847,-18.747,2.057,621863996.000
-0.450,0.422,-0.014,-3.885,-18.734,2.048,621864096.000
-0.450,0.422,-0.017,-3.899,-18.742,2.048,621864196.000
-0.446,0.420,-0.022,-3.941,-18.785,2.039,621864296.000
-0.448,0.424,-0.015,-3.891,-18.771,2.066,621864396.000
-0.446,0.425,-0.019,-3.883,-18.800,2.057,621864497.000
-0.452,0.424,-0.022,-3.905,-18.771,2.038,621864596.000
-0.450,0.425,-0.017,-3.925,-18.767,2.056,621864697.000
-0.448,0.424,-0.017,-3.919,-18.804,2.066,621864797.000
-0.450,0.430,-0.014,-3.881,-18.807,2.047,621864896.000
-0.452,0.429,-0.017,-3.917,-18.779,2.056,621864997.000
-0.450,0.423,-0.015,-3.955,-18.807,2.047,621865096.000
-0.450,0.425,-0.022,-3.952,-18.833,2.056,621865196.000
-0.450,0.423,-0.017,-3.954,-18.840,2.047,621865297.000
-0.452,0.426,-0.015,-3.932,-18.843,2.046,621865397.000
-0.454,0.425,-0.020,-3.939,-18.799,2.083,621865496.000
-0.450,0.428,-0.020,-3.910,-18.848,2.065,621865596.000
-0.448,0.426,-0.017,-3.959,-18.853,2.047,621865696.000
-0.454,0.430,-0.020,-3.937,-18.847,2.046,621865796.000
-0.454,0.425,-0.015,-3.967,-18.831,2.055,621865897.000
-0.454,0.430,-0.017,-3.923,-18.839,2.046,621865996.000
-0.454,0.430,-0.012,-3.937,-18.847,2.073,621866095.000
-0.456,0.426,-0.015,-3.960,-18.866,2.045,621866196.000
-0.450,0.430,-0.015,-3.950,-18.881,2.046,621866295.000
-0.452,0.429,-0.017,-3.944,-18.876,2.055,621866397.000
-0.456,0.432,-0.015,-3.943,-18.842,2.064,621866495.000
-0.450,0.431,-0.015,-3.964,-18.905,2.073,621866597.000
-0.452,0.429,-0.020,-3.999,-18.909,2.054,621866695.000
-0.452,0.429,-0.017,-3.972,-18.876,2.055,621866795.000
-0.449,0.430,-0.017,-3.964,-18.937,2.045,621866896.000
-0.454,0.430,-0.015,-3.979,-18.904,2.045,621866995.000
-0.452,0.432,-0.015,-3.984,-18.941,2.063,621867096.000
-0.456,0.429,-0.012,-4.014,-18.907,2.054,621867195.000
-0.454,0.433,-0.017,-4.005,-18.913,2.054,621867296.000
-0.454,0.433,-0.015,-3.977,-18.928,2.081,621867397.000
-0.452,0.432,-0.017,-3.998,-18.949,2.035,621867495.000
-0.452,0.432,-0.015,-3.998,-18.965,2.063,621867596.000
-0.454,0.433,-0.017,-4.005,-18.961,2.053,621867696.000
-0.454,0.436,-0.020,-4.017,-18.945,2.062,621867796.000
-0.456,0.429,-0.015,-4.042,-18.940,2.053,621867896.000
-0.456,0.432,-0.015,-4.026,-18.940,2.062,621867995.000
-0.454,0.433,-0.020,-3.991,-18.969,2.053,621868095.000
-0.451,0.432,-0.022,-3.998,-19.014,2.035,621868196.000
-0.454,0.433,-0.012,-4.033,-18.993,2.053,621868296.000
-0.451,0.437,-0.010,-4.009,-19.022,2.080,621868395.000
-0.456,0.434,-0.020,-4.025,-18.981,2.043,621868496.000
-0.456,0.434,-0.022,-4.025,-18.965,2.043,621868596.000
-0.454,0.431,-0.015,-4.034,-19.001,2.044,621868695.000
-0.451,0.432,-0.020,-4.039,-19.055,2.062,621868796.000
-0.454,0.431,-0.017,-4.047,-19.010,2.071,621868895.000
-0.451,0.432,-0.017,-4.053,-19.047,2.062,621868996.000
-0.456,0.432,-0.017,-4.054,-19.021,2.034,621869096.000
-0.454,0.431,-0.012,-4.075,-19.042,2.071,621869196.000
-0.453,0.436,-0.015,-4.059,-19.050,2.061,621869296.000
-0.451,0.437,-0.017,-4.036,-19.071,2.080,621869396.000
-0.456,0.432,-0.017,-4.040,-19.046,2.061,621869495.000
-0.460,0.437,-0.007,-4.052,-19.012,2.079,621869596.000
-0.456,0.432,-0.017,-4.068,-19.046,2.061,621869696.000
-0.456,0.435,-0.015,-4.039,-19.037,2.070,621869795.000
-0.458,0.431,-0.012,-4.089,-19.041,2.070,621869896.000
-0.458,0.436,-0.017,-4.031,-19.057,2.061,621869995.000
-0.456,0.437,-0.015,-4.037,-19.062,2.079,621870096.000
-0.456,0.432,-0.015,-4.067,-19.062,2.089,621870196.000
-0.460,0.435,-0.015,-4.067,-19.061,2.069,621870296.000
-0.455,0.435,-0.017,-4.052,-19.094,2.070,621870396.000
-0.453,0.431,-0.012,-4.089,-19.115,2.042,621870496.000
-0.458,0.428,-0.015,-4.090,-19.098,2.088,621870595.000
-0.458,0.436,-0.007,-4.046,-19.097,2.088,621870695.000
-0.455,0.437,-0.022,-4.050,-19.087,2.079,621870796.000
-0.455,0.437,-0.010,-4.051,-19.118,2.079,621870895.000
-0.457,0.436,-0.022,-4.086,-19.123,2.087,621870996.000
-0.453,0.436,-0.015,-4.072,-19.123,2.088,621871095.000
-0.458,0.431,-0.012,-4.103,-19.114,2.069,621871195.000
-0.457,0.436,-0.015,-4.100,-19.147,2.087,621871296.000
-0.455,0.435,-0.017,-4.080,-19.143,2.069,621871395.000
-0.458,0.433,-0.012,-4.074,-19.138,2.078,621871495.000
-0.457,0.439,-0.015,-4.058,-19.146,2.069,621871596.000
-0.458,0.436,-0.010,-4.073,-19.130,2.087,621871696.000
-0.460,0.440,-0.015,-4.092,-19.158,2.059,621871796.000
-0.460,0.435,-0.017,-4.094,-19.142,2.068,621871896.000
-0.460,0.432,-0.017,-4.109,-19.142,2.087,621871996.000
-0.457,0.436,-0.015,-4.086,-19.171,2.087,621872095.000
-0.455,0.435,-0.020,-4.094,-19.200,2.069,621872196.000
-0.457,0.436,-0.010,-4.101,-19.178,2.059,621872295.000
-0.457,0.436,-0.017,-4.128,-19.179,2.059,621872395.000
-0.453,0.439,-0.012,-4.085,-19.237,2.069,621872496.000
-0.457,0.441,-0.010,-4.084,-19.203,2.077,621872596.000
-0.457,0.436,-0.013,-4.142,-19.236,2.086,621872696.000
-0.459,0.440,-0.015,-4.120,-19.207,2.058,621872795.000
-0.457,0.436,-0.013,-4.142,-19.236,2.086,621872896.000
-0.459,0.437,-0.015,-4.107,-19.207,2.077,621872996.000
-0.461,0.439,-0.015,-4.127,-19.243,2.067,621873095.000
-0.459,0.437,-0.015,-4.121,-19.231,2.077,621873196.000
-0.461,0.439,-0.015,-4.127,-19.243,2.067,621873296.000
-0.457,0.439,-0.015,-4.113,-19.244,2.095,621873396.000
-0.464,0.440,-0.005,-4.121,-19.197,2.085,621873496.000
-0.459,0.440,-0.013,-4.133,-19.247,2.086,621873596.000
-0.461,0.436,-0.015,-4.142,-19.243,2.085,621873696.000
-0.457,0.441,-0.012,-4.112,-19.284,2.076,621873795.000
-0.457,0.436,-0.018,-4.155,-19.277,2.086,621873896.000
-0.461,0.439,-0.013,-4.155,-19.259,2.094,621873995.000
-0.459,0.443,-0.015,-4.118,-19.280,2.067,621874096.000
-0.457,0.439,-0.008,-4.168,-19.292,2.095,621874196.000
-0.459,0.440,-0.020,-4.160,-19.297,2.085,621874296.000
-0.459,0.440,-0.015,-4.133,-19.280,2.085,621874395.000
-0.464,0.440,-0.010,-4.147,-19.262,2.112,621874495.000
-0.457,0.441,-0.017,-4.125,-19.325,2.076,621874596.000
-0.461,0.441,-0.008,-4.112,-19.291,2.103,621874695.000
-0.461,0.441,-0.013,-4.167,-19.308,2.075,621874795.000
-0.463,0.440,-0.013,-4.147,-19.295,2.112,621874896.000
-0.457,0.444,-0.010,-4.138,-19.325,2.113,621874996.000
-0.461,0.442,-0.018,-4.167,-19.325,2.103,621875096.000
-0.459,0.438,-0.008,-4.176,-19.328,2.103,621875195.000
-0.461,0.444,-0.015,-4.152,-19.340,2.084,621875295.000
-0.463,0.438,-0.010,-4.190,-19.311,2.103,621875395.000
-0.461,0.442,-0.005,-4.154,-19.331,2.103,621875495.000
-0.463,0.443,-0.010,-4.174,-19.335,2.093,621875596.000
-0.465,0.444,-0.010,-4.153,-19.347,2.083,621875695.000
-0.466,0.439,-0.015,-4.183,-19.315,2.065,621875796.000
-0.461,0.444,-0.013,-4.180,-19.357,2.084,621875895.000
-0.463,0.443,-0.010,-4.174,-19.335,2.093,621875995.000
-0.463,0.440,-0.013,-4.189,-19.368,2.111,621876095.000
-0.457,0.447,-0.013,-4.136,-19.382,2.094,621876195.000
-0.459,0.443,-0.013,-4.187,-19.369,2.093,621876295.000
-0.466,0.447,-0.013,-4.165,-19.331,2.120,621876395.000
-0.461,0.449,-0.008,-4.177,-19.389,2.102,621876496.000
-0.461,0.444,-0.013,-4.221,-19.381,2.083,621876595.000
-0.461,0.444,-0.010,-4.208,-19.373,2.083,621876696.000
-0.461,0.442,-0.010,-4.209,-19.397,2.074,621876796.000
-0.461,0.447,-0.010,-4.192,-19.324,2.093,621876895.000
-0.461,0.444,-0.013,-4.152,-19.308,2.084,621876997.000
-0.459,0.440,-0.017,-4.175,-19.192,2.058,621877097.000
-0.455,0.440,-0.015,-4.091,-19.135,2.060,621877196.000
-0.451,0.432,-0.012,-4.081,-19.031,2.062,621877296.000
-0.456,0.432,-0.007,-4.027,-18.939,2.062,621877396.000
-0.448,0.434,-0.015,-3.968,-18.869,2.074,621877497.000
-0.448,0.427,-0.005,-3.973,-18.763,2.075,621877597.000
-0.446,0.425,-0.014,-3.897,-18.663,2.058,621877696.000
-0.444,0.421,-0.014,-3.864,-18.578,2.060,621877796.000
-0.440,0.418,-0.017,-3.837,-18.514,2.052,621877897.000
-0.440,0.416,-0.014,-3.811,-18.409,2.044,621877996.000
-0.436,0.413,-0.017,-3.784,-18.345,2.036,621878097.000
-0.432,0.410,-0.014,-3.758,-18.265,2.056,621878197.000
-0.434,0.406,-0.017,-3.725,-18.187,2.057,621878297.000
-0.435,0.406,-0.012,-3.684,-18.097,2.058,621878397.000
-0.431,0.403,-0.014,-3.657,-18.034,2.050,621878496.000
-0.427,0.401,-0.021,-3.588,-17.962,2.043,621878597.000
-0.427,0.398,-0.011,-3.577,-17.880,2.035,621878697.000
-0.427,0.398,-0.016,-3.535,-17.775,2.036,621878796.000
-0.421,0.402,-0.014,-3.484,-17.732,2.010,621878897.000
-0.421,0.391,-0.021,-3.503,-17.659,2.029,621878997.000
-0.417,0.391,-0.016,-3.433,-17.595,2.031,621879097.000
-0.417,0.391,-0.018,-3.406,-17.530,2.031,621879196.000
-0.417,0.391,-0.018,-3.365,-17.457,2.005,621879297.000
-0.415,0.382,-0.026,-3.375,-17.397,2.015,621879397.000
-0.413,0.383,-0.018,-3.340,-17.312,2.007,621879497.000
-0.409,0.378,-0.016,-3.329,-17.280,2.018,621879596.000
-0.409,0.378,-0.018,-3.287,-17.240,2.018,621879696.000
-0.405,0.375,-0.013,-3.261,-17.175,2.011,621879796.000
-0.405,0.375,-0.018,-3.206,-17.094,1.984,621879896.000
-0.410,0.372,-0.023,-3.207,-17.013,2.003,621879997.000
-0.404,0.371,-0.015,-3.173,-16.977,1.986,621880096.000
-0.402,0.372,-0.018,-3.110,-16.925,1.978,621880196.000
-0.400,0.371,-0.013,-3.104,-16.848,1.988,621880297.000
-0.402,0.367,-0.013,-3.099,-16.786,2.016,621880397.000
-0.400,0.363,-0.015,-3.080,-16.758,1.989,621880497.000
-0.398,0.364,-0.020,-3.072,-16.691,1.981,621880596.000
-0.396,0.363,-0.020,-2.996,-16.654,1.964,621880696.000
-0.396,0.360,-0.018,-3.011,-16.573,1.983,621880796.000
-0.390,0.361,-0.018,-2.975,-16.563,2.003,621880896.000
-0.390,0.359,-0.022,-2.990,-16.531,1.966,621880996.000
-0.388,0.352,-0.020,-2.973,-16.462,1.958,621881096.000
-0.388,0.354,-0.020,-2.916,-16.389,1.968,621881196.000
-0.384,0.349,-0.015,-2.932,-16.373,1.978,621881297.000
-0.388,0.349,-0.022,-2.891,-16.275,1.979,621881397.000
-0.386,0.353,-0.015,-2.841,-16.239,1.980,621881496.000
-0.382,0.343,-0.017,-2.873,-16.199,1.972,621881596.000
-0.382,0.345,-0.015,-2.844,-16.142,1.981,621881697.000
-0.378,0.345,-0.020,-2.830,-16.160,1.954,621881797.000
-0.383,0.345,-0.017,-2.748,-16.053,1.955,621881896.000
-0.378,0.345,-0.019,-2.747,-16.014,1.956,621881997.000
-0.379,0.337,-0.019,-2.765,-15.965,1.957,621882096.000
-0.379,0.337,-0.024,-2.765,-15.933,1.957,621882196.000
-0.377,0.343,-0.024,-2.685,-15.873,1.940,621882297.000
-0.375,0.337,-0.022,-2.709,-15.828,1.931,621882396.000
-0.373,0.336,-0.022,-2.716,-15.793,1.969,621882497.000
-0.371,0.334,-0.024,-2.668,-15.740,1.952,621882597.000
-0.369,0.335,-0.022,-2.619,-15.744,1.943,621882696.000
-0.373,0.335,-0.022,-2.634,-15.646,1.943,621882797.000
-0.367,0.331,-0.017,-2.614,-15.643,1.944,621882897.000
-0.369,0.328,-0.027,-2.637,-15.567,1.945,621882997.000
-0.367,0.326,-0.029,-2.603,-15.539,1.927,621883096.000
-0.363,0.329,-0.024,-2.559,-15.499,1.937,621883197.000
-0.365,0.327,-0.026,-2.554,-15.446,1.919,621883297.000
-0.363,0.326,-0.024,-2.506,-15.426,1.929,621883396.000
-0.365,0.325,-0.021,-2.541,-15.332,1.939,621883497.000
-0.359,0.321,-0.019,-2.536,-15.337,1.940,621883597.000
-0.359,0.321,-0.021,-2.494,-15.297,1.941,621883697.000
-0.361,0.322,-0.024,-2.445,-15.243,1.932,621883796.000
-0.359,0.320,-0.021,-2.453,-15.224,1.914,621883897.000
-0.357,0.319,-0.021,-2.446,-15.163,1.924,621883997.000
-0.355,0.315,-0.021,-2.427,-15.103,1.925,621884097.000
-0.353,0.319,-0.024,-2.390,-15.124,1.925,621884197.000
-0.360,0.315,-0.021,-2.400,-15.029,1.925,621884297.000
-0.353,0.314,-0.021,-2.379,-15.018,1.936,621884396.000
-0.356,0.312,-0.019,-2.360,-14.973,1.918,621884497.000
-0.356,0.315,-0.019,-2.372,-14.924,1.927,621884596.000
-0.352,0.310,-0.021,-2.347,-14.885,1.910,621884696.000
-0.350,0.311,-0.023,-2.338,-14.882,1.929,621884797.000
-0.348,0.305,-0.021,-2.335,-14.837,1.921,621884896.000
-0.348,0.307,-0.023,-2.278,-14.797,1.903,621884996.000
-0.348,0.304,-0.026,-2.321,-14.781,1.894,621885097.000
-0.346,0.303,-0.016,-2.301,-14.712,1.932,621885197.000
-0.346,0.303,-0.018,-2.274,-14.695,1.904,621885296.000
-0.344,0.302,-0.021,-2.239,-14.668,1.914,621885396.000
-0.342,0.300,-0.018,-2.233,-14.623,1.924,621885497.000
-0.340,0.302,-0.023,-2.211,-14.580,1.916,621885597.000
-0.342,0.300,-0.021,-2.205,-14.559,1.897,621885696.000
-0.342,0.295,-0.023,-2.194,-14.518,1.907,621885796.000
-0.336,0.296,-0.023,-2.213,-14.508,1.899,621885897.000
-0.340,0.296,-0.026,-2.186,-14.466,1.899,621885997.000
-0.338,0.292,-0.026,-2.167,-14.406,1.900,621886096.000
-0.340,0.291,-0.025,-2.175,-14.345,1.882,621886196.000
-0.332,0.296,-0.028,-2.116,-14.379,1.874,621886296.000
-0.336,0.291,-0.025,-2.147,-14.273,1.883,621886397.000
-0.334,0.290,-0.025,-2.154,-14.286,1.893,621886497.000
-0.332,0.291,-0.020,-2.118,-14.233,1.912,621886596.000
-0.334,0.287,-0.023,-2.073,-14.179,1.885,621886696.000
-0.332,0.288,-0.025,-2.051,-14.152,1.876,621886796.000
-0.330,0.289,-0.033,-2.043,-14.117,1.868,621886897.000
-0.328,0.285,-0.028,-2.052,-14.137,1.868,621886996.000
-0.330,0.284,-0.025,-2.032,-14.091,1.878,621887097.000
-0.328,0.283,-0.023,-2.039,-14.023,1.888,621887196.000
-0.328,0.277,-0.035,-2.041,-13.992,1.870,621887296.000
-0.328,0.283,-0.032,-1.984,-13.959,1.861,621887397.000
-0.322,0.281,-0.025,-1.990,-13.948,1.899,621887497.000
-0.327,0.279,-0.025,-1.965,-13.898,1.862,621887597.000
-0.325,0.277,-0.025,-2.000,-13.862,1.899,621887696.000
-0.325,0.277,-0.023,-1.945,-13.829,1.872,621887796.000
-0.325,0.280,-0.027,-1.902,-13.797,1.882,621887896.000
-0.321,0.277,-0.025,-1.903,-13.765,1.874,621887997.000
-0.323,0.278,-0.027,-1.895,-13.737,1.865,621888096.000
-0.319,0.273,-0.025,-1.925,-13.730,1.875,621888196.000
-0.321,0.274,-0.027,-1.890,-13.652,1.866,621888296.000
-0.317,0.272,-0.030,-1.905,-13.662,1.857,621888396.000
-0.314,0.273,-0.030,-1.869,-13.626,1.876,621888497.000
-0.315,0.273,-0.020,-1.842,-13.592,1.877,621888596.000
-0.312,0.269,-0.025,-1.851,-13.597,1.850,621888697.000
-0.315,0.270,-0.025,-1.816,-13.536,1.869,621888797.000
-0.317,0.269,-0.022,-1.810,-13.466,1.850,621888896.000
-0.313,0.269,-0.022,-1.782,-13.491,1.851,621888996.000
-0.311,0.270,-0.025,-1.773,-13.439,1.870,621889096.000
-0.313,0.264,-0.025,-1.784,-13.378,1.861,621889196.000
-0.309,0.264,-0.025,-1.756,-13.355,1.863,621889296.000
-0.307,0.262,-0.029,-1.777,-13.360,1.844,621889396.000
-0.311,0.262,-0.027,-1.736,-13.277,1.845,621889497.000
-0.307,0.262,-0.027,-1.749,-13.278,1.845,621889597.000
-0.309,0.261,-0.022,-1.702,-13.200,1.855,621889697.000
-0.307,0.257,-0.029,-1.724,-13.214,1.855,621889797.000
-0.309,0.258,-0.019,-1.690,-13.167,1.846,621889896.000
-0.305,0.256,-0.032,-1.704,-13.113,1.838,621889996.000
-0.301,0.256,-0.029,-1.690,-13.130,1.839,621890096.000
-0.305,0.255,-0.027,-1.663,-13.072,1.839,621890196.000
-0.299,0.254,-0.029,-1.628,-13.069,1.822,621890296.000
-0.301,0.253,-0.024,-1.623,-13.016,1.831,621890397.000
-0.304,0.254,-0.024,-1.615,-12.954,1.850,621890496.000
-0.301,0.258,-0.029,-1.578,-12.959,1.822,621890597.000
-0.299,0.251,-0.034,-1.601,-12.916,1.842,621890697.000
-0.295,0.251,-0.027,-1.574,-12.940,1.842,621890796.000
-0.293,0.250,-0.024,-1.595,-12.896,1.825,621890896.000
-0.295,0.251,-0.029,-1.560,-12.852,1.843,621890997.000
-0.302,0.253,-0.022,-1.540,-12.788,1.834,621891096.000
-0.293,0.245,-0.027,-1.556,-12.759,1.835,621891197.000
-0.291,0.246,-0.029,-1.548,-12.755,1.827,621891296.000
-0.291,0.243,-0.029,-1.522,-12.731,1.818,621891396.000
-0.291,0.243,-0.029,-1.536,-12.706,1.818,621891496.000
-0.291,0.243,-0.026,-1.508,-12.674,1.818,621891597.000
-0.292,0.243,-0.034,-1.508,-12.626,1.819,621891696.000
-0.292,0.243,-0.034,-1.480,-12.577,1.819,621891797.000
-0.290,0.239,-0.031,-1.489,-12.581,1.820,621891897.000
-0.288,0.238,-0.026,-1.483,-12.553,1.830,621891995.000
-0.290,0.239,-0.029,-1.462,-12.500,1.821,621892096.000
-0.288,0.243,-0.029,-1.411,-12.464,1.822,621892196.000
-0.288,0.240,-0.024,-1.399,-12.447,1.785,621892296.000
-0.288,0.235,-0.034,-1.401,-12.432,1.795,621892395.000
-0.286,0.236,-0.031,-1.421,-12.364,1.814,621892495.000
-0.288,0.235,-0.024,-1.387,-12.326,1.851,621892595.000
-0.284,0.235,-0.026,-1.359,-12.335,1.824,621892696.000
-0.282,0.234,-0.026,-1.381,-12.323,1.806,621892797.000
-0.284,0.227,-0.021,-1.391,-12.245,1.825,621892896.000
-0.280,0.230,-0.026,-1.375,-12.239,1.807,621892995.000
-0.282,0.236,-0.033,-1.310,-12.227,1.816,621893096.000
-0.284,0.230,-0.024,-1.307,-12.156,1.808,621893195.000
-0.280,0.230,-0.031,-1.293,-12.158,1.781,621893295.000
-0.278,0.231,-0.026,-1.312,-12.154,1.799,621893395.000
-0.282,0.231,-0.019,-1.272,-12.103,1.827,621893495.000
-0.280,0.227,-0.026,-1.294,-12.068,1.800,621893595.000
-0.276,0.229,-0.028,-1.265,-12.053,1.782,621893695.000
-0.278,0.226,-0.036,-1.231,-11.992,1.811,621893795.000
-0.276,0.224,-0.028,-1.253,-11.980,1.793,621893896.000
-0.274,0.223,-0.023,-1.233,-11.976,1.803,621893995.000
-0.270,0.225,-0.031,-1.217,-11.953,1.785,621894095.000
-0.274,0.220,-0.023,-1.235,-11.903,1.794,621894195.000
-0.272,0.221,-0.033,-1.212,-11.876,1.785,621894295.000
-0.275,0.223,-0.026,-1.219,-11.839,1.804,621894396.000
-0.270,0.223,-0.031,-1.136,-11.831,1.777,621894496.000
-0.268,0.219,-0.031,-1.172,-11.820,1.805,621894596.000
-0.270,0.217,-0.036,-1.152,-11.775,1.787,621894697.000
-0.268,0.214,-0.028,-1.175,-11.739,1.788,621894797.000
-0.266,0.217,-0.026,-1.138,-11.743,1.788,621894897.000
-0.266,0.217,-0.028,-1.124,-11.703,1.789,621894997.000
-0.266,0.212,-0.026,-1.155,-11.670,1.771,621895096.000
-0.267,0.215,-0.033,-1.111,-11.622,1.780,621895197.000
-0.264,0.213,-0.025,-1.105,-11.610,1.790,621895296.000
-0.265,0.211,-0.033,-1.106,-11.586,1.781,621895396.000
-0.262,0.212,-0.028,-1.085,-11.558,1.773,621895497.000
-0.258,0.212,-0.033,-1.070,-11.575,1.773,621895596.000
-0.265,0.213,-0.030,-1.050,-11.480,1.764,621895697.000
-0.263,0.209,-0.030,-1.059,-11.468,1.764,621895797.000
-0.265,0.208,-0.030,-1.066,-11.407,1.774,621895896.000
-0.263,0.207,-0.030,-1.046,-11.420,1.783,621895996.000
-0.263,0.204,-0.028,-1.034,-11.387,1.775,621896097.000
-0.256,0.205,-0.038,-1.025,-11.410,1.766,621896196.000
-0.259,0.206,-0.035,-0.976,-11.340,1.758,621896297.000
-0.261,0.210,-0.025,-0.941,-11.269,1.758,621896397.000
-0.259,0.206,-0.030,-0.963,-11.250,1.758,621896496.000
-0.255,0.206,-0.035,-0.948,-11.268,1.787,621896596.000
-0.250,0.201,-0.030,-0.964,-11.253,1.769,621896697.000
-0.255,0.201,-0.025,-0.951,-11.186,1.769,621896796.000
-0.255,0.201,-0.030,-0.924,-11.154,1.742,621896897.000
-0.251,0.199,-0.038,-0.923,-11.156,1.789,621896996.000
-0.253,0.197,-0.033,-0.932,-11.126,1.770,621897097.000
-0.255,0.201,-0.035,-0.896,-11.073,1.743,621897196.000
-0.253,0.200,-0.032,-0.875,-11.053,1.780,621897297.000
-0.253,0.197,-0.035,-0.891,-11.037,1.744,621897397.000
-0.249,0.200,-0.035,-0.861,-11.038,1.754,621897497.000
-0.253,0.200,-0.032,-0.834,-10.980,1.754,621897597.000
-0.249,0.194,-0.027,-0.878,-10.965,1.764,621897697.000
-0.247,0.198,-0.030,-0.827,-10.961,1.764,621897796.000
-0.249,0.194,-0.027,-0.809,-10.891,1.765,621897896.000
-0.245,0.192,-0.032,-0.823,-10.885,1.729,621897996.000
-0.247,0.196,-0.035,-0.800,-10.856,1.756,621898096.000
-0.245,0.189,-0.030,-0.839,-10.852,1.747,621898196.000
-0.247,0.188,-0.032,-0.805,-10.799,1.757,621898296.000
-0.248,0.190,-0.032,-0.789,-10.751,1.767,621898397.000
-0.239,0.190,-0.032,-0.747,-10.777,1.740,621898496.000
-0.243,0.185,-0.030,-0.778,-10.719,1.749,621898596.000
-0.246,0.186,-0.030,-0.757,-10.682,1.740,621898696.000
-0.241,0.186,-0.034,-0.743,-10.699,1.713,621898796.000
-0.244,0.185,-0.032,-0.737,-10.630,1.723,621898897.000
-0.242,0.184,-0.032,-0.758,-10.618,1.732,621898996.000
-0.237,0.186,-0.037,-0.687,-10.611,1.715,621899097.000
-0.239,0.187,-0.034,-0.638,-10.590,1.734,621899197.000
-0.240,0.185,-0.037,-0.667,-10.550,1.725,621899296.000
-0.240,0.182,-0.029,-0.655,-10.500,1.744,621899397.000
-0.235,0.179,-0.032,-0.655,-10.485,1.735,621899497.000
-0.233,0.181,-0.032,-0.648,-10.498,1.726,621899597.000
-0.236,0.177,-0.034,-0.657,-10.445,1.727,621899696.000
-0.238,0.181,-0.029,-0.607,-10.416,1.754,621899796.000
-0.238,0.178,-0.039,-0.608,-10.376,1.718,621899896.000
-0.236,0.179,-0.029,-0.559,-10.379,1.737,621899996.000
-0.234,0.178,-0.034,-0.580,-10.336,1.719,621900097.000
-0.232,0.172,-0.034,-0.603,-10.324,1.738,621900197.000
-0.234,0.175,-0.037,-0.554,-10.295,1.710,621900296.000
-0.232,0.174,-0.037,-0.561,-10.260,1.720,621900397.000
-0.232,0.169,-0.032,-0.564,-10.243,1.730,621900497.000
-0.230,0.173,-0.034,-0.541,-10.239,1.703,621900597.000
-0.228,0.169,-0.037,-0.521,-10.212,1.731,621900697.000
-0.230,0.173,-0.034,-0.527,-10.167,1.731,621900796.000
-0.228,0.169,-0.034,-0.480,-10.154,1.732,621900897.000
-0.226,0.170,-0.039,-0.472,-10.135,1.723,621900996.000
-0.228,0.168,-0.039,-0.452,-10.074,1.705,621901096.000
-0.224,0.168,-0.031,-0.439,-10.074,1.706,621901196.000
-0.226,0.167,-0.034,-0.432,-10.070,1.715,621901297.000
-0.226,0.164,-0.039,-0.406,-10.013,1.707,621901396.000
-0.226,0.167,-0.036,-0.404,-9.956,1.716,621901496.000
-0.226,0.159,-0.031,-0.409,-9.964,1.744,621901597.000
-0.224,0.163,-0.034,-0.386,-9.960,1.717,621901696.000
-0.222,0.164,-0.039,-0.391,-9.917,1.736,621901796.000
-0.222,0.162,-0.036,-0.366,-9.908,1.699,621901896.000
-0.222,0.159,-0.039,-0.339,-9.868,1.718,621901996.000
-0.220,0.163,-0.031,-0.303,-9.856,1.719,621902096.000
-0.218,0.157,-0.034,-0.354,-9.828,1.710,621902196.000
-0.225,0.160,-0.036,-0.318,-9.750,1.710,621902296.000
-0.220,0.155,-0.034,-0.306,-9.766,1.720,621902396.000
-0.218,0.156,-0.034,-0.285,-9.755,1.711,621902497.000
-0.221,0.155,-0.031,-0.265,-9.709,1.721,621902597.000
-0.218,0.154,-0.041,-0.286,-9.683,1.703,621902696.000
-0.221,0.155,-0.034,-0.238,-9.644,1.694,621902796.000
-0.219,0.156,-0.029,-0.216,-9.616,1.713,621902896.000
-0.217,0.150,-0.036,-0.239,-9.605,1.704,621902996.000
-0.217,0.150,-0.034,-0.253,-9.597,1.704,621903096.000
-0.214,0.151,-0.034,-0.204,-9.585,1.723,621903196.000
-0.215,0.151,-0.036,-0.190,-9.545,1.724,621903296.000
-0.217,0.150,-0.034,-0.212,-9.524,1.705,621903397.000
-0.213,0.144,-0.033,-0.187,-9.500,1.688,621903496.000
-0.215,0.153,-0.038,-0.133,-9.456,1.706,621903596.000
-0.213,0.147,-0.036,-0.158,-9.460,1.698,621903697.000
-0.213,0.149,-0.033,-0.115,-9.427,1.707,621903796.000
-0.211,0.148,-0.038,-0.122,-9.408,1.689,621903897.000
-0.213,0.147,-0.038,-0.116,-9.371,1.699,621903996.000
-0.211,0.148,-0.033,-0.081,-9.367,1.690,621904096.000
-0.209,0.144,-0.036,-0.089,-9.339,1.718,621904196.000
-0.207,0.145,-0.038,-0.081,-9.336,1.709,621904296.000
-0.213,0.144,-0.031,-0.062,-9.248,1.719,621904396.000
-0.209,0.149,-0.031,-0.032,-9.274,1.710,621904497.000
-0.202,0.143,-0.040,-0.027,-9.272,1.674,621904596.000
-0.207,0.143,-0.033,-0.014,-9.222,1.702,621904696.000
-0.207,0.140,-0.038,-0.042,-9.166,1.693,621904796.000
-0.207,0.140,-0.036,0.026,-9.157,1.694,621904897.000
-0.203,0.135,-0.041,-0.031,-9.150,1.703,621904996.000
-0.207,0.135,-0.038,0.010,-9.116,1.676,621905096.000
-0.207,0.135,-0.036,0.010,-9.084,1.676,621905196.000
-0.205,0.133,-0.036,0.030,-9.048,1.686,621905296.000
-0.203,0.135,-0.040,0.038,-9.028,1.677,621905396.000
-0.203,0.132,-0.040,0.037,-9.004,1.668,621905496.000
-0.203,0.140,-0.043,0.082,-8.988,1.668,621905597.000
-0.201,0.131,-0.035,0.056,-9.000,1.650,621905696.000
-0.199,0.132,-0.043,0.093,-8.965,1.670,621905796.000
-0.199,0.129,-0.035,0.091,-8.940,1.688,621905896.000
-0.199,0.134,-0.038,0.121,-8.924,1.679,621905996.000
-0.201,0.131,-0.040,0.112,-8.871,1.680,621906096.000
-0.202,0.130,-0.035,0.112,-8.854,1.680,621906196.000
-0.197,0.128,-0.033,0.111,-8.871,1.671,621906297.000
-0.197,0.130,-0.038,0.168,-8.814,1.681,621906397.000
-0.195,0.127,-0.038,0.159,-8.803,1.682,621906496.000
-0.193,0.128,-0.038,0.181,-8.791,1.701,621906596.000
-0.195,0.124,-0.038,0.172,-8.754,1.673,621906697.000
-0.196,0.124,-0.040,0.186,-8.714,1.673,621906796.000
-0.193,0.125,-0.043,0.221,-8.710,1.665,621906896.000
-0.191,0.124,-0.040,0.186,-8.691,1.674,621906997.000
-0.196,0.124,-0.040,0.213,-8.665,1.674,621907097.000
-0.191,0.124,-0.037,0.255,-8.633,1.648,621907196.000
-0.194,0.122,-0.038,0.233,-8.596,1.657,621907296.000
-0.192,0.124,-0.038,0.269,-8.609,1.676,621907397.000
-0.192,0.118,-0.040,0.239,-8.593,1.657,621907496.000
-0.192,0.116,-0.043,0.238,-8.553,1.676,621907596.000
-0.190,0.117,-0.040,0.273,-8.532,1.695,621907697.000
-0.188,0.116,-0.035,0.293,-8.528,1.705,621907796.000
-0.188,0.118,-0.037,0.295,-8.488,1.687,621907897.000
-0.186,0.114,-0.035,0.299,-8.468,1.660,621907996.000
-0.188,0.116,-0.035,0.334,-8.406,1.651,621908096.000
-0.190,0.119,-0.040,0.384,-8.410,1.651,621908196.000
-0.186,0.117,-0.037,0.370,-8.403,1.643,621908297.000
-0.186,0.109,-0.035,0.338,-8.346,1.671,621908396.000
-0.179,0.116,-0.042,0.391,-8.361,1.681,621908497.000
-0.188,0.110,-0.032,0.359,-8.325,1.662,621908597.000
-0.186,0.106,-0.035,0.350,-8.297,1.662,621908696.000
-0.184,0.108,-0.040,0.386,-8.278,1.654,621908796.000
-0.182,0.109,-0.035,0.394,-8.274,1.672,621908897.000
-0.182,0.109,-0.037,0.408,-8.234,1.701,621908996.000
-0.180,0.108,-0.035,0.414,-8.238,1.655,621909097.000
-0.180,0.105,-0.037,0.413,-8.198,1.646,621909197.000
-0.180,0.105,-0.035,0.440,-8.165,1.647,621909297.000
-0.178,0.109,-0.042,0.478,-8.154,1.675,621909396.000
-0.180,0.105,-0.040,0.468,-8.133,1.647,621909496.000
-0.182,0.109,-0.037,0.490,-8.087,1.647,621909596.000
-0.180,0.102,-0.040,0.453,-8.036,1.666,621909697.000
-0.174,0.101,-0.039,0.446,-8.074,1.648,621909797.000
-0.178,0.101,-0.032,0.473,-8.047,1.648,621909897.000
-0.180,0.102,-0.037,0.522,-8.027,1.639,621909996.000
-0.176,0.102,-0.044,0.523,-8.004,1.640,621910097.000
-0.174,0.103,-0.039,0.544,-7.976,1.659,621910196.000
-0.176,0.105,-0.039,0.593,-7.939,1.650,621910297.000
-0.176,0.099,-0.039,0.549,-7.915,1.660,621910396.000
-0.176,0.097,-0.042,0.506,-7.899,1.623,621910496.000
-0.174,0.101,-0.037,0.570,-7.870,1.651,621910596.000
-0.174,0.095,-0.037,0.567,-7.870,1.633,621910696.000
-0.174,0.101,-0.037,0.612,-7.846,1.652,621910796.000
-0.170,0.095,-0.039,0.582,-7.855,1.634,621910897.000
-0.168,0.094,-0.042,0.589,-7.828,1.644,621910997.000
-0.173,0.099,-0.039,0.633,-7.745,1.662,621911097.000
-0.168,0.094,-0.039,0.602,-7.771,1.617,621911196.000
-0.170,0.093,-0.044,0.650,-7.726,1.654,621911297.000
-0.168,0.094,-0.037,0.644,-7.713,1.645,621911397.000
-0.168,0.091,-0.042,0.629,-7.682,1.636,621911496.000
-0.171,0.090,-0.037,0.690,-7.676,1.646,621911597.000
-0.169,0.091,-0.042,0.698,-7.657,1.637,621911697.000
-0.169,0.089,-0.032,0.654,-7.624,1.628,621911797.000
-0.162,0.093,-0.044,0.679,-7.631,1.628,621911896.000
-0.169,0.091,-0.042,0.712,-7.584,1.665,621911998.000
-0.167,0.090,-0.039,0.677,-7.564,1.647,621912098.000
-0.165,0.089,-0.044,0.697,-7.545,1.629,621912197.000
-0.167,0.087,-0.042,0.717,-7.499,1.639,621912297.000
-0.163,0.090,-0.037,0.732,-7.508,1.649,621912398.000
-0.163,0.087,-0.036,0.758,-7.483,1.640,621912497.000
-0.165,0.086,-0.041,0.751,-7.439,1.649,621912597.000
-0.163,0.084,-0.044,0.743,-7.436,1.603,621912697.000
-0.163,0.079,-0.044,0.727,-7.411,1.613,621912797.000
-0.158,0.087,-0.039,0.801,-7.420,1.641,621912897.000
-0.163,0.082,-0.036,0.769,-7.362,1.623,621912998.000
-0.161,0.083,-0.041,0.778,-7.343,1.642,621913097.000
-0.161,0.083,-0.036,0.805,-7.326,1.642,621913198.000
-0.154,0.079,-0.039,0.783,-7.348,1.643,621913297.000
-0.165,0.083,-0.036,0.846,-7.276,1.642,621913398.000
-0.157,0.078,-0.044,0.817,-7.279,1.625,621913497.000
-0.159,0.079,-0.034,0.837,-7.257,1.616,621913598.000
-0.161,0.075,-0.046,0.815,-7.213,1.616,621913697.000
-0.155,0.079,-0.041,0.852,-7.259,1.616,621913798.000
-0.159,0.079,-0.041,0.852,-7.185,1.616,621913897.000
-0.155,0.074,-0.044,0.822,-7.194,1.626,621913997.000
-0.155,0.076,-0.039,0.864,-7.177,1.608,621914097.000
-0.153,0.075,-0.041,0.871,-7.150,1.618,621914198.000
-0.153,0.077,-0.048,0.887,-7.102,1.600,621914298.000
-0.153,0.075,-0.041,0.899,-7.101,1.619,621914397.000
-0.155,0.074,-0.036,0.890,-7.072,1.600,621914497.000
-0.153,0.072,-0.039,0.911,-7.068,1.638,621914597.000
-0.153,0.075,-0.036,0.926,-7.036,1.619,621914698.000
-0.155,0.071,-0.041,0.917,-7.015,1.619,621914797.000
-0.151,0.073,-0.046,0.933,-7.009,1.601,621914897.000
-0.149,0.070,-0.048,0.925,-6.981,1.602,621914997.000
-0.153,0.070,-0.041,0.938,-6.930,1.602,621915098.000
-0.149,0.072,-0.038,0.967,-6.948,1.612,621915198.000
-0.151,0.068,-0.041,0.958,-6.943,1.584,621915297.000
-0.151,0.066,-0.041,0.929,-6.870,1.631,621915396.000
-0.149,0.070,-0.038,0.994,-6.874,1.631,621915497.000
-0.147,0.071,-0.038,0.987,-6.863,1.622,621915597.000
-0.145,0.067,-0.051,0.966,-6.845,1.595,621915697.000
-0.149,0.067,-0.048,1.006,-6.810,1.595,621915797.000
-0.145,0.064,-0.046,0.991,-6.803,1.587,621915897.000
-0.147,0.065,-0.043,0.999,-6.806,1.605,621915998.000
-0.145,0.062,-0.048,1.018,-6.763,1.606,621916097.000
-0.145,0.064,-0.046,1.019,-6.754,1.587,621916197.000
-0.143,0.065,-0.041,1.041,-6.726,1.606,621916297.000
-0.145,0.064,-0.043,1.033,-6.697,1.588,621916397.000
-0.146,0.061,-0.046,1.046,-6.681,1.607,621916497.000
-0.143,0.063,-0.046,1.053,-6.646,1.598,621916598.000
-0.146,0.059,-0.041,1.044,-6.640,1.598,621916697.000
-0.141,0.064,-0.048,1.061,-6.642,1.589,621916798.000
-0.141,0.059,-0.036,1.058,-6.625,1.599,621916897.000
-0.142,0.061,-0.041,1.101,-6.593,1.581,621916997.000
-0.142,0.061,-0.041,1.115,-6.568,1.609,621917097.000
-0.140,0.060,-0.038,1.079,-6.549,1.591,621917196.000
-0.142,0.061,-0.041,1.128,-6.544,1.581,621917297.000
-0.144,0.057,-0.038,1.105,-6.499,1.609,621917397.000
-0.140,0.060,-0.045,1.135,-6.500,1.564,621917497.000
-0.140,0.057,-0.050,1.120,-6.468,1.582,621917596.000
-0.140,0.057,-0.046,1.120,-6.452,1.582,621917697.000
-0.138,0.059,-0.041,1.155,-6.399,1.602,621917798.000
-0.140,0.057,-0.045,1.148,-6.403,1.583,621917897.000
-0.140,0.052,-0.043,1.131,-6.395,1.593,621917996.000
-0.138,0.056,-0.045,1.168,-6.367,1.593,621918097.000
-0.140,0.057,-0.043,1.162,-6.346,1.611,621918196.000
-0.138,0.053,-0.043,1.180,-6.334,1.584,621918296.000
-0.136,0.054,-0.040,1.202,-6.338,1.576,621918396.000
-0.136,0.049,-0.040,1.158,-6.314,1.585,621918496.000
-0.132,0.049,-0.048,1.159,-6.292,1.586,621918597.000
-0.136,0.054,-0.045,1.216,-6.234,1.577,621918697.000
-0.132,0.052,-0.045,1.202,-6.259,1.595,621918798.000
-0.132,0.052,-0.053,1.229,-6.260,1.568,621918896.000
-0.132,0.052,-0.048,1.215,-6.219,1.568,621918996.000
-0.130,0.056,-0.040,1.238,-6.231,1.568,621919098.000
-0.130,0.050,-0.043,1.235,-6.215,1.578,621919196.000
-0.134,0.050,-0.043,1.248,-6.165,1.578,621919297.000
-0.128,0.047,-0.048,1.227,-6.171,1.579,621919396.000
-0.126,0.050,-0.048,1.264,-6.159,1.579,621919497.000
-0.128,0.044,-0.050,1.226,-6.131,1.570,621919596.000
-0.130,0.045,-0.043,1.233,-6.069,1.589,621919696.000
-0.132,0.052,-0.045,1.284,-6.064,1.570,621919798.000
-0.126,0.045,-0.045,1.274,-6.054,1.562,621919896.000
-0.126,0.048,-0.048,1.304,-6.062,1.571,621919997.000
-0.126,0.048,-0.043,1.290,-6.021,1.572,621920097.000
-0.128,0.044,-0.043,1.280,-5.984,1.544,621920196.000
-0.126,0.045,-0.038,1.288,-5.980,1.590,621920296.000
-0.128,0.044,-0.048,1.308,-5.952,1.572,621920397.000
-0.124,0.049,-0.047,1.325,-5.953,1.563,621920496.000
-0.124,0.044,-0.045,1.282,-5.945,1.600,621920597.000
-0.124,0.046,-0.042,1.351,-5.912,1.555,621920696.000
-0.124,0.043,-0.047,1.322,-5.904,1.546,621920796.000
-0.120,0.041,-0.042,1.335,-5.913,1.565,621920897.000
-0.122,0.040,-0.040,1.313,-5.892,1.546,621920997.000
-0.120,0.038,-0.045,1.320,-5.849,1.556,621921097.000
-0.120,0.041,-0.050,1.377,-5.841,1.566,621921197.000
-0.124,0.041,-0.050,1.390,-5.791,1.538,621921296.000
-0.124,0.043,-0.042,1.377,-5.790,1.519,621921397.000
-0.122,0.039,-0.047,1.355,-5.771,1.547,621921497.000
-0.118,0.040,-0.040,1.383,-5.796,1.576,621921597.000
-0.122,0.040,-0.045,1.397,-5.763,1.576,621921697.000
-0.116,0.033,-0.042,1.345,-5.744,1.540,621921799.000
-0.120,0.038,-0.042,1.389,-5.694,1.530,621921897.000
-0.120,0.033,-0.042,1.386,-5.694,1.540,621921997.000
-0.118,0.034,-0.047,1.395,-5.675,1.559,621922096.000
-0.114,0.039,-0.052,1.426,-5.668,1.550,621922196.000
-0.121,0.035,-0.045,1.416,-5.605,1.550,621922296.000
-0.118,0.034,-0.045,1.422,-5.642,1.531,621922397.000
-0.119,0.037,-0.047,1.451,-5.602,1.569,621922497.000
-0.114,0.039,-0.045,1.481,-5.619,1.579,621922596.000
-0.114,0.034,-0.052,1.451,-5.619,1.560,621922696.000
-0.117,0.030,-0.050,1.441,-5.550,1.533,621922799.000
-0.117,0.033,-0.045,1.442,-5.509,1.542,621922896.000
-0.119,0.031,-0.045,1.462,-5.544,1.551,621922996.000
-0.114,0.034,-0.050,1.492,-5.513,1.534,621923096.000
-0.115,0.031,-0.045,1.449,-5.497,1.524,621923197.000
-0.112,0.030,-0.050,1.469,-5.478,1.534,621923297.000
-0.112,0.033,-0.040,1.512,-5.493,1.571,621923396.000
-0.110,0.029,-0.045,1.476,-5.449,1.544,621923496.000
-0.115,0.031,-0.040,1.517,-5.407,1.526,621923596.000
-0.110,0.036,-0.052,1.536,-5.426,1.544,621923697.000
-0.113,0.030,-0.050,1.511,-5.405,1.535,621923797.000
-0.113,0.027,-0.050,1.524,-5.404,1.554,621923897.000
-0.113,0.027,-0.052,1.496,-5.340,1.526,621923997.000
-0.111,0.026,-0.047,1.502,-5.360,1.536,621924096.000
-0.108,0.025,-0.054,1.495,-5.374,1.518,621924196.000
-0.109,0.027,-0.052,1.552,-5.317,1.528,621924296.000
-0.109,0.027,-0.049,1.538,-5.308,1.528,621924396.000
-0.109,0.027,-0.049,1.551,-5.284,1.528,621924497.000
-0.111,0.026,-0.049,1.557,-5.295,1.537,621924596.000
-0.109,0.025,-0.049,1.537,-5.284,1.546,621924697.000
-0.111,0.021,-0.052,1.541,-5.255,1.547,621924797.000
-0.105,0.022,-0.047,1.563,-5.252,1.539,621924897.000
-0.107,0.023,-0.047,1.556,-5.264,1.529,621924996.000
-0.107,0.023,-0.049,1.570,-5.224,1.529,621925097.000
-0.109,0.027,-0.047,1.606,-5.202,1.529,621925196.000
-0.105,0.022,-0.052,1.591,-5.220,1.511,621925297.000
-0.107,0.020,-0.047,1.610,-5.142,1.521,621925397.000
-0.100,0.022,-0.054,1.619,-5.181,1.512,621925497.000
-0.105,0.022,-0.049,1.632,-5.114,1.540,621925596.000
-0.103,0.023,-0.054,1.627,-5.120,1.531,621925696.000
-0.103,0.020,-0.054,1.639,-5.071,1.522,621925796.000
-0.105,0.019,-0.052,1.617,-5.050,1.504,621925897.000
-0.103,0.018,-0.049,1.623,-5.054,1.513,621925997.000
-0.105,0.017,-0.049,1.630,-5.066,1.550,621926097.000
-0.105,0.019,-0.047,1.658,-5.009,1.532,621926197.000
-0.099,0.015,-0.052,1.651,-5.039,1.533,621926296.000
-0.105,0.016,-0.052,1.657,-5.001,1.523,621926397.000
-0.103,0.015,-0.049,1.650,-4.981,1.533,621926497.000
-0.103,0.015,-0.052,1.636,-4.989,1.505,621926597.000
-0.097,0.016,-0.049,1.658,-5.019,1.497,621926696.000
-0.101,0.016,-0.049,1.685,-4.945,1.524,621926796.000
-0.097,0.011,-0.049,1.656,-4.971,1.534,621926896.000
-0.099,0.018,-0.052,1.693,-4.942,1.515,621926996.000
-0.101,0.014,-0.049,1.698,-4.896,1.516,621927097.000
-0.097,0.016,-0.056,1.714,-4.922,1.498,621927196.000
-0.104,0.015,-0.047,1.677,-4.851,1.534,621927296.000
-0.099,0.015,-0.054,1.719,-4.901,1.507,621927397.000
-0.104,0.012,-0.052,1.703,-4.843,1.498,621927497.000
-0.099,0.015,-0.051,1.733,-4.844,1.508,621927596.000
-0.095,0.012,-0.052,1.733,-4.845,1.527,621927696.000
-0.099,0.010,-0.051,1.716,-4.820,1.489,621927803.000
-0.095,0.007,-0.056,1.702,-4.813,1.509,621927896.000
-0.097,0.008,-0.051,1.723,-4.760,1.500,621927996.000
-0.099,0.015,-0.049,1.788,-4.763,1.509,621928097.000
-0.099,0.010,-0.054,1.745,-4.755,1.518,621928196.000
-0.097,0.011,-0.051,1.766,-4.759,1.509,621928297.000
-0.095,0.010,-0.054,1.731,-4.757,1.518,621928396.000
-0.095,0.010,-0.051,1.759,-4.724,1.519,621928497.000
-0.095,0.007,-0.051,1.730,-4.700,1.510,621928597.000
-0.093,0.006,-0.051,1.764,-4.736,1.492,621928696.000
-0.095,0.007,-0.046,1.757,-4.683,1.482,621928796.000
-0.093,0.008,-0.049,1.779,-4.655,1.501,621928896.000
-0.091,0.007,-0.051,1.758,-4.676,1.538,621928997.000
-0.096,0.007,-0.054,1.758,-4.635,1.510,621929097.000
-0.091,0.007,-0.054,1.772,-4.636,1.511,621929197.000
-0.098,0.005,-0.054,1.763,-4.598,1.492,621929296.000
-0.091,0.009,-0.054,1.814,-4.636,1.493,621929397.000
-0.093,0.005,-0.054,1.805,-4.599,1.493,621929498.000
-0.093,0.008,-0.054,1.848,-4.598,1.502,621929598.000
-0.089,0.003,-0.051,1.804,-4.567,1.485,621929698.000
-0.089,0.003,-0.051,1.804,-4.567,1.485,621929798.000
-0.089,0.000,-0.051,1.789,-4.567,1.503,621929897.000
-0.089,0.003,-0.051,1.805,-4.567,1.513,621929997.000
-0.094,0.008,-0.046,1.834,-4.525,1.503,621930098.000
-0.087,0.002,-0.049,1.839,-4.523,1.523,621930197.000
-0.092,0.004,-0.054,1.853,-4.514,1.504,621930297.000
-0.090,0.003,-0.051,1.846,-4.494,1.513,621930397.000
-0.090,0.003,-0.049,1.873,-4.461,1.514,621930498.000
-0.090,0.003,-0.054,1.846,-4.478,1.514,621930597.000
-0.092,0.001,-0.056,1.852,-4.425,1.495,621930698.000
-0.085,-0.002,-0.051,1.844,-4.471,1.496,621930798.000
-0.085,0.000,-0.046,1.859,-4.454,1.505,621930897.000
-0.090,-0.002,-0.051,1.857,-4.421,1.496,621930998.000
-0.090,0.000,-0.051,1.858,-4.397,1.478,621931097.000
-0.086,0.000,-0.051,1.873,-4.398,1.506,621931197.000
-0.088,-0.001,-0.051,1.878,-4.409,1.487,621931298.000
-0.088,-0.001,-0.049,1.906,-4.376,1.515,621931398.000
-0.088,-0.004,-0.049,1.905,-4.352,1.507,621931497.000
-0.086,0.000,-0.051,1.900,-4.397,1.479,621931598.000
-0.090,-0.005,-0.051,1.842,-4.324,1.488,621931697.000
-0.086,-0.003,-0.051,1.885,-4.349,1.470,621931797.000
-0.086,-0.005,-0.054,1.870,-4.333,1.488,621931897.000
-0.084,-0.004,-0.054,1.892,-4.321,1.507,621931998.000
-0.086,-0.003,-0.054,1.913,-4.284,1.498,621932097.000
-0.084,-0.001,-0.053,1.921,-4.297,1.489,621932197.000
-0.086,-0.003,-0.061,1.914,-4.285,1.498,621932298.000
-0.086,-0.005,-0.051,1.897,-4.252,1.489,621932398.000
-0.082,-0.005,-0.051,1.912,-4.301,1.490,621932497.000
-0.086,-0.003,-0.051,1.927,-4.227,1.499,621932597.000
-0.084,-0.001,-0.051,1.934,-4.240,1.490,621932697.000
-0.082,-0.011,-0.053,1.881,-4.237,1.472,621932797.000
-0.086,-0.005,-0.049,1.939,-4.194,1.490,621932897.000
-0.082,-0.003,-0.051,1.955,-4.204,1.500,621932997.000
-0.084,-0.009,-0.056,1.889,-4.208,1.462,621933098.000
-0.082,-0.011,-0.051,1.923,-4.180,1.500,621933198.000
-0.084,-0.004,-0.051,1.960,-4.167,1.481,621933297.000
-0.084,-0.004,-0.058,1.961,-4.168,1.481,621933398.000
-0.084,-0.009,-0.053,1.958,-4.151,1.491,621933498.000
-0.082,-0.005,-0.051,1.967,-4.155,1.491,621933597.000
-0.082,-0.005,-0.056,1.968,-4.123,1.519,621933697.000
-0.080,-0.009,-0.053,1.972,-4.152,1.492,621933798.000
-0.078,-0.008,-0.056,1.967,-4.124,1.483,621933897.000
-0.078,-0.008,-0.048,1.980,-4.099,1.483,621933997.000
-0.078,-0.008,-0.053,1.994,-4.092,1.483,621934098.000
-0.080,-0.009,-0.056,1.972,-4.087,1.465,621934197.000
-0.080,-0.009,-0.053,1.958,-4.079,1.465,621934298.000
-0.078,-0.008,-0.046,1.994,-4.091,1.511,621934397.000
