-0.028,-0.113,-0.099,4.235,-1.082,1.309,622289204.000
-0.035,-0.120,-0.107,4.211,-1.069,1.327,622289303.000
-0.026,-0.117,-0.112,4.241,-1.112,1.309,622289403.000
-0.026,-0.117,-0.102,4.213,-1.127,1.309,622289503.000
-0.033,-0.116,-0.099,4.219,-1.056,1.299,622289603.000
-0.028,-0.119,-0.102,4.204,-1.114,1.290,622289704.000
-0.026,-0.115,-0.107,4.270,-1.119,1.318,622289803.000
-0.030,-0.122,-0.104,4.195,-1.110,1.290,622289904.000
-0.031,-0.117,-0.102,4.226,-1.077,1.309,622290004.000
-0.030,-0.115,-0.107,4.269,-1.094,1.290,622290104.000
-0.028,-0.121,-0.109,4.218,-1.115,1.309,622290203.000
-0.028,-0.116,-0.104,4.234,-1.074,1.300,622290303.000
-0.028,-0.116,-0.102,4.234,-1.090,1.327,622290403.000
-0.028,-0.116,-0.104,4.234,-1.074,1.327,622290504.000
-0.026,-0.115,-0.107,4.242,-1.119,1.290,622290603.000
-0.030,-0.117,-0.109,4.199,-1.078,1.308,622290704.000
-0.033,-0.121,-0.104,4.203,-1.049,1.309,622290803.000
-0.033,-0.113,-0.099,4.234,-1.057,1.308,622290903.000
-0.031,-0.117,-0.102,4.226,-1.077,1.309,622291003.000
-0.031,-0.117,-0.104,4.226,-1.062,1.309,622291103.000
-0.028,-0.111,-0.107,4.278,-1.082,1.291,622291204.000
-0.031,-0.117,-0.102,4.212,-1.053,1.281,622291303.000
-0.028,-0.116,-0.107,4.234,-1.058,1.300,622291403.000
-0.031,-0.117,-0.102,4.212,-1.053,1.281,622291503.000
-0.028,-0.119,-0.099,4.218,-1.058,1.291,622291603.000
-0.028,-0.113,-0.102,4.235,-1.066,1.309,622291704.000
-0.028,-0.116,-0.102,4.219,-1.114,1.272,622291804.000
-0.028,-0.116,-0.104,4.234,-1.074,1.300,622291903.000
-0.028,-0.119,-0.107,4.205,-1.083,1.290,622292003.000
-0.031,-0.117,-0.104,4.226,-1.061,1.281,622292104.000
-0.028,-0.119,-0.107,4.233,-1.082,1.318,622292204.000
-0.028,-0.121,-0.109,4.190,-1.067,1.281,622292303.000
-0.026,-0.117,-0.107,4.227,-1.071,1.309,622292403.000
-0.026,-0.120,-0.102,4.197,-1.079,1.300,622292504.000
-0.031,-0.115,-0.109,4.228,-1.054,1.290,622292603.000
-0.033,-0.116,-0.099,4.233,-1.032,1.300,622292703.000
-0.026,-0.122,-0.112,4.183,-1.064,1.291,622292803.000
-0.031,-0.115,-0.104,4.227,-1.037,1.290,622292904.000
-0.028,-0.119,-0.104,4.219,-1.074,1.291,622293003.000
-0.031,-0.120,-0.102,4.211,-1.077,1.299,622293103.000
-0.026,-0.117,-0.107,4.227,-1.071,1.309,622293203.000
-0.028,-0.119,-0.099,4.219,-1.058,1.318,622293303.000
-0.031,-0.125,-0.107,4.180,-1.046,1.281,622293404.000
-0.026,-0.117,-0.104,4.213,-1.063,1.309,622293504.000
-0.033,-0.119,-0.099,4.231,-1.008,1.291,622293604.000
-0.028,-0.116,-0.107,4.206,-1.058,1.272,622293703.000
-0.028,-0.119,-0.109,4.191,-1.091,1.290,622293804.000
-0.033,-0.116,-0.104,4.206,-1.098,1.299,622293904.000
-0.028,-0.118,-0.104,4.164,-1.172,1.317,622294003.000
-0.032,-0.118,-0.109,4.177,-1.187,1.289,622294104.000
-0.030,-0.115,-0.104,4.172,-1.232,1.288,622294203.000
-0.034,-0.117,-0.099,4.143,-1.263,1.334,622294304.000
-0.036,-0.113,-0.107,4.138,-1.299,1.305,622294403.000
-0.036,-0.113,-0.109,4.138,-1.332,1.305,622294503.000
-0.038,-0.109,-0.102,4.160,-1.416,1.304,622294603.000
-0.040,-0.110,-0.107,4.138,-1.444,1.312,622294703.000
-0.040,-0.108,-0.109,4.126,-1.525,1.321,622294803.000
-0.040,-0.110,-0.110,4.125,-1.598,1.339,622294904.000
-0.042,-0.109,-0.105,4.118,-1.641,1.329,622295003.000
-0.048,-0.102,-0.112,4.128,-1.653,1.337,622295104.000
-0.048,-0.100,-0.110,4.143,-1.717,1.345,622295204.000
-0.048,-0.105,-0.107,4.126,-1.806,1.354,622295304.000
-0.052,-0.100,-0.107,4.128,-1.829,1.344,622295403.000
-0.052,-0.105,-0.107,4.085,-1.902,1.380,622295504.000
-0.052,-0.102,-0.105,4.113,-1.990,1.361,622295603.000
-0.058,-0.101,-0.102,4.106,-1.993,1.378,622295703.000
-0.056,-0.097,-0.102,4.115,-2.127,1.377,622295803.000
-0.058,-0.098,-0.107,4.121,-2.155,1.358,622295904.000
-0.062,-0.093,-0.105,4.165,-2.218,1.403,622296003.000
-0.064,-0.097,-0.100,4.128,-2.261,1.403,622296103.000
-0.063,-0.096,-0.108,4.142,-2.383,1.402,622296204.000
-0.068,-0.096,-0.105,4.183,-2.446,1.401,622296303.000
-0.070,-0.098,-0.103,4.133,-2.523,1.409,622296404.000
-0.071,-0.094,-0.100,4.170,-2.598,1.436,622296503.000
-0.073,-0.095,-0.108,4.204,-2.707,1.444,622296605.000
-0.080,-0.091,-0.103,4.198,-2.750,1.443,622296705.000
-0.079,-0.091,-0.093,4.252,-2.861,1.470,622296804.000
-0.083,-0.093,-0.103,4.251,-2.942,1.487,622296904.000
-0.085,-0.092,-0.100,4.244,-3.018,1.477,622297004.000
-0.087,-0.088,-0.103,4.280,-3.110,1.449,622297105.000
-0.089,-0.089,-0.105,4.287,-3.203,1.484,622297205.000
-0.089,-0.089,-0.096,4.286,-3.364,1.511,622297304.000
-0.093,-0.086,-0.103,4.329,-3.436,1.519,622297404.000
-0.095,-0.088,-0.101,4.307,-3.560,1.499,622297505.000
-0.101,-0.084,-0.101,4.329,-3.619,1.526,622297604.000
-0.103,-0.085,-0.096,4.349,-3.735,1.561,622297704.000
-0.102,-0.082,-0.106,4.378,-3.841,1.542,622297804.000
-0.107,-0.079,-0.103,4.393,-3.929,1.578,622297904.000
-0.113,-0.075,-0.101,4.442,-4.003,1.576,622298004.000
-0.115,-0.079,-0.104,4.419,-4.120,1.603,622298104.000
-0.117,-0.080,-0.096,4.397,-4.228,1.583,622298204.000
-0.121,-0.078,-0.096,4.439,-4.299,1.591,622298304.000
-0.120,-0.078,-0.106,4.440,-4.430,1.618,622298404.000
-0.127,-0.079,-0.101,4.431,-4.472,1.598,622298504.000
-0.126,-0.071,-0.101,4.463,-4.593,1.625,622298604.000
-0.126,-0.073,-0.104,4.434,-4.699,1.642,622298705.000
-0.128,-0.069,-0.094,4.470,-4.774,1.642,622298804.000
-0.130,-0.071,-0.097,4.434,-4.891,1.649,622298905.000
-0.136,-0.067,-0.094,4.470,-4.941,1.676,622299004.000
-0.136,-0.064,-0.106,4.486,-5.007,1.657,622299104.000
-0.144,-0.064,-0.094,4.443,-5.060,1.683,622299204.000
-0.144,-0.066,-0.104,4.428,-5.142,1.673,622299304.000
-0.144,-0.064,-0.097,4.429,-5.263,1.708,622299404.000
-0.144,-0.064,-0.092,4.415,-5.319,1.680,622299505.000
-0.145,-0.060,-0.099,4.411,-5.405,1.707,622299604.000
-0.147,-0.058,-0.094,4.417,-5.472,1.697,622299704.000
-0.149,-0.060,-0.094,4.423,-5.532,1.705,622299805.000
-0.151,-0.058,-0.097,4.417,-5.576,1.723,622299904.000
-0.158,-0.057,-0.097,4.410,-5.611,1.712,622300003.000
-0.158,-0.054,-0.097,4.411,-5.684,1.721,622300103.000
-0.157,-0.054,-0.095,4.383,-5.749,1.720,622300204.000
-0.157,-0.051,-0.100,4.399,-5.814,1.729,622300303.000
-0.157,-0.049,-0.090,4.345,-5.902,1.737,622300404.000
-0.159,-0.053,-0.100,4.350,-5.923,1.736,622300503.000
-0.161,-0.051,-0.092,4.315,-5.982,1.726,622300604.000
-0.165,-0.046,-0.092,4.359,-5.981,1.744,622300703.000
-0.161,-0.046,-0.095,4.331,-6.088,1.716,622300804.000
-0.165,-0.046,-0.100,4.318,-6.103,1.743,622300904.000
-0.167,-0.042,-0.092,4.326,-6.163,1.742,622301003.000
-0.171,-0.044,-0.090,4.283,-6.202,1.759,622301104.000
-0.173,-0.038,-0.095,4.307,-6.230,1.768,622301204.000
-0.171,-0.039,-0.098,4.258,-6.300,1.748,622301303.000
-0.173,-0.035,-0.095,4.239,-6.328,1.775,622301405.000
-0.173,-0.038,-0.100,4.238,-6.418,1.765,622301503.000
-0.173,-0.038,-0.098,4.197,-6.458,1.765,622301604.000
-0.177,-0.035,-0.098,4.183,-6.481,1.745,622301703.000
-0.179,-0.039,-0.095,4.147,-6.509,1.772,622301803.000
-0.179,-0.031,-0.093,4.192,-6.573,1.772,622301904.000
-0.176,-0.035,-0.095,4.142,-6.619,1.772,622302004.000
-0.181,-0.027,-0.095,4.159,-6.642,1.770,622302104.000
-0.180,-0.027,-0.093,4.131,-6.707,1.742,622302204.000
-0.183,-0.031,-0.095,4.109,-6.727,1.769,622302303.000
-0.185,-0.027,-0.093,4.089,-6.755,1.768,622302403.000
-0.180,-0.024,-0.093,4.064,-6.853,1.777,622302503.000
-0.180,-0.019,-0.091,4.094,-6.869,1.768,622302603.000
-0.186,-0.028,-0.093,3.985,-6.864,1.776,622302704.000
-0.186,-0.023,-0.101,4.016,-6.962,1.766,622302803.000
-0.191,-0.023,-0.093,3.960,-6.936,1.792,622302903.000
-0.190,-0.017,-0.093,3.976,-7.009,1.782,622303003.000
-0.188,-0.019,-0.088,3.955,-7.078,1.819,622303103.000
-0.188,-0.019,-0.093,3.928,-7.095,1.791,622303203.000
-0.194,-0.017,-0.098,3.921,-7.098,1.781,622303304.000
-0.192,-0.011,-0.093,3.931,-7.143,1.790,622303404.000
-0.192,-0.013,-0.096,3.861,-7.224,1.779,622303504.000
-0.196,-0.013,-0.094,3.860,-7.215,1.806,622303604.000
-0.192,-0.011,-0.091,3.862,-7.281,1.816,622303704.000
-0.198,-0.007,-0.094,3.842,-7.300,1.786,622303804.000
-0.196,-0.005,-0.094,3.823,-7.361,1.804,622303904.000
-0.196,-0.008,-0.089,3.793,-7.369,1.795,622304004.000
-0.200,-0.010,-0.094,3.750,-7.409,1.785,622304104.000
-0.200,0.003,-0.091,3.812,-7.449,1.803,622304204.000
-0.202,-0.004,-0.089,3.732,-7.477,1.793,622304303.000
-0.204,-0.005,-0.089,3.711,-7.489,1.829,622304403.000
-0.200,0.000,-0.091,3.715,-7.547,1.820,622304503.000
-0.206,0.004,-0.091,3.722,-7.582,1.791,622304603.000
-0.201,0.004,-0.086,3.709,-7.615,1.819,622304704.000
-0.204,0.000,-0.094,3.645,-7.627,1.818,622304804.000
-0.206,0.002,-0.094,3.638,-7.688,1.808,622304903.000
-0.203,0.000,-0.087,3.631,-7.748,1.817,622305003.000
-0.205,0.004,-0.094,3.640,-7.760,1.816,622305103.000
-0.207,0.006,-0.089,3.591,-7.780,1.806,622305203.000
-0.207,0.008,-0.087,3.593,-7.821,1.842,622305303.000
-0.209,0.010,-0.097,3.559,-7.817,1.805,622305403.000
-0.205,0.007,-0.094,3.531,-7.883,1.796,622305503.000
-0.211,0.014,-0.089,3.540,-7.925,1.803,622305603.000
-0.207,0.006,-0.087,3.481,-7.943,1.804,622305704.000
-0.211,0.008,-0.094,3.482,-7.942,1.812,622305804.000
-0.213,0.018,-0.092,3.493,-7.970,1.802,622305904.000
-0.213,0.018,-0.084,3.493,-8.018,1.829,622306003.000
-0.213,0.015,-0.087,3.437,-8.075,1.819,622306103.000
-0.219,0.019,-0.089,3.445,-8.094,1.818,622306204.000
-0.215,0.019,-0.089,3.445,-8.119,1.819,622306303.000
-0.217,0.018,-0.092,3.383,-8.140,1.827,622306403.000
-0.215,0.022,-0.089,3.392,-8.193,1.827,622306503.000
-0.213,0.021,-0.092,3.384,-8.238,1.808,622306604.000
-0.217,0.023,-0.092,3.358,-8.237,1.816,622306704.000
-0.217,0.023,-0.095,3.344,-8.294,1.843,622306804.000
-0.217,0.028,-0.092,3.361,-8.335,1.834,622306903.000
-0.219,0.025,-0.094,3.296,-8.330,1.806,622307004.000
-0.216,0.026,-0.092,3.318,-8.383,1.824,622307104.000
-0.221,0.023,-0.082,3.246,-8.374,1.842,622307204.000
-0.223,0.025,-0.092,3.268,-8.418,1.832,622307304.000
-0.223,0.027,-0.090,3.283,-8.434,1.841,622307404.000
-0.223,0.030,-0.090,3.270,-8.483,1.822,622307504.000
-0.223,0.030,-0.092,3.229,-8.492,1.849,622307603.000
-0.220,0.031,-0.087,3.237,-8.536,1.840,622307703.000
-0.225,0.031,-0.090,3.209,-8.544,1.839,622307804.000
-0.229,0.029,-0.087,3.179,-8.559,1.829,622307903.000
-0.229,0.034,-0.087,3.182,-8.607,1.847,622308003.000
-0.229,0.031,-0.085,3.166,-8.623,1.837,622308104.000
-0.226,0.038,-0.092,3.191,-8.661,1.846,622308203.000
-0.226,0.036,-0.085,3.120,-8.709,1.836,622308304.000
-0.231,0.036,-0.085,3.106,-8.708,1.863,622308403.000
-0.230,0.038,-0.088,3.121,-8.741,1.844,622308503.000
-0.233,0.037,-0.090,3.100,-8.737,1.826,622308604.000
-0.230,0.038,-0.085,3.094,-8.806,1.844,622308703.000
-0.230,0.041,-0.088,3.068,-8.814,1.852,622308804.000
-0.234,0.043,-0.088,3.069,-8.813,1.861,622308903.000
-0.232,0.045,-0.090,3.077,-8.859,1.879,622309004.000
-0.232,0.040,-0.088,3.005,-8.899,1.860,622309104.000
-0.234,0.046,-0.090,3.042,-8.919,1.841,622309203.000
-0.236,0.047,-0.090,3.022,-8.907,1.859,622309304.000
-0.236,0.045,-0.085,2.993,-8.963,1.850,622309403.000
-0.232,0.050,-0.088,3.010,-8.997,1.868,622309503.000
-0.236,0.050,-0.088,3.009,-9.020,1.840,622309604.000
-0.238,0.046,-0.090,2.959,-9.040,1.867,622309704.000
-0.238,0.052,-0.080,2.989,-9.055,1.857,622309803.000
-0.238,0.052,-0.088,2.948,-9.080,1.857,622309903.000
-0.238,0.049,-0.085,2.919,-9.121,1.875,622310004.000
-0.240,0.053,-0.083,2.928,-9.100,1.902,622310103.000
-0.240,0.050,-0.088,2.871,-9.141,1.865,622310204.000
-0.240,0.058,-0.093,2.931,-9.182,1.864,622310303.000
-0.240,0.056,-0.090,2.888,-9.198,1.855,622310403.000
-0.244,0.056,-0.091,2.846,-9.197,1.882,622310504.000
-0.242,0.054,-0.088,2.824,-9.250,1.863,622310604.000
-0.246,0.054,-0.086,2.810,-9.217,1.862,622310704.000
-0.242,0.055,-0.088,2.797,-9.299,1.862,622310803.000
-0.244,0.058,-0.086,2.819,-9.302,1.862,622310903.000
-0.246,0.057,-0.081,2.797,-9.297,1.871,622311004.000
-0.246,0.060,-0.088,2.813,-9.346,1.852,622311103.000
-0.248,0.061,-0.081,2.779,-9.358,1.897,622311204.000
-0.246,0.062,-0.086,2.786,-9.387,1.860,622311303.000
-0.243,0.064,-0.081,2.753,-9.408,1.879,622311404.000
-0.246,0.060,-0.083,2.743,-9.452,1.878,622311503.000
-0.248,0.059,-0.081,2.694,-9.431,1.859,622311604.000
-0.245,0.063,-0.086,2.717,-9.509,1.859,622311704.000
-0.248,0.064,-0.081,2.711,-9.504,1.877,622311803.000
-0.245,0.065,-0.086,2.691,-9.534,1.868,622311904.000
-0.247,0.061,-0.083,2.668,-9.537,1.867,622312004.000
-0.247,0.064,-0.088,2.656,-9.602,1.876,622312103.000
-0.249,0.065,-0.088,2.663,-9.590,1.866,622312203.000
-0.249,0.068,-0.088,2.678,-9.638,1.875,622312303.000
-0.249,0.068,-0.088,2.651,-9.638,1.875,622312404.000
-0.256,0.074,-0.088,2.660,-9.649,1.883,622312504.000
-0.253,0.071,-0.084,2.624,-9.669,1.883,622312604.000
-0.251,0.067,-0.093,2.602,-9.715,1.855,622312704.000
-0.251,0.069,-0.084,2.616,-9.731,1.892,622312803.000
-0.253,0.071,-0.086,2.596,-9.702,1.855,622312904.000
-0.255,0.072,-0.091,2.576,-9.755,1.872,622313003.000
-0.255,0.075,-0.084,2.577,-9.779,1.881,622313104.000
-0.255,0.075,-0.084,2.536,-9.755,1.881,622313204.000
-0.253,0.071,-0.081,2.527,-9.807,1.881,622313303.000
-0.257,0.079,-0.089,2.545,-9.831,1.880,622313404.000
-0.257,0.076,-0.091,2.530,-9.864,1.870,622313503.000
-0.259,0.077,-0.084,2.523,-9.875,1.888,622313604.000
-0.261,0.076,-0.081,2.514,-9.878,1.842,622313704.000
-0.257,0.076,-0.076,2.474,-9.912,1.897,622313804.000
-0.259,0.085,-0.086,2.527,-9.932,1.887,622313903.000
-0.263,0.080,-0.081,2.482,-9.914,1.869,622314004.000
-0.259,0.075,-0.079,2.480,-9.956,1.906,622314104.000
-0.257,0.084,-0.084,2.492,-10.010,1.869,622314205.000
-0.259,0.078,-0.084,2.426,-9.997,1.887,622314305.000
-0.259,0.083,-0.089,2.443,-10.038,1.904,622314404.000
-0.263,0.083,-0.081,2.428,-10.036,1.904,622314505.000
-0.261,0.084,-0.084,2.395,-10.058,1.894,622314605.000
-0.263,0.088,-0.086,2.445,-10.077,1.866,622314704.000
-0.261,0.082,-0.081,2.379,-10.122,1.885,622314805.000
-0.263,0.083,-0.087,2.388,-10.126,1.930,622314905.000
-0.265,0.087,-0.084,2.396,-10.154,1.930,622315005.000
-0.265,0.087,-0.079,2.381,-10.113,1.902,622315104.000
-0.267,0.086,-0.084,2.374,-10.165,1.883,622315205.000
-0.267,0.088,-0.084,2.348,-10.190,1.892,622315304.000
-0.263,0.086,-0.082,2.333,-10.232,1.911,622315404.000
-0.267,0.091,-0.082,2.335,-10.206,1.901,622315504.000
-0.267,0.088,-0.082,2.320,-10.255,1.919,622315604.000
-0.267,0.091,-0.082,2.307,-10.255,1.900,622315705.000
-0.267,0.093,-0.089,2.309,-10.280,1.881,622315805.000
-0.269,0.090,-0.084,2.300,-10.275,1.909,622315904.000
-0.269,0.090,-0.089,2.258,-10.316,1.880,622316004.000
-0.269,0.092,-0.087,2.287,-10.356,1.889,622316105.000
-0.269,0.092,-0.082,2.273,-10.364,1.889,622316204.000
-0.271,0.096,-0.077,2.268,-10.383,1.916,622316304.000
-0.266,0.094,-0.084,2.254,-10.410,1.907,622316405.000
-0.269,0.095,-0.082,2.247,-10.389,1.898,622316504.000
-0.271,0.094,-0.079,2.225,-10.416,1.907,622316604.000
-0.273,0.098,-0.074,2.234,-10.411,1.906,622316705.000
-0.270,0.096,-0.082,2.199,-10.474,1.915,622316804.000
-0.273,0.098,-0.084,2.207,-10.493,1.905,622316904.000
-0.272,0.103,-0.084,2.237,-10.493,1.896,622317004.000
-0.272,0.100,-0.084,2.167,-10.494,1.914,622317104.000
-0.272,0.100,-0.082,2.180,-10.534,1.914,622317205.000
-0.272,0.098,-0.087,2.165,-10.551,1.904,622317305.000
-0.275,0.104,-0.084,2.162,-10.530,1.913,622317405.000
-0.277,0.098,-0.077,2.150,-10.565,1.904,622317505.000
-0.277,0.098,-0.077,2.123,-10.613,1.903,622317604.000
-0.277,0.103,-0.080,2.153,-10.598,1.922,622317705.000
-0.276,0.101,-0.080,2.124,-10.622,1.912,622317805.000
-0.276,0.103,-0.084,2.112,-10.639,1.893,622317904.000
-0.276,0.103,-0.082,2.112,-10.655,1.893,622318004.000
-0.276,0.106,-0.082,2.099,-10.703,1.902,622318104.000
-0.276,0.106,-0.080,2.085,-10.695,1.902,622318205.000
-0.276,0.106,-0.077,2.099,-10.735,1.901,622318304.000
-0.278,0.105,-0.087,2.065,-10.708,1.910,622318404.000
-0.278,0.105,-0.087,2.092,-10.756,1.910,622318504.000
-0.276,0.106,-0.085,2.058,-10.761,1.901,622318604.000
-0.276,0.106,-0.082,2.058,-10.777,1.928,622318704.000
-0.278,0.107,-0.080,2.038,-10.780,1.919,622318805.000
-0.280,0.111,-0.080,2.074,-10.792,1.918,622318905.000
-0.280,0.109,-0.077,2.031,-10.808,1.909,622319005.000
-0.280,0.109,-0.087,2.004,-10.841,1.908,622319105.000
-0.280,0.106,-0.077,1.988,-10.856,1.899,622319204.000
-0.282,0.118,-0.085,2.043,-10.869,1.926,622319305.000
-0.282,0.110,-0.087,1.984,-10.877,1.898,622319405.000
-0.284,0.111,-0.077,1.963,-10.880,1.916,622319505.000
-0.282,0.115,-0.082,1.986,-10.909,1.916,622319605.000
-0.284,0.114,-0.080,1.951,-10.913,1.925,622319704.000
-0.282,0.113,-0.077,1.943,-10.942,1.906,622319804.000
-0.284,0.114,-0.085,1.965,-10.954,1.925,622319905.000
-0.282,0.115,-0.082,1.945,-10.983,1.915,622320004.000
-0.284,0.117,-0.080,1.938,-10.962,1.933,622320104.000
-0.286,0.115,-0.082,1.930,-10.982,1.914,622320204.000
-0.284,0.117,-0.080,1.910,-11.010,1.905,622320305.000
-0.288,0.111,-0.080,1.866,-10.961,1.914,622320404.000
-0.286,0.118,-0.080,1.904,-11.022,1.951,622320505.000
-0.290,0.115,-0.077,1.874,-11.037,1.913,622320604.000
-0.284,0.122,-0.080,1.927,-11.083,1.923,622320704.000
-0.286,0.121,-0.077,1.892,-11.087,1.931,622320804.000
-0.290,0.118,-0.075,1.848,-11.078,1.949,622320904.000
-0.288,0.122,-0.077,1.898,-11.122,1.894,622321005.000
-0.290,0.118,-0.083,1.835,-11.103,1.921,622321104.000
-0.290,0.123,-0.080,1.851,-11.143,1.911,622321204.000
-0.290,0.121,-0.083,1.864,-11.127,1.930,622321305.000
-0.290,0.123,-0.078,1.823,-11.159,1.911,622321404.000
-0.288,0.125,-0.078,1.831,-11.172,1.930,622321504.000
-0.290,0.123,-0.083,1.796,-11.176,1.938,622321604.000
-0.290,0.123,-0.088,1.796,-11.193,1.911,622321705.000
-0.290,0.129,-0.083,1.826,-11.225,1.929,622321804.000
-0.290,0.123,-0.078,1.782,-11.232,1.910,622321904.000
-0.292,0.122,-0.080,1.760,-11.228,1.919,622322004.000
-0.292,0.125,-0.080,1.734,-11.253,1.928,622322104.000
-0.292,0.125,-0.085,1.762,-11.269,1.928,622322204.000
-0.292,0.125,-0.075,1.747,-11.309,1.927,622322304.000
-0.294,0.123,-0.080,1.726,-11.288,1.909,622322404.000
-0.296,0.130,-0.080,1.750,-11.300,1.917,622322504.000
-0.292,0.128,-0.083,1.722,-11.334,1.936,622322604.000
-0.291,0.128,-0.078,1.722,-11.366,1.936,622322704.000
-0.291,0.133,-0.080,1.752,-11.399,1.954,622322805.000
-0.294,0.129,-0.083,1.715,-11.346,1.899,622322904.000
-0.296,0.128,-0.078,1.680,-11.365,1.935,622323005.000
-0.291,0.130,-0.080,1.640,-11.424,1.916,622323105.000
-0.291,0.128,-0.075,1.611,-11.431,1.907,622323204.000
-0.296,0.135,-0.080,1.698,-11.398,1.934,622323304.000
-0.298,0.132,-0.080,1.633,-11.410,1.934,622323404.000
-0.298,0.134,-0.083,1.635,-11.418,1.943,622323504.000
-0.298,0.139,-0.073,1.651,-11.458,1.933,622323604.000
-0.297,0.137,-0.075,1.608,-11.491,1.923,622323704.000
-0.295,0.136,-0.080,1.587,-11.496,1.933,622323805.000
-0.295,0.136,-0.076,1.546,-11.504,1.960,622323904.000
-0.297,0.137,-0.078,1.539,-11.548,1.950,622324004.000
-0.297,0.140,-0.078,1.554,-11.548,1.931,622324104.000
-0.295,0.136,-0.078,1.518,-11.585,1.959,622324205.000
-0.297,0.140,-0.083,1.541,-11.589,1.931,622324305.000
-0.299,0.138,-0.076,1.519,-11.600,1.940,622324405.000
-0.301,0.140,-0.076,1.471,-11.588,1.930,622324505.000
-0.303,0.141,-0.081,1.437,-11.616,1.892,622324604.000
-0.299,0.141,-0.081,1.424,-11.666,1.920,622324704.000
-0.299,0.141,-0.083,1.410,-11.675,1.920,622324804.000
-0.303,0.144,-0.076,1.382,-11.673,1.900,622324904.000
-0.303,0.146,-0.081,1.371,-11.690,1.909,622325004.000
-0.297,0.148,-0.078,1.365,-11.769,1.928,622325104.000
-0.301,0.148,-0.081,1.323,-11.752,1.927,622325204.000
-0.299,0.149,-0.078,1.331,-11.781,1.945,622325305.000
-0.303,0.152,-0.078,1.304,-11.780,1.926,622325405.000
-0.303,0.154,-0.076,1.305,-11.820,1.907,622325504.000
-0.305,0.156,-0.083,1.272,-11.833,1.925,622325604.000
-0.303,0.154,-0.076,1.222,-11.869,1.906,622325704.000
-0.305,0.153,-0.076,1.228,-11.881,1.915,622325805.000
-0.305,0.158,-0.081,1.204,-11.898,1.933,622325903.000
-0.309,0.158,-0.081,1.190,-11.897,1.932,622326003.000
-0.305,0.158,-0.074,1.135,-11.971,1.932,622326104.000
-0.307,0.157,-0.079,1.113,-11.950,1.913,622326203.000
-0.309,0.156,-0.076,1.105,-11.954,1.922,622326304.000
-0.311,0.162,-0.076,1.102,-11.966,1.930,622326404.000
-0.307,0.160,-0.071,1.045,-11.999,1.921,622326504.000
-0.309,0.161,-0.076,1.039,-12.027,1.911,622326604.000
-0.313,0.166,-0.076,1.055,-12.026,1.929,622326703.000
-0.306,0.165,-0.081,1.048,-12.081,1.911,622326805.000
-0.311,0.168,-0.071,1.035,-12.071,1.919,622326904.000
-0.311,0.168,-0.081,0.994,-12.081,1.919,622327003.000
-0.311,0.165,-0.079,0.979,-12.096,1.910,622327103.000
-0.313,0.172,-0.084,1.003,-12.125,1.918,622327204.000
-0.310,0.165,-0.079,0.923,-12.145,1.909,622327303.000
-0.313,0.172,-0.081,0.948,-12.141,1.917,622327403.000
-0.310,0.171,-0.071,0.912,-12.169,1.927,622327504.000
-0.312,0.172,-0.076,0.906,-12.198,1.917,622327603.000
-0.315,0.176,-0.074,0.900,-12.201,1.916,622327704.000
-0.315,0.178,-0.071,0.888,-12.217,1.925,622327803.000
-0.312,0.175,-0.072,0.852,-12.255,1.925,622327903.000
-0.312,0.175,-0.076,0.852,-12.271,1.925,622328004.000
-0.314,0.176,-0.072,0.804,-12.291,1.915,622328103.000
-0.314,0.173,-0.074,0.775,-12.299,1.933,622328204.000
-0.314,0.176,-0.081,0.776,-12.324,1.886,622328303.000
-0.319,0.173,-0.072,0.733,-12.314,1.932,622328403.000
-0.318,0.173,-0.074,0.705,-12.347,1.931,622328504.000
-0.314,0.181,-0.074,0.765,-12.397,1.932,622328603.000
-0.316,0.183,-0.077,0.718,-12.369,1.922,622328704.000
-0.314,0.179,-0.074,0.667,-12.398,1.922,622328803.000
-0.318,0.184,-0.079,0.724,-12.437,1.884,622328903.000
-0.318,0.184,-0.072,0.683,-12.412,1.912,622329004.000
-0.316,0.183,-0.079,0.690,-12.450,1.893,622329104.000
-0.318,0.184,-0.082,0.628,-12.446,1.911,622329203.000
-0.318,0.187,-0.077,0.616,-12.478,1.920,622329303.000
-0.318,0.182,-0.077,0.586,-12.527,1.928,622329404.000
-0.320,0.188,-0.069,0.595,-12.514,1.910,622329503.000
-0.322,0.184,-0.072,0.572,-12.534,1.937,622329603.000
-0.318,0.189,-0.074,0.576,-12.543,1.928,622329704.000
-0.320,0.188,-0.072,0.553,-12.571,1.909,622329803.000
-0.320,0.188,-0.074,0.540,-12.579,1.909,622329903.000
-0.322,0.189,-0.077,0.520,-12.599,1.899,622330003.000
-0.320,0.191,-0.074,0.527,-12.628,1.889,622330104.000
-0.326,0.192,-0.075,0.521,-12.614,1.935,622330204.000
-0.322,0.194,-0.077,0.536,-12.624,1.889,622330304.000
-0.322,0.192,-0.072,0.466,-12.656,1.907,622330403.000
-0.324,0.196,-0.077,0.516,-12.660,1.934,622330504.000
-0.322,0.195,-0.075,0.453,-12.689,1.915,622330604.000
-0.324,0.191,-0.072,0.444,-12.716,1.915,622330703.000
-0.328,0.193,-0.070,0.417,-12.683,1.924,622330804.000
-0.324,0.199,-0.070,0.434,-12.733,1.915,622330903.000
-0.324,0.196,-0.075,0.419,-12.749,1.905,622331003.000
-0.324,0.196,-0.077,0.392,-12.782,1.932,622331103.000
-0.326,0.200,-0.075,0.428,-12.761,1.905,622331204.000
-0.328,0.194,-0.070,0.362,-12.781,1.922,622331303.000
-0.326,0.197,-0.075,0.357,-12.810,1.895,622331403.000
-0.326,0.203,-0.075,0.388,-12.810,1.941,622331504.000
-0.326,0.198,-0.065,0.329,-12.826,1.922,622331605.000
-0.328,0.201,-0.067,0.338,-12.821,1.921,622331704.000
-0.328,0.201,-0.075,0.353,-12.846,1.921,622331805.000
-0.328,0.204,-0.072,0.312,-12.863,1.902,622331904.000
-0.330,0.203,-0.070,0.291,-12.890,1.939,622332004.000
-0.330,0.200,-0.080,0.262,-12.899,1.901,622332104.000
-0.330,0.205,-0.072,0.292,-12.899,1.920,622332204.000
-0.330,0.205,-0.067,0.278,-12.906,1.920,622332305.000
-0.330,0.205,-0.075,0.265,-12.932,1.919,622332405.000
-0.327,0.209,-0.077,0.260,-12.977,1.919,622332504.000
-0.332,0.204,-0.072,0.243,-12.959,1.928,622332605.000
-0.327,0.204,-0.072,0.202,-12.961,1.901,622332705.000
-0.334,0.208,-0.073,0.196,-12.971,1.927,622332804.000
-0.325,0.206,-0.075,0.169,-13.031,1.918,622332905.000
-0.336,0.204,-0.075,0.132,-12.967,1.899,622333004.000
-0.329,0.211,-0.070,0.198,-13.037,1.909,622333104.000
-0.331,0.212,-0.075,0.164,-13.066,1.926,622333204.000
-0.331,0.210,-0.070,0.149,-13.049,1.945,622333304.000
-0.331,0.210,-0.070,0.135,-13.025,1.917,622333404.000
-0.331,0.212,-0.073,0.150,-13.057,1.926,622333504.000
-0.336,0.212,-0.065,0.135,-13.056,1.898,622333604.000
-0.329,0.214,-0.073,0.130,-13.119,1.916,622333704.000
-0.331,0.215,-0.073,0.110,-13.106,1.907,622333804.000
-0.333,0.214,-0.073,0.130,-13.142,1.916,622333905.000
-0.331,0.215,-0.068,0.110,-13.138,1.907,622334004.000
-0.333,0.214,-0.075,0.088,-13.151,1.888,622334105.000
-0.335,0.215,-0.068,0.068,-13.138,1.933,622334204.000
-0.333,0.214,-0.073,0.061,-13.167,1.942,622334304.000
-0.333,0.219,-0.068,0.077,-13.175,1.905,622334404.000
-0.335,0.218,-0.073,0.042,-13.179,1.914,622334504.000
-0.337,0.214,-0.073,0.018,-13.166,1.886,622334605.000
-0.333,0.221,-0.068,0.064,-13.223,1.914,622334705.000
-0.335,0.220,-0.070,0.043,-13.219,1.923,622334804.000
-0.335,0.218,-0.065,-0.014,-13.227,1.913,622334904.000
-0.335,0.220,-0.073,0.016,-13.203,1.923,622335004.000
-0.335,0.223,-0.073,-0.010,-13.228,1.931,622335105.000
-0.335,0.223,-0.065,-0.011,-13.276,1.903,622335205.000
-0.339,0.223,-0.070,-0.011,-13.267,1.930,622335304.000
-0.333,0.224,-0.068,-0.003,-13.321,1.922,622335404.000
-0.337,0.224,-0.075,-0.031,-13.297,1.921,622335505.000
-0.339,0.223,-0.063,-0.053,-13.243,1.930,622335605.000
-0.337,0.222,-0.078,-0.087,-13.305,1.884,622335705.000
-0.337,0.227,-0.068,-0.058,-13.321,1.902,622335805.000
-0.337,0.227,-0.070,-0.058,-13.353,1.902,622335904.000
-0.341,0.222,-0.075,-0.115,-13.296,1.911,622336004.000
-0.341,0.227,-0.070,-0.072,-13.352,1.901,622336104.000
-0.339,0.226,-0.073,-0.093,-13.373,1.910,622336205.000
-0.339,0.226,-0.070,-0.107,-13.365,1.910,622336304.000
-0.339,0.226,-0.075,-0.106,-13.382,1.910,622336404.000
-0.339,0.226,-0.070,-0.120,-13.390,1.938,622336505.000
-0.341,0.222,-0.073,-0.185,-13.386,1.909,622336605.000
-0.341,0.227,-0.075,-0.140,-13.394,1.900,622336704.000
-0.341,0.232,-0.068,-0.124,-13.417,1.918,622336804.000
-0.339,0.223,-0.068,-0.205,-13.430,1.928,622336905.000
-0.343,0.226,-0.071,-0.203,-13.413,1.936,622337005.000
-0.341,0.230,-0.070,-0.167,-13.450,1.909,622337105.000
-0.341,0.230,-0.073,-0.194,-13.435,1.908,622337204.000
-0.339,0.234,-0.068,-0.186,-13.455,1.909,622337304.000
-0.343,0.231,-0.076,-0.228,-13.479,1.898,622337404.000
-0.343,0.231,-0.068,-0.215,-13.454,1.899,622337505.000
-0.343,0.236,-0.073,-0.185,-13.470,1.889,622337604.000
-0.345,0.230,-0.071,-0.237,-13.450,1.907,622337705.000
-0.343,0.228,-0.071,-0.258,-13.487,1.889,622337805.000
-0.347,0.234,-0.071,-0.214,-13.485,1.907,622337904.000
-0.345,0.235,-0.066,-0.248,-13.506,1.925,622338005.000
-0.343,0.234,-0.073,-0.255,-13.519,1.879,622338105.000
-0.345,0.232,-0.071,-0.277,-13.547,1.915,622338205.000
-0.345,0.230,-0.071,-0.278,-13.523,1.934,622338304.000
-0.347,0.234,-0.068,-0.283,-13.526,1.906,622338404.000
-0.340,0.232,-0.071,-0.263,-13.597,1.888,622338505.000
-0.343,0.234,-0.063,-0.297,-13.559,1.906,622338605.000
-0.345,0.235,-0.068,-0.289,-13.563,1.897,622338704.000
-0.343,0.236,-0.071,-0.295,-13.585,1.915,622338804.000
-0.345,0.235,-0.071,-0.289,-13.596,1.896,622338905.000
-0.345,0.235,-0.076,-0.303,-13.588,1.896,622339004.000
-0.347,0.234,-0.068,-0.325,-13.599,1.905,622339104.000
-0.345,0.238,-0.071,-0.302,-13.596,1.905,622339204.000
-0.343,0.236,-0.068,-0.336,-13.625,1.914,622339304.000
-0.345,0.238,-0.066,-0.330,-13.628,1.905,622339404.000
-0.342,0.242,-0.068,-0.334,-13.674,1.877,622339504.000
-0.349,0.238,-0.071,-0.330,-13.619,1.877,622339605.000
-0.349,0.235,-0.068,-0.359,-13.611,1.895,622339704.000
-0.349,0.238,-0.073,-0.343,-13.628,1.904,622339804.000
-0.345,0.238,-0.071,-0.371,-13.669,1.876,622339904.000
-0.347,0.237,-0.071,-0.365,-13.681,1.913,622340004.000
-0.351,0.242,-0.071,-0.362,-13.656,1.931,622340105.000
-0.347,0.244,-0.071,-0.347,-13.681,1.913,622340204.000
-0.347,0.242,-0.066,-0.362,-13.665,1.904,622340304.000
-0.347,0.242,-0.068,-0.376,-13.673,1.904,622340404.000
-0.346,0.239,-0.078,-0.418,-13.707,1.894,622340505.000
-0.349,0.240,-0.066,-0.425,-13.701,1.912,622340605.000
-0.347,0.242,-0.066,-0.389,-13.713,1.931,622340704.000
-0.349,0.243,-0.068,-0.382,-13.685,1.921,622340805.000
-0.349,0.238,-0.071,-0.440,-13.718,1.903,622340905.000
-0.349,0.246,-0.073,-0.422,-13.702,1.902,622341004.000
-0.349,0.243,-0.066,-0.424,-13.725,1.921,622341104.000
-0.353,0.246,-0.071,-0.409,-13.716,1.902,622341204.000
-0.346,0.247,-0.066,-0.387,-13.762,1.893,622341305.000
-0.351,0.244,-0.066,-0.444,-13.761,1.911,622341405.000
-0.351,0.242,-0.071,-0.445,-13.754,1.902,622341504.000
-0.351,0.247,-0.063,-0.443,-13.753,1.920,622341605.000
-0.348,0.246,-0.071,-0.450,-13.767,1.902,622341705.000
-0.351,0.247,-0.066,-0.443,-13.786,1.892,622341804.000
-0.348,0.246,-0.066,-0.464,-13.774,1.929,622341905.000
-0.351,0.247,-0.073,-0.456,-13.762,1.892,622342004.000
-0.351,0.245,-0.068,-0.472,-13.794,1.910,622342104.000
-0.351,0.247,-0.069,-0.484,-13.794,1.919,622342204.000
-0.348,0.246,-0.068,-0.478,-13.831,1.901,622342304.000
-0.344,0.243,-0.066,-0.493,-13.824,1.892,622342404.000
-0.348,0.246,-0.066,-0.478,-13.799,1.901,622342504.000
-0.348,0.246,-0.071,-0.505,-13.816,1.901,622342605.000
-0.351,0.250,-0.063,-0.483,-13.802,1.901,622342705.000
-0.348,0.248,-0.068,-0.490,-13.832,1.910,622342804.000
-0.350,0.250,-0.066,-0.510,-13.835,1.928,622342905.000
-0.353,0.243,-0.071,-0.535,-13.815,1.891,622343005.000
-0.353,0.251,-0.068,-0.489,-13.830,1.891,622343105.000
-0.346,0.250,-0.068,-0.496,-13.869,1.901,622343205.000
-0.350,0.247,-0.069,-0.539,-13.844,1.918,622343305.000
-0.350,0.245,-0.064,-0.541,-13.899,1.909,622343404.000
-0.353,0.246,-0.066,-0.547,-13.847,1.900,622343504.000
-0.350,0.250,-0.068,-0.510,-13.868,1.900,622343604.000
-0.350,0.247,-0.064,-0.540,-13.875,1.891,622343704.000
-0.350,0.247,-0.066,-0.539,-13.859,1.918,622343804.000
-0.352,0.249,-0.071,-0.532,-13.863,1.909,622343904.000
-0.355,0.247,-0.066,-0.554,-13.858,1.918,622344005.000
-0.352,0.249,-0.066,-0.532,-13.895,1.908,622344104.000
-0.352,0.249,-0.066,-0.560,-13.895,1.908,622344205.000
-0.350,0.252,-0.069,-0.550,-13.917,1.908,622344304.000
-0.355,0.250,-0.066,-0.525,-13.882,1.899,622344404.000
-0.350,0.250,-0.069,-0.552,-13.941,1.899,622344505.000
-0.355,0.250,-0.066,-0.539,-13.907,1.899,622344604.000
-0.352,0.249,-0.071,-0.559,-13.912,1.908,622344705.000
-0.352,0.251,-0.061,-0.572,-13.928,1.917,622344804.000
-0.355,0.252,-0.064,-0.565,-13.899,1.908,622344904.000
-0.354,0.247,-0.064,-0.596,-13.947,1.889,622345004.000
-0.352,0.251,-0.066,-0.572,-13.896,1.890,622345105.000
-0.350,0.253,-0.069,-0.592,-13.941,1.908,622345205.000
-0.352,0.251,-0.071,-0.585,-13.937,1.917,622345304.000
-0.348,0.251,-0.069,-0.586,-13.978,1.889,622345405.000
-0.352,0.251,-0.064,-0.586,-13.936,1.917,622345505.000
-0.354,0.255,-0.066,-0.564,-13.956,1.889,622345604.000
-0.352,0.251,-0.069,-0.572,-13.977,1.889,622345704.000
-0.352,0.254,-0.066,-0.585,-13.993,1.898,622345804.000
-0.352,0.254,-0.066,-0.585,-13.944,1.898,622345904.000
-0.359,0.252,-0.069,-0.593,-13.939,1.906,622346005.000
-0.354,0.255,-0.071,-0.591,-13.973,1.888,622346105.000
-0.354,0.250,-0.066,-0.608,-13.980,1.898,622346204.000
-0.356,0.254,-0.069,-0.571,-13.976,1.897,622346304.000
-0.354,0.253,-0.069,-0.620,-13.965,1.907,622346404.000
-0.354,0.253,-0.066,-0.593,-13.980,1.907,622346504.000
-0.354,0.253,-0.071,-0.620,-13.997,1.906,622346605.000
-0.350,0.253,-0.069,-0.619,-14.039,1.907,622346705.000
-0.354,0.250,-0.066,-0.649,-14.005,1.897,622346804.000
-0.359,0.250,-0.064,-0.622,-13.947,1.897,622346904.000
-0.352,0.251,-0.066,-0.600,-13.993,1.889,622347005.000
-0.356,0.254,-0.061,-0.600,-13.975,1.897,622347105.000
-0.354,0.250,-0.071,-0.621,-14.021,1.925,622347205.000
-0.356,0.254,-0.059,-0.627,-13.991,1.897,622347305.000
-0.352,0.257,-0.064,-0.611,-14.034,1.906,622347405.000
-0.352,0.251,-0.069,-0.655,-14.026,1.888,622347505.000
-0.352,0.259,-0.064,-0.596,-14.033,1.888,622347604.000
-0.354,0.255,-0.066,-0.619,-14.005,1.915,622347705.000
-0.354,0.258,-0.061,-0.577,-14.036,1.897,622347804.000
-0.352,0.259,-0.066,-0.582,-14.042,1.888,622347904.000
-0.356,0.254,-0.066,-0.613,-14.016,1.897,622348004.000
-0.358,0.253,-0.064,-0.621,-14.019,1.906,622348104.000
-0.359,0.258,-0.066,-0.604,-13.979,1.924,622348204.000
-0.356,0.256,-0.071,-0.597,-14.033,1.906,622348304.000
-0.354,0.253,-0.066,-0.648,-14.029,1.906,622348404.000
-0.354,0.253,-0.069,-0.620,-14.013,1.906,622348505.000
-0.358,0.255,-0.059,-0.593,-14.027,1.887,622348605.000
-0.354,0.255,-0.064,-0.605,-14.045,1.915,622348705.000
-0.356,0.254,-0.069,-0.626,-14.025,1.924,622348805.000
-0.356,0.254,-0.066,-0.627,-14.041,1.896,622348905.000
-0.358,0.258,-0.069,-0.604,-14.012,1.924,622349005.000
-0.356,0.256,-0.069,-0.584,-14.024,1.906,622349106.000
-0.352,0.257,-0.066,-0.625,-14.042,1.906,622349205.000
-0.356,0.256,-0.071,-0.597,-14.033,1.906,622349305.000
-0.354,0.253,-0.066,-0.634,-14.053,1.906,622349406.000
-0.359,0.250,-0.069,-0.636,-13.988,1.897,622349505.000
-0.356,0.251,-0.069,-0.669,-14.025,1.915,622349605.000
-0.354,0.258,-0.064,-0.604,-14.021,1.897,622349705.000
-0.356,0.256,-0.069,-0.598,-14.049,1.878,622349805.000
-0.354,0.255,-0.064,-0.605,-14.045,1.915,622349905.000
-0.352,0.254,-0.066,-0.612,-14.042,1.897,622350005.000
-0.354,0.253,-0.071,-0.606,-14.021,1.906,622350105.000
-0.356,0.254,-0.059,-0.600,-14.040,1.897,622350205.000
-0.354,0.253,-0.066,-0.606,-14.053,1.906,622350305.000
-0.356,0.251,-0.071,-0.600,-14.033,1.915,622350405.000
-0.352,0.249,-0.069,-0.629,-14.050,1.906,622350505.000
-0.354,0.250,-0.061,-0.608,-14.012,1.897,622350605.000
-0.354,0.255,-0.069,-0.591,-14.037,1.915,622350706.000
-0.356,0.249,-0.066,-0.616,-14.016,1.906,622350805.000
-0.356,0.251,-0.071,-0.572,-13.984,1.916,622350905.000
-0.352,0.251,-0.064,-0.614,-14.033,1.916,622351005.000
-0.354,0.250,-0.064,-0.622,-14.021,1.897,622351105.000
-0.354,0.255,-0.066,-0.591,-14.005,1.916,622351206.000
-0.356,0.251,-0.061,-0.615,-14.024,1.915,622351305.000
-0.356,0.251,-0.066,-0.587,-13.992,1.888,622351404.000
-0.356,0.251,-0.066,-0.559,-13.991,1.916,622351506.000
-0.359,0.253,-0.064,-0.580,-13.995,1.906,622351606.000
-0.352,0.256,-0.066,-0.529,-14.017,1.879,622351705.000
-0.356,0.251,-0.069,-0.559,-13.975,1.888,622351804.000
-0.354,0.250,-0.066,-0.567,-14.004,1.898,622351904.000
-0.354,0.250,-0.069,-0.566,-13.988,1.898,622352005.000
-0.356,0.249,-0.069,-0.574,-13.975,1.907,622352104.000
-0.354,0.250,-0.064,-0.553,-13.996,1.898,622352206.000
-0.357,0.249,-0.066,-0.547,-13.943,1.907,622352304.000
-0.354,0.250,-0.071,-0.539,-13.972,1.898,622352404.000
-0.357,0.249,-0.066,-0.547,-13.943,1.907,622352505.000
-0.357,0.251,-0.064,-0.490,-13.934,1.917,622352605.000
-0.359,0.250,-0.069,-0.553,-13.938,1.898,622352704.000
-0.352,0.243,-0.066,-0.535,-13.992,1.917,622352804.000
-0.352,0.249,-0.061,-0.491,-13.951,1.908,622352904.000
-0.354,0.252,-0.066,-0.496,-13.955,1.908,622353005.000
-0.354,0.245,-0.069,-0.514,-13.939,1.908,622353104.000
-0.352,0.246,-0.061,-0.507,-13.951,1.899,622353204.000
-0.352,0.249,-0.071,-0.518,-13.984,1.880,622353305.000
-0.354,0.247,-0.061,-0.499,-13.938,1.917,622353404.000
-0.354,0.247,-0.059,-0.471,-13.954,1.945,622353505.000
-0.352,0.248,-0.066,-0.477,-13.943,1.881,622353604.000
-0.354,0.245,-0.076,-0.458,-13.939,1.909,622353704.000
-0.355,0.245,-0.069,-0.500,-13.914,1.908,622353804.000
-0.357,0.246,-0.068,-0.465,-13.901,1.899,622353905.000
-0.352,0.241,-0.066,-0.495,-13.943,1.909,622354005.000
-0.352,0.243,-0.063,-0.453,-13.910,1.891,622354104.000
-0.352,0.243,-0.064,-0.452,-13.910,1.919,622354205.000
-0.355,0.245,-0.066,-0.431,-13.905,1.909,622354305.000
-0.355,0.245,-0.071,-0.444,-13.898,1.937,622354405.000
-0.352,0.246,-0.071,-0.395,-13.886,1.928,622354505.000
-0.355,0.247,-0.066,-0.375,-13.881,1.891,622354605.000
-0.355,0.239,-0.068,-0.448,-13.865,1.891,622354705.000
-0.350,0.244,-0.071,-0.375,-13.898,1.883,622354805.000
-0.352,0.246,-0.068,-0.354,-13.877,1.901,622354904.000
-0.353,0.246,-0.061,-0.355,-13.877,1.901,622355005.000
-0.353,0.240,-0.071,-0.385,-13.861,1.883,622355105.000
-0.353,0.243,-0.071,-0.342,-13.861,1.892,622355205.000
-0.348,0.241,-0.068,-0.370,-13.878,1.911,622355304.000
-0.355,0.242,-0.068,-0.350,-13.816,1.901,622355404.000
-0.355,0.239,-0.063,-0.351,-13.823,1.920,622355505.000
-0.348,0.241,-0.063,-0.329,-13.837,1.912,622355604.000
-0.353,0.238,-0.071,-0.344,-13.812,1.902,622355704.000
-0.351,0.234,-0.066,-0.353,-13.833,1.902,622355805.000
-0.355,0.242,-0.066,-0.308,-13.807,1.902,622355905.000
-0.353,0.243,-0.068,-0.273,-13.804,1.921,622356005.000
-0.355,0.239,-0.066,-0.282,-13.782,1.893,622356104.000
-0.355,0.239,-0.073,-0.281,-13.783,1.921,622356204.000
-0.353,0.243,-0.071,-0.259,-13.812,1.921,622356305.000
-0.353,0.243,-0.071,-0.245,-13.787,1.894,622356405.000
-0.355,0.237,-0.076,-0.283,-13.791,1.912,622356505.000
-0.353,0.243,-0.076,-0.245,-13.804,1.893,622356605.000
-0.353,0.240,-0.068,-0.246,-13.779,1.912,622356704.000
-0.353,0.240,-0.061,-0.206,-13.754,1.913,622356804.000
-0.351,0.234,-0.066,-0.243,-13.783,1.904,622356905.000
-0.349,0.238,-0.066,-0.233,-13.772,1.932,622357005.000
-0.353,0.235,-0.063,-0.222,-13.762,1.922,622357105.000
-0.351,0.236,-0.071,-0.214,-13.775,1.885,622357204.000
-0.355,0.239,-0.063,-0.186,-13.725,1.922,622357305.000
-0.349,0.235,-0.066,-0.193,-13.771,1.923,622357405.000
-0.349,0.233,-0.066,-0.195,-13.747,1.914,622357505.000
-0.349,0.238,-0.068,-0.178,-13.755,1.904,622357605.000
-0.353,0.232,-0.066,-0.196,-13.721,1.914,622357705.000
-0.353,0.238,-0.076,-0.151,-13.730,1.904,622357805.000
-0.353,0.235,-0.063,-0.167,-13.713,1.923,622357905.000
-0.351,0.234,-0.063,-0.146,-13.725,1.933,622358005.000
-0.351,0.234,-0.071,-0.160,-13.702,1.905,622358105.000
-0.355,0.234,-0.066,-0.175,-13.684,1.904,622358204.000
-0.349,0.232,-0.073,-0.167,-13.699,1.887,622358304.000
-0.351,0.231,-0.066,-0.147,-13.685,1.924,622358404.000
-0.351,0.231,-0.068,-0.120,-13.669,1.896,622358505.000
-0.349,0.230,-0.071,-0.141,-13.690,1.906,622358604.000
-0.351,0.231,-0.071,-0.134,-13.677,1.896,622358705.000
-0.351,0.231,-0.066,-0.120,-13.685,1.896,622358804.000
-0.351,0.228,-0.071,-0.121,-13.677,1.915,622358904.000
-0.347,0.234,-0.073,-0.090,-13.686,1.906,622359004.000
-0.347,0.234,-0.068,-0.077,-13.694,1.906,622359104.000
-0.347,0.228,-0.066,-0.093,-13.686,1.916,622359205.000
-0.349,0.227,-0.071,-0.101,-13.641,1.925,622359304.000
-0.347,0.229,-0.063,-0.065,-13.653,1.944,622359405.000
-0.347,0.223,-0.068,-0.096,-13.669,1.898,622359505.000
-0.351,0.234,-0.066,-0.036,-13.611,1.934,622359605.000
-0.349,0.230,-0.063,-0.044,-13.616,1.935,622359704.000
-0.349,0.230,-0.068,-0.058,-13.608,1.907,622359805.000
-0.347,0.228,-0.073,-0.037,-13.637,1.917,622359905.000
-0.349,0.227,-0.065,-0.074,-13.624,1.898,622360005.000
-0.347,0.223,-0.070,-0.082,-13.629,1.898,622360104.000
-0.349,0.230,-0.065,-0.045,-13.600,1.907,622360205.000
-0.349,0.230,-0.068,-0.003,-13.608,1.908,622360304.000
-0.347,0.228,-0.068,-0.024,-13.596,1.917,622360404.000
-0.349,0.230,-0.060,-0.017,-13.583,1.908,622360505.000
-0.347,0.226,-0.073,-0.025,-13.588,1.908,622360604.000
-0.347,0.228,-0.070,0.004,-13.580,1.917,622360705.000
-0.351,0.233,-0.065,0.061,-13.538,1.908,622360805.000
-0.347,0.223,-0.068,0.001,-13.547,1.927,622360905.000
-0.351,0.223,-0.070,0.000,-13.554,1.899,622361005.000
-0.349,0.227,-0.065,0.023,-13.550,1.899,622361105.000
-0.349,0.227,-0.070,0.009,-13.543,1.899,622361204.000
-0.347,0.223,-0.065,0.028,-13.563,1.927,622361305.000
-0.349,0.224,-0.063,0.049,-13.542,1.918,622361405.000
-0.349,0.224,-0.065,0.036,-13.502,1.918,622361504.000
-0.345,0.227,-0.065,0.079,-13.527,1.900,622361604.000
-0.347,0.223,-0.065,0.070,-13.538,1.928,622361704.000
-0.349,0.222,-0.068,0.048,-13.485,1.909,622361804.000
-0.347,0.220,-0.063,0.054,-13.506,1.919,622361905.000
-0.345,0.224,-0.068,0.105,-13.535,1.919,622362004.000
-0.345,0.222,-0.068,0.076,-13.511,1.910,622362104.000
-0.345,0.222,-0.068,0.062,-13.535,1.910,622362204.000
-0.347,0.225,-0.068,0.126,-13.498,1.910,622362305.000
-0.345,0.224,-0.068,0.105,-13.486,1.892,622362405.000
-0.345,0.224,-0.065,0.119,-13.478,1.920,622362505.000
-0.347,0.220,-0.065,0.096,-13.465,1.892,622362604.000
-0.345,0.227,-0.068,0.175,-13.486,1.902,622362704.000
-0.347,0.220,-0.068,0.124,-13.449,1.920,622362805.000
-0.345,0.224,-0.060,0.174,-13.461,1.920,622362904.000
-0.347,0.218,-0.073,0.150,-13.441,1.911,622363005.000
-0.343,0.220,-0.068,0.138,-13.450,1.921,622363105.000
-0.345,0.216,-0.073,0.143,-13.405,1.893,622363205.000
-0.345,0.219,-0.065,0.143,-13.429,1.875,622363304.000
-0.345,0.219,-0.068,0.171,-13.413,1.903,622363404.000
-0.343,0.215,-0.073,0.163,-13.418,1.903,622363504.000
-0.350,0.214,-0.075,0.141,-13.339,1.912,622363605.000
-0.341,0.219,-0.070,0.200,-13.422,1.903,622363705.000
-0.348,0.220,-0.068,0.193,-13.375,1.921,622363804.000
-0.343,0.220,-0.068,0.207,-13.425,1.921,622363904.000
-0.345,0.219,-0.073,0.213,-13.404,1.903,622364004.000
-0.343,0.212,-0.075,0.162,-13.377,1.894,622364104.000
-0.348,0.215,-0.068,0.190,-13.375,1.931,622364205.000
-0.346,0.214,-0.063,0.196,-13.347,1.913,622364305.000
-0.341,0.216,-0.060,0.212,-13.388,1.922,622364404.000
-0.346,0.216,-0.058,0.239,-13.330,1.950,622364505.000
-0.348,0.217,-0.070,0.260,-13.359,1.913,622364604.000
-0.341,0.214,-0.070,0.225,-13.373,1.913,622364704.000
-0.343,0.210,-0.070,0.215,-13.336,1.914,622364804.000
-0.341,0.214,-0.065,0.252,-13.356,1.941,622364905.000
-0.346,0.214,-0.073,0.252,-13.331,1.913,622365004.000
-0.341,0.214,-0.075,0.253,-13.341,1.914,622365105.000
-0.344,0.212,-0.068,0.258,-13.303,1.896,622365204.000
-0.341,0.214,-0.072,0.294,-13.332,1.914,622365304.000
-0.341,0.211,-0.068,0.278,-13.315,1.905,622365404.000
-0.341,0.211,-0.075,0.265,-13.292,1.933,622365504.000
-0.339,0.207,-0.072,0.270,-13.320,1.878,622365605.000
-0.339,0.210,-0.067,0.299,-13.328,1.915,622365704.000
-0.341,0.213,-0.075,0.322,-13.316,1.915,622365804.000
-0.346,0.213,-0.065,0.348,-13.257,1.915,622365905.000
-0.335,0.210,-0.072,0.355,-13.321,1.916,622366004.000
-0.344,0.209,-0.070,0.353,-13.237,1.888,622366105.000
-0.342,0.206,-0.072,0.331,-13.283,1.915,622366204.000
-0.346,0.206,-0.070,0.344,-13.200,1.916,622366305.000
-0.339,0.207,-0.067,0.367,-13.279,1.934,622366404.000
-0.342,0.206,-0.075,0.373,-13.242,1.916,622366505.000
-0.342,0.203,-0.070,0.358,-13.226,1.935,622366606.000
-0.342,0.208,-0.065,0.415,-13.209,1.926,622366705.000
-0.344,0.207,-0.067,0.393,-13.204,1.907,622366806.000
-0.344,0.207,-0.072,0.407,-13.196,1.907,622366905.000
-0.346,0.200,-0.070,0.410,-13.175,1.898,622367005.000
-0.342,0.208,-0.067,0.456,-13.216,1.926,622367106.000
-0.337,0.206,-0.065,0.442,-13.209,1.945,622367206.000
-0.335,0.207,-0.072,0.464,-13.198,1.909,622367306.000
-0.337,0.208,-0.072,0.471,-13.186,1.927,622367405.000
-0.340,0.202,-0.072,0.461,-13.173,1.918,622367505.000
-0.335,0.204,-0.070,0.504,-13.165,1.928,622367606.000
-0.340,0.204,-0.067,0.475,-13.156,1.927,622367705.000
-0.333,0.200,-0.067,0.481,-13.194,1.928,622367805.000
-0.338,0.200,-0.070,0.481,-13.153,1.928,622367905.000
-0.336,0.202,-0.067,0.502,-13.157,1.947,622368006.000
-0.338,0.203,-0.067,0.510,-13.144,1.937,622368105.000
-0.340,0.199,-0.067,0.486,-13.131,1.909,622368206.000
-0.336,0.204,-0.070,0.531,-13.117,1.929,622368305.000
-0.338,0.198,-0.072,0.507,-13.112,1.919,622368405.000
-0.338,0.195,-0.075,0.506,-13.072,1.910,622368505.000
-0.340,0.199,-0.072,0.528,-13.075,1.910,622368606.000
-0.340,0.201,-0.062,0.584,-13.065,1.920,622368706.000
-0.340,0.199,-0.070,0.569,-13.066,1.911,622368806.000
-0.338,0.200,-0.070,0.563,-13.055,1.902,622368906.000
-0.336,0.201,-0.062,0.598,-13.067,1.921,622369005.000
-0.336,0.199,-0.072,0.557,-13.052,1.939,622369106.000
-0.334,0.197,-0.070,0.604,-13.080,1.921,622369205.000
-0.334,0.197,-0.067,0.604,-13.047,1.921,622369305.000
-0.336,0.196,-0.065,0.582,-13.026,1.930,622369406.000
-0.336,0.196,-0.072,0.610,-13.027,1.930,622369505.000
-0.338,0.195,-0.065,0.602,-13.013,1.912,622369605.000
-0.336,0.194,-0.067,0.595,-13.010,1.921,622369706.000
-0.336,0.199,-0.072,0.625,-13.027,1.912,622369805.000
-0.336,0.196,-0.070,0.638,-12.994,1.931,622369905.000
-0.334,0.195,-0.070,0.658,-13.006,1.913,622370005.000
-0.338,0.197,-0.070,0.672,-12.981,1.922,622370105.000
-0.334,0.192,-0.072,0.629,-12.966,1.932,622370205.000
-0.332,0.196,-0.065,0.638,-13.003,1.931,622370305.000
-0.332,0.196,-0.069,0.666,-12.970,1.904,622370405.000
-0.334,0.195,-0.064,0.699,-12.965,1.914,622370505.000
-0.334,0.195,-0.070,0.672,-12.982,1.941,622370606.000
-0.332,0.188,-0.072,0.634,-12.979,1.932,622370705.000
-0.332,0.188,-0.070,0.648,-12.970,1.932,622370806.000
-0.334,0.192,-0.070,0.698,-12.957,1.932,622370905.000
-0.336,0.191,-0.072,0.677,-12.905,1.941,622371006.000
-0.332,0.191,-0.069,0.691,-12.921,1.914,622371106.000
-0.332,0.191,-0.067,0.690,-12.937,1.914,622371205.000
-0.334,0.195,-0.067,0.741,-12.924,1.942,622371305.000
-0.332,0.188,-0.067,0.689,-12.913,1.933,622371405.000
-0.330,0.189,-0.072,0.711,-12.918,1.896,622371505.000
-0.334,0.187,-0.065,0.723,-12.892,1.942,622371606.000
-0.332,0.191,-0.072,0.732,-12.881,1.915,622371705.000
-0.332,0.188,-0.067,0.731,-12.888,1.934,622371806.000
-0.330,0.189,-0.072,0.753,-12.893,1.952,622371905.000
-0.330,0.189,-0.072,0.752,-12.893,1.897,622372005.000
-0.334,0.189,-0.069,0.752,-12.835,1.925,622372105.000
-0.330,0.187,-0.072,0.765,-12.893,1.916,622372205.000
-0.330,0.189,-0.067,0.766,-12.852,1.925,622372306.000
-0.334,0.187,-0.069,0.764,-12.835,1.888,622372406.000
-0.334,0.184,-0.067,0.735,-12.827,1.906,622372505.000
-0.330,0.187,-0.062,0.764,-12.860,1.944,622372606.000
-0.332,0.188,-0.069,0.786,-12.823,1.907,622372706.000
-0.330,0.189,-0.072,0.794,-12.820,1.898,622372805.000
-0.334,0.181,-0.072,0.761,-12.819,1.898,622372906.000
-0.332,0.185,-0.069,0.812,-12.799,1.898,622373006.000
-0.330,0.187,-0.067,0.792,-12.828,1.917,622373105.000
-0.328,0.185,-0.069,0.785,-12.825,1.926,622373205.000
-0.330,0.187,-0.069,0.820,-12.811,1.917,622373306.000
-0.330,0.187,-0.064,0.820,-12.795,1.917,622373405.000
-0.326,0.184,-0.069,0.819,-12.813,1.908,622373505.000
-0.328,0.183,-0.059,0.797,-12.791,1.945,622373606.000
-0.335,0.181,-0.067,0.789,-12.754,1.926,622373705.000
-0.330,0.181,-0.064,0.803,-12.771,1.927,622373806.000
-0.332,0.185,-0.067,0.812,-12.718,1.927,622373905.000
-0.328,0.185,-0.067,0.840,-12.743,1.927,622374005.000
-0.330,0.184,-0.067,0.832,-12.730,1.936,622374106.000
-0.328,0.188,-0.069,0.869,-12.751,1.936,622374205.000
-0.330,0.184,-0.064,0.846,-12.722,1.909,622374305.000
-0.328,0.180,-0.069,0.837,-12.727,1.909,622374406.000
-0.326,0.179,-0.067,0.858,-12.755,1.919,622374505.000
-0.326,0.179,-0.072,0.831,-12.724,1.946,622374606.000
-0.328,0.180,-0.072,0.865,-12.710,1.909,622374706.000
-0.326,0.181,-0.069,0.887,-12.715,1.928,622374806.000
-0.326,0.179,-0.067,0.871,-12.731,1.919,622374906.000
-0.328,0.183,-0.074,0.881,-12.695,1.919,622375006.000
-0.330,0.181,-0.069,0.886,-12.689,1.928,622375105.000
-0.326,0.181,-0.072,0.887,-12.699,1.901,622375206.000
-0.324,0.183,-0.072,0.895,-12.712,1.919,622375305.000
-0.328,0.177,-0.072,0.892,-12.686,1.928,622375405.000
-0.326,0.181,-0.069,0.901,-12.690,1.929,622375505.000
-0.326,0.179,-0.074,0.886,-12.659,1.920,622375606.000
-0.331,0.184,-0.062,0.956,-12.640,1.910,622375705.000
-0.331,0.184,-0.072,0.943,-12.649,1.910,622375805.000
-0.326,0.181,-0.067,0.928,-12.658,1.929,622375905.000
-0.326,0.176,-0.074,0.898,-12.658,1.883,622376006.000
-0.329,0.182,-0.069,0.949,-12.605,1.920,622376105.000
-0.329,0.180,-0.067,0.934,-12.621,1.938,622376205.000
-0.326,0.176,-0.069,0.926,-12.593,1.939,622376304.000
-0.326,0.173,-0.069,0.910,-12.593,1.902,622376406.000
-0.329,0.177,-0.069,0.960,-12.580,1.902,622376506.000
-0.329,0.175,-0.064,0.931,-12.588,1.921,622376604.000
-0.324,0.177,-0.067,0.947,-12.597,1.903,622376705.000
-0.329,0.175,-0.072,0.959,-12.588,1.921,622376804.000
-0.329,0.177,-0.064,0.960,-12.563,1.930,622376904.000
-0.327,0.173,-0.067,0.952,-12.584,1.930,622377005.000
-0.329,0.180,-0.064,1.003,-12.563,1.912,622377104.000
-0.318,0.181,-0.064,0.998,-12.603,1.931,622377205.000
-0.322,0.173,-0.072,0.966,-12.602,1.931,622377304.000
-0.324,0.177,-0.069,0.975,-12.581,1.903,622377405.000
-0.322,0.176,-0.071,1.009,-12.602,1.913,622377505.000
-0.324,0.175,-0.067,0.973,-12.573,1.922,622377605.000
-0.327,0.176,-0.069,0.981,-12.544,1.940,622377705.000
-0.329,0.174,-0.069,1.000,-12.531,1.894,622377804.000
-0.324,0.177,-0.071,1.002,-12.565,1.903,622377904.000
-0.327,0.173,-0.072,0.993,-12.528,1.931,622378005.000
-0.324,0.177,-0.066,1.002,-12.548,1.903,622378105.000
-0.322,0.176,-0.067,1.023,-12.561,1.941,622378204.000
-0.324,0.177,-0.067,1.030,-12.548,1.931,622378304.000
-0.324,0.175,-0.069,1.042,-12.532,1.922,622378405.000
-0.324,0.175,-0.069,1.015,-12.532,1.922,622378505.000
-0.322,0.173,-0.074,1.008,-12.513,1.904,622378605.000
-0.322,0.171,-0.066,1.006,-12.536,1.895,622378705.000
-0.322,0.173,-0.071,1.022,-12.504,1.932,622378805.000
-0.325,0.175,-0.069,1.029,-12.508,1.923,622378905.000
-0.325,0.172,-0.069,1.028,-12.483,1.941,622379005.000
-0.325,0.169,-0.066,0.998,-12.475,1.904,622379104.000
-0.322,0.173,-0.069,1.035,-12.496,1.932,622379204.000
-0.322,0.176,-0.069,1.050,-12.496,1.914,622379304.000
-0.320,0.172,-0.071,1.041,-12.517,1.886,622379404.000
-0.322,0.173,-0.066,1.035,-12.512,1.905,622379504.000
-0.325,0.172,-0.071,1.069,-12.491,1.914,622379604.000
-0.325,0.172,-0.069,1.027,-12.483,1.914,622379705.000
-0.322,0.176,-0.066,1.091,-12.487,1.914,622379805.000
-0.325,0.174,-0.066,1.056,-12.475,1.923,622379905.000
-0.320,0.177,-0.069,1.085,-12.508,1.905,622380004.000
-0.323,0.170,-0.074,1.048,-12.464,1.896,622380105.000
-0.320,0.172,-0.069,1.069,-12.484,1.915,622380205.000
-0.320,0.172,-0.066,1.083,-12.475,1.915,622380304.000
-0.323,0.173,-0.069,1.063,-12.447,1.933,622380404.000
-0.323,0.171,-0.069,1.075,-12.447,1.924,622380504.000
-0.323,0.173,-0.064,1.062,-12.479,1.933,622380604.000
-0.320,0.169,-0.074,1.054,-12.452,1.906,622380705.000
-0.320,0.169,-0.074,1.054,-12.452,1.906,622380805.000
-0.323,0.171,-0.074,1.089,-12.439,1.924,622380905.000
-0.323,0.176,-0.069,1.092,-12.423,1.915,622381004.000
-0.325,0.169,-0.066,1.067,-12.402,1.906,622381104.000
-0.325,0.172,-0.069,1.068,-12.410,1.887,622381204.000
-0.318,0.170,-0.074,1.076,-12.440,1.897,622381304.000
-0.320,0.169,-0.071,1.068,-12.444,1.906,622381404.000
-0.321,0.172,-0.071,1.083,-12.395,1.915,622381504.000
-0.323,0.168,-0.071,1.074,-12.407,1.915,622381605.000
-0.318,0.168,-0.071,1.088,-12.408,1.888,622381704.000
-0.318,0.171,-0.061,1.089,-12.447,1.925,622381804.000
-0.321,0.172,-0.069,1.111,-12.411,1.916,622381904.000
-0.323,0.170,-0.069,1.075,-12.398,1.924,622382005.000
-0.321,0.167,-0.071,1.094,-12.419,1.897,622382105.000
-0.318,0.170,-0.069,1.090,-12.399,1.925,622382204.000
-0.323,0.170,-0.066,1.088,-12.390,1.897,622382305.000
-0.319,0.165,-0.066,1.086,-12.366,1.880,622382405.000
-0.321,0.169,-0.069,1.109,-12.386,1.907,622382505.000
-0.325,0.169,-0.069,1.122,-12.337,1.907,622382604.000
-0.323,0.168,-0.074,1.102,-12.342,1.916,622382705.000
-0.323,0.170,-0.076,1.145,-12.326,1.925,622382805.000
-0.319,0.168,-0.074,1.116,-12.343,1.917,622382905.000
-0.316,0.172,-0.069,1.139,-12.387,1.917,622383005.000
-0.323,0.170,-0.066,1.144,-12.341,1.898,622383104.000
-0.321,0.172,-0.066,1.165,-12.378,1.889,622383205.000
-0.321,0.164,-0.071,1.120,-12.346,1.917,622383305.000
-0.323,0.168,-0.069,1.143,-12.301,1.917,622383404.000
-0.321,0.161,-0.071,1.119,-12.321,1.908,622383505.000
-0.321,0.164,-0.071,1.093,-12.298,1.889,622383604.000
-0.319,0.162,-0.066,1.140,-12.293,1.899,622383705.000
-0.321,0.164,-0.071,1.106,-12.322,1.889,622383805.000
-0.321,0.164,-0.066,1.106,-12.305,1.889,622383904.000
-0.323,0.165,-0.069,1.155,-12.300,1.908,622384005.000
-0.321,0.159,-0.074,1.090,-12.281,1.899,622384106.000
-0.321,0.166,-0.066,1.149,-12.305,1.926,622384205.000
-0.319,0.165,-0.069,1.169,-12.301,1.908,622384305.000
-0.319,0.170,-0.071,1.172,-12.286,1.899,622384406.000
-0.317,0.161,-0.066,1.133,-12.306,1.909,622384506.000
-0.319,0.168,-0.074,1.171,-12.294,1.890,622384606.000
-0.323,0.165,-0.066,1.169,-12.243,1.908,622384705.000
-0.321,0.161,-0.069,1.146,-12.289,1.908,622384806.000
-0.325,0.161,-0.069,1.146,-12.215,1.908,622384906.000
-0.315,0.162,-0.064,1.141,-12.286,1.900,622385006.000
-0.319,0.165,-0.074,1.142,-12.270,1.908,622385105.000
-0.321,0.161,-0.069,1.146,-12.240,1.909,622385206.000
-0.319,0.165,-0.069,1.183,-12.228,1.909,622385306.000
-0.321,0.164,-0.064,1.175,-12.199,1.918,622385405.000
-0.321,0.161,-0.069,1.160,-12.216,1.909,622385506.000
-0.317,0.161,-0.071,1.174,-12.249,1.882,622385605.000
-0.319,0.162,-0.069,1.168,-12.228,1.900,622385706.000
-0.317,0.166,-0.071,1.205,-12.249,1.900,622385805.000
-0.319,0.162,-0.066,1.182,-12.220,1.900,622385906.000
-0.317,0.158,-0.069,1.201,-12.241,1.901,622386005.000
-0.319,0.162,-0.071,1.210,-12.236,1.900,622386106.000
-0.315,0.165,-0.069,1.225,-12.229,1.882,622386205.000
-0.317,0.161,-0.064,1.215,-12.224,1.882,622386306.000
-0.317,0.158,-0.071,1.201,-12.225,1.901,622386406.000
-0.315,0.165,-0.066,1.239,-12.221,1.910,622386505.000
-0.319,0.162,-0.071,1.237,-12.188,1.901,622386606.000
-0.315,0.157,-0.076,1.166,-12.206,1.882,622386706.000
-0.319,0.157,-0.069,1.207,-12.155,1.910,622386805.000
-0.315,0.162,-0.071,1.252,-12.189,1.901,622386905.000
-0.315,0.165,-0.071,1.253,-12.213,1.883,622387006.000
-0.317,0.158,-0.071,1.201,-12.176,1.901,622387105.000
-0.319,0.162,-0.071,1.251,-12.163,1.901,622387206.000
-0.317,0.161,-0.069,1.244,-12.192,1.910,622387305.000
-0.317,0.164,-0.069,1.259,-12.143,1.920,622387405.000
-0.317,0.158,-0.069,1.243,-12.119,1.930,622387505.000
-0.317,0.156,-0.071,1.241,-12.127,1.893,622387606.000
-0.317,0.158,-0.061,1.256,-12.094,1.930,622387706.000
-0.315,0.157,-0.074,1.277,-12.075,1.912,622387805.000
-0.313,0.161,-0.066,1.285,-12.063,1.885,622387905.000
-0.311,0.152,-0.059,1.246,-12.051,1.922,622388005.000
-0.313,0.156,-0.068,1.310,-11.998,1.895,622388106.000
-0.311,0.149,-0.066,1.300,-11.930,1.887,622388206.000
-0.309,0.156,-0.066,1.325,-11.918,1.896,622388306.000
-0.311,0.149,-0.068,1.314,-11.889,1.915,622388405.000
-0.309,0.150,-0.068,1.350,-11.853,1.907,622388506.000
-0.309,0.150,-0.068,1.405,-11.804,1.907,622388605.000
-0.307,0.144,-0.066,1.312,-11.785,1.898,622388705.000
-0.310,0.150,-0.071,1.377,-11.740,1.880,622388805.000
-0.305,0.150,-0.071,1.392,-11.741,1.881,622388905.000
-0.303,0.144,-0.068,1.368,-11.697,1.872,622389006.000
-0.301,0.145,-0.076,1.390,-11.686,1.891,622389106.000
-0.306,0.147,-0.068,1.418,-11.635,1.873,622389206.000
-0.303,0.143,-0.076,1.410,-11.624,1.873,622389306.000
-0.301,0.145,-0.073,1.417,-11.604,1.864,622389406.000
-0.299,0.141,-0.066,1.408,-11.592,1.893,622389505.000
-0.304,0.143,-0.073,1.451,-11.519,1.874,622389605.000
-0.297,0.139,-0.078,1.429,-11.525,1.848,622389705.000
-0.297,0.142,-0.070,1.444,-11.476,1.857,622389805.000
-0.300,0.143,-0.070,1.479,-11.463,1.848,622389906.000
-0.298,0.142,-0.070,1.499,-11.427,1.858,622390006.000
-0.296,0.135,-0.063,1.420,-11.415,1.877,622390105.000
-0.296,0.140,-0.068,1.478,-11.383,1.840,622390205.000
-0.296,0.138,-0.068,1.476,-11.358,1.859,622390305.000
-0.294,0.139,-0.073,1.512,-11.339,1.850,622390405.000
-0.296,0.135,-0.073,1.475,-11.302,1.850,622390505.000
-0.294,0.134,-0.075,1.468,-11.299,1.860,622390606.000
-0.296,0.138,-0.075,1.504,-11.262,1.832,622390705.000
-0.296,0.135,-0.073,1.517,-11.229,1.851,622390805.000
-0.292,0.135,-0.070,1.489,-11.222,1.824,622390905.000
-0.292,0.140,-0.073,1.561,-11.230,1.843,622391005.000
-0.292,0.135,-0.068,1.545,-11.189,1.852,622391106.000
-0.292,0.132,-0.070,1.530,-11.173,1.843,622391205.000
-0.290,0.131,-0.068,1.522,-11.153,1.853,622391306.000
-0.292,0.132,-0.070,1.543,-11.100,1.844,622391406.000
-0.288,0.130,-0.070,1.529,-11.126,1.835,622391506.000
-0.292,0.132,-0.060,1.556,-11.091,1.844,622391605.000
-0.286,0.128,-0.068,1.549,-11.105,1.818,622391705.000
-0.286,0.129,-0.070,1.549,-11.090,1.845,622391806.000
-0.288,0.127,-0.070,1.555,-11.004,1.827,622391905.000
-0.288,0.127,-0.073,1.541,-11.012,1.827,622392006.000
-0.288,0.130,-0.073,1.584,-10.964,1.837,622392105.000
-0.282,0.126,-0.072,1.562,-11.002,1.810,622392206.000
-0.286,0.134,-0.070,1.635,-10.944,1.865,622392305.000
-0.284,0.125,-0.073,1.568,-10.965,1.847,622392405.000
-0.284,0.127,-0.077,1.611,-10.932,1.801,622392506.000
-0.284,0.132,-0.075,1.628,-10.876,1.848,622392606.000
-0.286,0.121,-0.073,1.545,-10.855,1.848,622392705.000
-0.286,0.123,-0.072,1.602,-10.830,1.830,622392805.000
-0.280,0.127,-0.075,1.612,-10.877,1.830,622392905.000
-0.280,0.122,-0.075,1.581,-10.828,1.812,622393005.000
-0.282,0.123,-0.077,1.602,-10.824,1.803,622393105.000
-0.282,0.126,-0.075,1.645,-10.791,1.840,622393206.000
-0.284,0.122,-0.075,1.636,-10.754,1.812,622393306.000
-0.282,0.128,-0.077,1.646,-10.751,1.794,622393406.000
-0.280,0.124,-0.075,1.652,-10.731,1.822,622393506.000
-0.278,0.125,-0.067,1.673,-10.718,1.814,622393605.000
-0.278,0.123,-0.075,1.644,-10.695,1.805,622393705.000
-0.278,0.123,-0.072,1.658,-10.687,1.805,622393805.000
-0.274,0.123,-0.070,1.686,-10.679,1.833,622393906.000
-0.278,0.120,-0.077,1.657,-10.630,1.796,622394005.000
-0.276,0.119,-0.072,1.677,-10.626,1.806,622394106.000
-0.276,0.119,-0.067,1.676,-10.609,1.779,622394206.000
-0.274,0.120,-0.075,1.657,-10.623,1.797,622394305.000
-0.276,0.119,-0.070,1.677,-10.545,1.807,622394405.000
-0.274,0.117,-0.072,1.669,-10.542,1.789,622394505.000
-0.274,0.123,-0.075,1.700,-10.526,1.807,622394606.000
-0.274,0.115,-0.075,1.669,-10.502,1.807,622394705.000
-0.274,0.117,-0.077,1.712,-10.485,1.817,622394805.000
-0.275,0.115,-0.070,1.696,-10.485,1.808,622394905.000
-0.277,0.119,-0.070,1.704,-10.448,1.808,622395006.000
-0.272,0.121,-0.072,1.748,-10.457,1.790,622395106.000
-0.273,0.119,-0.070,1.733,-10.425,1.809,622395205.000
-0.268,0.116,-0.072,1.746,-10.434,1.800,622395305.000
-0.275,0.117,-0.070,1.739,-10.339,1.818,622395405.000
-0.275,0.117,-0.072,1.753,-10.347,1.818,622395506.000
-0.273,0.111,-0.070,1.714,-10.327,1.782,622395606.000
-0.266,0.109,-0.070,1.722,-10.341,1.792,622395705.000
-0.269,0.111,-0.072,1.729,-10.312,1.783,622395805.000
-0.268,0.116,-0.077,1.760,-10.329,1.801,622395906.000
-0.269,0.116,-0.069,1.787,-10.280,1.802,622396005.000
-0.271,0.112,-0.072,1.764,-10.251,1.774,622396105.000
-0.269,0.111,-0.077,1.743,-10.256,1.783,622396206.000
-0.269,0.113,-0.069,1.786,-10.207,1.793,622396306.000
-0.267,0.109,-0.072,1.777,-10.227,1.766,622396406.000
-0.267,0.109,-0.074,1.749,-10.212,1.766,622396506.000
-0.262,0.112,-0.072,1.778,-10.180,1.748,622396606.000
-0.263,0.104,-0.077,1.748,-10.173,1.776,622396705.000
-0.265,0.113,-0.069,1.828,-10.159,1.795,622396806.000
-0.265,0.110,-0.074,1.785,-10.127,1.758,622396905.000
-0.267,0.109,-0.072,1.791,-10.106,1.767,622397005.000
-0.261,0.105,-0.067,1.796,-10.127,1.796,622397105.000
-0.267,0.109,-0.074,1.818,-10.041,1.768,622397205.000
-0.263,0.109,-0.072,1.846,-10.083,1.768,622397306.000
-0.261,0.108,-0.072,1.811,-10.047,1.750,622397406.000
-0.263,0.106,-0.072,1.804,-10.034,1.759,622397505.000
-0.261,0.110,-0.077,1.855,-10.015,1.760,622397606.000
-0.263,0.104,-0.074,1.802,-9.994,1.750,622397705.000
-0.259,0.109,-0.072,1.847,-10.011,1.742,622397806.000
-0.263,0.104,-0.074,1.844,-9.969,1.751,622397906.000
-0.261,0.108,-0.074,1.853,-9.958,1.751,622398005.000
-0.261,0.105,-0.072,1.838,-9.925,1.770,622398106.000
-0.261,0.105,-0.074,1.851,-9.933,1.742,622398205.000
-0.261,0.105,-0.074,1.852,-9.885,1.743,622398305.000
-0.255,0.106,-0.079,1.874,-9.915,1.762,622398405.000
-0.255,0.106,-0.079,1.888,-9.891,1.762,622398505.000
-0.259,0.106,-0.077,1.874,-9.857,1.762,622398606.000
-0.257,0.100,-0.077,1.836,-9.870,1.753,622398706.000
-0.257,0.100,-0.074,1.891,-9.837,1.754,622398806.000
-0.255,0.104,-0.074,1.873,-9.826,1.754,622398905.000
-0.257,0.105,-0.074,1.894,-9.789,1.744,622399006.000
-0.259,0.101,-0.069,1.884,-9.735,1.772,622399105.000
-0.259,0.101,-0.079,1.871,-9.744,1.744,622399205.000
-0.255,0.098,-0.069,1.870,-9.761,1.764,622399305.000
-0.257,0.100,-0.077,1.891,-9.724,1.754,622399406.000
-0.253,0.100,-0.074,1.892,-9.766,1.755,622399505.000
-0.253,0.100,-0.077,1.920,-9.701,1.783,622399605.000
-0.253,0.097,-0.069,1.890,-9.724,1.746,622399706.000
-0.251,0.096,-0.076,1.910,-9.689,1.728,622399805.000
-0.251,0.098,-0.074,1.898,-9.657,1.738,622399905.000
-0.251,0.093,-0.071,1.909,-9.648,1.747,622400005.000
-0.251,0.093,-0.074,1.909,-9.632,1.747,622400106.000
-0.253,0.097,-0.074,1.945,-9.595,1.747,622400206.000
-0.253,0.094,-0.076,1.916,-9.604,1.738,622400306.000
-0.253,0.097,-0.074,1.959,-9.571,1.748,622400406.000
-0.253,0.099,-0.071,1.960,-9.562,1.729,622400506.000
-0.247,0.095,-0.076,1.952,-9.593,1.730,622400606.000
-0.251,0.095,-0.071,1.938,-9.527,1.730,622400705.000
-0.249,0.092,-0.074,1.929,-9.548,1.730,622400805.000
-0.249,0.097,-0.076,1.973,-9.507,1.721,622400905.000
-0.249,0.094,-0.074,2.000,-9.499,1.740,622401005.000
-0.245,0.097,-0.076,2.002,-9.484,1.722,622401104.000
-0.245,0.091,-0.074,1.971,-9.500,1.731,622401205.000
-0.245,0.091,-0.076,1.958,-9.460,1.732,622401305.000
-0.250,0.094,-0.071,1.986,-9.442,1.741,622401406.000
-0.247,0.090,-0.076,1.963,-9.423,1.713,622401507.000
-0.248,0.090,-0.074,1.964,-9.390,1.741,622401606.000
-0.245,0.089,-0.071,1.983,-9.419,1.723,622401707.000
-0.245,0.089,-0.079,1.984,-9.371,1.724,622401806.000
-0.246,0.086,-0.076,1.969,-9.338,1.715,622401906.000
-0.243,0.088,-0.076,1.963,-9.375,1.761,622402005.000
-0.246,0.089,-0.076,2.039,-9.338,1.724,622402106.000
-0.243,0.087,-0.079,2.032,-9.335,1.734,622402205.000
-0.246,0.089,-0.074,2.011,-9.305,1.697,622402306.000
-0.241,0.091,-0.071,2.027,-9.298,1.734,622402406.000
-0.246,0.088,-0.071,2.052,-9.248,1.697,622402506.000
-0.239,0.087,-0.071,2.032,-9.262,1.707,622402606.000
-0.239,0.082,-0.074,2.016,-9.270,1.717,622402706.000
-0.242,0.086,-0.071,2.038,-9.225,1.717,622402806.000
-0.239,0.085,-0.074,2.031,-9.222,1.726,622402905.000
-0.242,0.081,-0.076,2.022,-9.217,1.726,622403006.000
-0.244,0.087,-0.073,2.087,-9.172,1.708,622403106.000
-0.242,0.088,-0.074,2.067,-9.185,1.726,622403205.000
-0.240,0.087,-0.071,2.087,-9.165,1.736,622403305.000
-0.237,0.083,-0.073,2.065,-9.161,1.709,622403405.000
-0.240,0.087,-0.073,2.087,-9.100,1.681,622403505.000
-0.242,0.083,-0.078,2.065,-9.104,1.709,622403605.000
-0.242,0.086,-0.076,2.107,-9.071,1.718,622403706.000
-0.238,0.086,-0.078,2.094,-9.105,1.691,622403806.000
-0.238,0.083,-0.076,2.093,-9.097,1.710,622403906.000
-0.240,0.084,-0.076,2.100,-9.036,1.701,622404005.000
-0.238,0.083,-0.073,2.134,-9.040,1.710,622404106.000
-0.236,0.079,-0.071,2.111,-9.020,1.711,622404206.000
-0.234,0.083,-0.078,2.135,-9.033,1.711,622404306.000
-0.234,0.078,-0.078,2.105,-9.033,1.720,622404405.000
-0.234,0.083,-0.076,2.148,-9.025,1.711,622404506.000
-0.236,0.082,-0.073,2.113,-8.980,1.693,622404605.000
-0.236,0.079,-0.071,2.111,-8.971,1.711,622404705.000
-0.232,0.082,-0.078,2.141,-8.973,1.694,622404805.000
-0.236,0.076,-0.081,2.138,-8.931,1.675,622404906.000
-0.236,0.076,-0.073,2.138,-8.931,1.703,622405005.000
-0.236,0.079,-0.071,2.153,-8.898,1.712,622405106.000
-0.232,0.076,-0.073,2.152,-8.883,1.704,622405206.000
-0.232,0.074,-0.073,2.137,-8.883,1.695,622405305.000
-0.232,0.074,-0.076,2.123,-8.843,1.667,622405405.000
-0.230,0.075,-0.076,2.159,-8.856,1.714,622405505.000
-0.234,0.075,-0.078,2.117,-8.839,1.685,622405605.000
-0.230,0.075,-0.073,2.145,-8.799,1.687,622405705.000
-0.232,0.074,-0.071,2.137,-8.802,1.723,622405805.000
-0.230,0.078,-0.078,2.188,-8.815,1.696,622405906.000
-0.228,0.074,-0.071,2.179,-8.803,1.696,622406005.000
-0.230,0.072,-0.076,2.143,-8.759,1.678,622406106.000
-0.228,0.074,-0.073,2.193,-8.763,1.697,622406206.000
-0.230,0.070,-0.081,2.170,-8.751,1.697,622406306.000
-0.226,0.078,-0.073,2.229,-8.751,1.697,622406406.000
-0.228,0.071,-0.081,2.178,-8.715,1.688,622406505.000
-0.226,0.070,-0.078,2.171,-8.695,1.698,622406605.000
-0.230,0.072,-0.081,2.213,-8.653,1.679,622406705.000
-0.228,0.071,-0.073,2.205,-8.665,1.689,622406805.000
-0.226,0.075,-0.078,2.228,-8.646,1.689,622406905.000
-0.228,0.074,-0.076,2.248,-8.649,1.698,622407006.000
-0.228,0.071,-0.076,2.219,-8.625,1.689,622407105.000
-0.224,0.068,-0.075,2.204,-8.650,1.653,622407206.000
-0.226,0.070,-0.071,2.225,-8.597,1.699,622407305.000
-0.226,0.069,-0.078,2.239,-8.573,1.672,622407406.000
-0.226,0.069,-0.080,2.226,-8.533,1.672,622407506.000
-0.224,0.068,-0.083,2.246,-8.578,1.681,622407605.000
-0.224,0.071,-0.073,2.261,-8.545,1.691,622407706.000
-0.226,0.069,-0.078,2.267,-8.524,1.672,622407806.000
-0.220,0.068,-0.073,2.273,-8.521,1.655,622407906.000
-0.220,0.068,-0.085,2.247,-8.539,1.682,622408005.000
-0.222,0.064,-0.078,2.223,-8.526,1.682,622408105.000
-0.224,0.065,-0.075,2.244,-8.456,1.673,622408205.000
-0.222,0.067,-0.068,2.279,-8.468,1.692,622408305.000
-0.224,0.065,-0.073,2.286,-8.447,1.673,622408406.000
-0.225,0.060,-0.075,2.255,-8.431,1.655,622408505.000
-0.225,0.068,-0.073,2.301,-8.399,1.683,622408606.000
-0.216,0.065,-0.078,2.300,-8.442,1.647,622408705.000
-0.220,0.068,-0.073,2.329,-8.424,1.684,622408806.000
-0.222,0.064,-0.078,2.306,-8.379,1.656,622408905.000
-0.220,0.063,-0.078,2.299,-8.392,1.665,622409006.000
-0.220,0.060,-0.080,2.298,-8.352,1.657,622409105.000
-0.220,0.065,-0.075,2.314,-8.359,1.675,622409206.000
-0.216,0.063,-0.080,2.313,-8.377,1.666,622409305.000
-0.218,0.064,-0.075,2.320,-8.348,1.657,622409405.000
-0.221,0.060,-0.075,2.311,-8.311,1.657,622409505.000
-0.218,0.059,-0.073,2.317,-8.315,1.667,622409606.000
-0.221,0.060,-0.080,2.311,-8.279,1.657,622409705.000
-0.216,0.060,-0.075,2.325,-8.263,1.631,622409806.000
-0.216,0.057,-0.075,2.324,-8.239,1.677,622409906.000
-0.214,0.059,-0.078,2.346,-8.260,1.640,622410006.000
-0.216,0.060,-0.075,2.353,-8.263,1.659,622410105.000
-0.217,0.060,-0.070,2.353,-8.198,1.659,622410206.000
-0.212,0.060,-0.075,2.395,-8.215,1.660,622410306.000
-0.212,0.057,-0.083,2.339,-8.192,1.650,622410406.000
-0.215,0.059,-0.073,2.387,-8.170,1.669,622410505.000
-0.215,0.053,-0.075,2.329,-8.154,1.651,622410606.000
-0.215,0.053,-0.078,2.343,-8.162,1.651,622410705.000
-0.213,0.055,-0.075,2.365,-8.118,1.642,622410806.000
-0.212,0.060,-0.075,2.408,-8.142,1.633,622410905.000
-0.215,0.059,-0.070,2.387,-8.089,1.670,622411005.000
-0.215,0.059,-0.073,2.415,-8.073,1.670,622411105.000
-0.213,0.055,-0.077,2.392,-8.054,1.643,622411206.000
-0.215,0.051,-0.075,2.370,-8.057,1.670,622411305.000
-0.211,0.053,-0.073,2.385,-8.050,1.653,622411405.000
-0.213,0.055,-0.080,2.406,-8.013,1.643,622411505.000
-0.213,0.055,-0.075,2.420,-8.021,1.643,622411605.000
-0.211,0.053,-0.077,2.412,-8.017,1.625,622411706.000
-0.213,0.049,-0.075,2.390,-7.972,1.653,622411806.000
-0.213,0.054,-0.075,2.434,-7.996,1.644,622411905.000
-0.215,0.053,-0.075,2.439,-7.959,1.625,622412006.000
-0.206,0.053,-0.072,2.399,-8.002,1.654,622412106.000
-0.206,0.053,-0.082,2.427,-7.987,1.626,622412206.000
-0.211,0.050,-0.080,2.439,-7.928,1.617,622412306.000
-0.209,0.049,-0.077,2.404,-7.909,1.654,622412405.000
-0.213,0.049,-0.077,2.431,-7.883,1.626,622412506.000
-0.211,0.045,-0.080,2.381,-7.880,1.654,622412605.000
-0.207,0.045,-0.080,2.450,-7.881,1.600,622412706.000
-0.207,0.050,-0.067,2.466,-7.888,1.646,622412806.000
-0.207,0.056,-0.080,2.511,-7.881,1.637,622412905.000
-0.205,0.052,-0.082,2.475,-7.853,1.637,622413006.000
-0.209,0.046,-0.077,2.471,-7.811,1.619,622413106.000
-0.207,0.045,-0.072,2.464,-7.807,1.629,622413206.000
-0.200,0.046,-0.080,2.473,-7.846,1.620,622413305.000
-0.203,0.050,-0.080,2.523,-7.785,1.648,622413406.000
-0.207,0.048,-0.075,2.493,-7.767,1.638,622413505.000
-0.207,0.045,-0.082,2.492,-7.792,1.629,622413605.000
-0.207,0.048,-0.082,2.521,-7.719,1.611,622413705.000
-0.203,0.045,-0.077,2.493,-7.752,1.657,622413806.000
-0.203,0.043,-0.075,2.505,-7.719,1.649,622413905.000
-0.203,0.050,-0.084,2.537,-7.728,1.593,622414006.000
-0.203,0.045,-0.077,2.521,-7.703,1.658,622414105.000
-0.205,0.046,-0.077,2.527,-7.690,1.621,622414205.000
-0.205,0.041,-0.080,2.484,-7.650,1.630,622414306.000
-0.203,0.045,-0.080,2.548,-7.638,1.603,622414406.000
-0.201,0.044,-0.077,2.541,-7.667,1.640,622414506.000
-0.201,0.044,-0.077,2.554,-7.643,1.641,622414605.000
-0.199,0.045,-0.084,2.549,-7.632,1.604,622414706.000
-0.199,0.045,-0.075,2.562,-7.623,1.632,622414805.000
-0.199,0.040,-0.080,2.546,-7.615,1.614,622414906.000
-0.197,0.038,-0.077,2.524,-7.620,1.623,622415006.000
-0.199,0.042,-0.077,2.561,-7.583,1.623,622415105.000
-0.201,0.043,-0.082,2.568,-7.538,1.614,622415206.000
-0.197,0.038,-0.082,2.566,-7.563,1.624,622415306.000
-0.199,0.045,-0.077,2.576,-7.534,1.633,622415405.000
-0.199,0.042,-0.079,2.561,-7.518,1.596,622415505.000
-0.201,0.041,-0.075,2.594,-7.513,1.605,622415606.000
-0.193,0.043,-0.077,2.624,-7.523,1.588,622415706.000
-0.199,0.040,-0.075,2.600,-7.501,1.615,622415806.000
-0.197,0.043,-0.072,2.596,-7.481,1.615,622415906.000
-0.193,0.038,-0.079,2.594,-7.459,1.626,622416006.000
-0.195,0.040,-0.075,2.602,-7.429,1.644,622416106.000
-0.195,0.042,-0.072,2.630,-7.421,1.626,622416205.000
-0.197,0.035,-0.082,2.606,-7.417,1.589,622416306.000
-0.197,0.036,-0.074,2.605,-7.416,1.589,622416405.000
-0.197,0.038,-0.077,2.649,-7.352,1.626,622416506.000
-0.195,0.037,-0.079,2.614,-7.397,1.608,622416606.000
-0.193,0.038,-0.074,2.649,-7.345,1.627,622416705.000
-0.193,0.033,-0.077,2.605,-7.353,1.581,622416805.000
-0.193,0.033,-0.072,2.619,-7.312,1.637,622416905.000
-0.196,0.037,-0.079,2.655,-7.276,1.609,622417005.000
-0.193,0.035,-0.082,2.676,-7.321,1.618,622417106.000
-0.193,0.033,-0.079,2.660,-7.288,1.582,622417206.000
-0.191,0.039,-0.074,2.671,-7.284,1.619,622417306.000
-0.191,0.029,-0.082,2.624,-7.261,1.582,622417405.000
-0.191,0.034,-0.079,2.668,-7.252,1.601,622417505.000
-0.191,0.034,-0.084,2.682,-7.245,1.601,622417605.000
-0.189,0.033,-0.077,2.675,-7.257,1.610,622417706.000
-0.189,0.030,-0.079,2.673,-7.216,1.602,622417806.000
-0.191,0.031,-0.079,2.681,-7.203,1.592,622417905.000
-0.192,0.031,-0.077,2.708,-7.171,1.593,622418005.000
-0.192,0.031,-0.074,2.736,-7.186,1.620,622418106.000
-0.192,0.026,-0.079,2.664,-7.131,1.574,622418205.000
-0.190,0.028,-0.074,2.686,-7.151,1.621,622418306.000
-0.190,0.030,-0.074,2.701,-7.102,1.603,622418405.000
-0.187,0.026,-0.082,2.665,-7.140,1.575,622418506.000
-0.190,0.030,-0.072,2.728,-7.118,1.603,622418605.000
-0.188,0.029,-0.077,2.721,-7.099,1.585,622418705.000
-0.190,0.027,-0.079,2.713,-7.070,1.594,622418805.000
-0.188,0.031,-0.074,2.750,-7.090,1.594,622418905.000
-0.190,0.027,-0.077,2.727,-7.062,1.594,622419006.000
-0.188,0.029,-0.079,2.749,-7.034,1.586,622419106.000
-0.192,0.029,-0.079,2.748,-7.009,1.585,622419206.000
-0.183,0.029,-0.074,2.777,-7.043,1.586,622419307.000
-0.186,0.027,-0.077,2.741,-7.014,1.595,622419406.000
-0.186,0.022,-0.074,2.739,-6.982,1.605,622419507.000
-0.186,0.027,-0.074,2.768,-6.981,1.568,622419607.000
-0.184,0.021,-0.082,2.745,-6.971,1.587,622419707.000
-0.184,0.031,-0.076,2.806,-6.954,1.596,622419807.000
-0.184,0.026,-0.082,2.790,-6.946,1.606,622419907.000
-0.184,0.026,-0.074,2.803,-6.921,1.606,622420007.000
-0.179,0.018,-0.081,2.745,-6.923,1.579,622420107.000
-0.184,0.021,-0.079,2.759,-6.914,1.588,622420207.000
-0.182,0.022,-0.081,2.795,-6.910,1.579,622420307.000
-0.184,0.026,-0.079,2.831,-6.889,1.607,622420407.000
-0.184,0.021,-0.077,2.773,-6.857,1.588,622420507.000
-0.182,0.027,-0.084,2.825,-6.846,1.570,622420606.000
-0.180,0.021,-0.074,2.828,-6.849,1.589,622420706.000
-0.182,0.019,-0.079,2.807,-6.829,1.598,622420806.000
-0.184,0.021,-0.074,2.828,-6.823,1.589,622420906.000
-0.184,0.018,-0.071,2.812,-6.791,1.552,622421006.000
-0.182,0.027,-0.079,2.866,-6.804,1.571,622421106.000
-0.182,0.019,-0.076,2.834,-6.796,1.571,622421207.000
-0.178,0.019,-0.076,2.821,-6.797,1.599,622421306.000
-0.176,0.020,-0.081,2.829,-6.778,1.563,622421406.000
-0.180,0.020,-0.079,2.856,-6.768,1.590,622421506.000
-0.176,0.021,-0.074,2.843,-6.753,1.591,622421606.000
-0.180,0.020,-0.079,2.856,-6.720,1.563,622421707.000
-0.178,0.019,-0.074,2.876,-6.716,1.600,622421807.000
-0.182,0.022,-0.074,2.877,-6.666,1.582,622421907.000
-0.176,0.013,-0.076,2.825,-6.688,1.564,622422007.000
-0.176,0.015,-0.079,2.854,-6.696,1.573,622422106.000
-0.176,0.015,-0.076,2.881,-6.664,1.574,622422207.000
-0.178,0.019,-0.081,2.891,-6.643,1.573,622422307.000
-0.180,0.015,-0.079,2.854,-6.623,1.573,622422406.000
-0.180,0.018,-0.076,2.896,-6.590,1.583,622422507.000
-0.178,0.016,-0.081,2.889,-6.619,1.565,622422607.000
-0.174,0.016,-0.084,2.890,-6.629,1.565,622422707.000
-0.176,0.012,-0.081,2.894,-6.583,1.565,622422806.000
-0.176,0.015,-0.079,2.923,-6.574,1.547,622422907.000
-0.172,0.015,-0.079,2.882,-6.576,1.575,622423007.000
-0.172,0.015,-0.081,2.910,-6.608,1.575,622423106.000
-0.178,0.016,-0.079,2.917,-6.538,1.565,622423206.000
-0.172,0.015,-0.079,2.923,-6.551,1.548,622423306.000
-0.172,0.015,-0.079,2.896,-6.552,1.548,622423407.000
-0.172,0.018,-0.079,2.952,-6.527,1.557,622423506.000
-0.176,0.010,-0.079,2.906,-6.502,1.557,622423607.000
-0.176,0.010,-0.074,2.920,-6.461,1.558,622423706.000
-0.172,0.012,-0.079,2.922,-6.479,1.567,622423807.000
-0.170,0.011,-0.078,2.956,-6.467,1.549,622423906.000
-0.172,0.012,-0.086,2.923,-6.479,1.567,622424006.000
-0.174,0.014,-0.076,2.957,-6.433,1.558,622424106.000
-0.168,0.012,-0.081,2.964,-6.463,1.541,622424206.000
-0.170,0.008,-0.081,2.928,-6.427,1.568,622424306.000
-0.170,0.013,-0.076,2.985,-6.458,1.531,622424406.000
-0.168,0.012,-0.081,2.964,-6.415,1.541,622424506.000
-0.170,0.008,-0.076,2.941,-6.386,1.569,622424607.000
-0.170,0.011,-0.076,2.970,-6.361,1.550,622424707.000
-0.170,0.008,-0.076,2.982,-6.361,1.541,622424807.000
-0.172,0.012,-0.079,3.005,-6.332,1.569,622424907.000
-0.166,0.008,-0.078,2.983,-6.370,1.542,622425007.000
-0.166,0.008,-0.086,2.997,-6.347,1.542,622425107.000
-0.168,0.004,-0.078,2.974,-6.333,1.542,622425207.000
-0.166,0.006,-0.078,2.996,-6.322,1.561,622425306.000
-0.166,0.006,-0.083,2.982,-6.314,1.533,622425406.000
-0.168,0.007,-0.076,3.003,-6.276,1.552,622425506.000
-0.168,0.004,-0.081,2.988,-6.293,1.543,622425606.000
-0.164,0.007,-0.078,3.031,-6.286,1.525,622425707.000
-0.168,0.002,-0.078,3.000,-6.260,1.561,622425806.000
-0.169,0.007,-0.078,3.003,-6.212,1.552,622425907.000
-0.169,-0.001,-0.081,2.971,-6.220,1.525,622426007.000
-0.164,0.004,-0.078,3.002,-6.262,1.544,622426107.000
-0.171,0.003,-0.086,3.021,-6.175,1.525,622426206.000
-0.164,0.004,-0.078,3.030,-6.213,1.544,622426307.000
-0.166,0.003,-0.081,3.049,-6.184,1.526,622426405.000
-0.164,0.004,-0.078,3.030,-6.213,1.544,622426507.000
-0.164,-0.001,-0.076,2.999,-6.180,1.554,622426606.000
-0.164,0.001,-0.088,3.043,-6.149,1.536,622426707.000
-0.162,0.003,-0.086,3.037,-6.153,1.554,622426806.000
-0.160,0.007,-0.083,3.060,-6.182,1.554,622426907.000
-0.165,-0.001,-0.086,3.055,-6.116,1.527,622427007.000
-0.162,0.000,-0.083,3.062,-6.145,1.518,622427106.000
-0.165,0.001,-0.078,3.056,-6.091,1.564,622427207.000
-0.162,0.003,-0.081,3.091,-6.088,1.528,622427307.000
-0.158,0.000,-0.083,3.035,-6.073,1.519,622427407.000
-0.160,0.001,-0.081,3.057,-6.052,1.537,622427506.000
-0.161,-0.001,-0.078,3.096,-6.019,1.529,622427605.000
-0.158,0.000,-0.078,3.063,-6.056,1.547,622427706.000
-0.160,0.001,-0.081,3.098,-6.027,1.538,622427806.000
-0.165,-0.004,-0.076,3.081,-5.961,1.547,622427905.000
-0.156,-0.001,-0.078,3.083,-6.020,1.529,622428005.000
-0.161,-0.004,-0.081,3.095,-5.979,1.520,622428105.000
-0.158,-0.003,-0.083,3.076,-5.976,1.538,622428207.000
-0.156,-0.004,-0.076,3.081,-6.012,1.520,622428306.000
-0.163,-0.000,-0.083,3.132,-5.926,1.520,622428405.000
-0.161,-0.002,-0.078,3.124,-5.922,1.502,622428505.000
-0.159,-0.003,-0.073,3.116,-5.918,1.539,622428606.000
-0.159,-0.003,-0.083,3.131,-5.927,1.512,622428706.000
-0.161,-0.001,-0.078,3.138,-5.897,1.530,622428806.000
-0.157,-0.001,-0.078,3.138,-5.923,1.530,622428906.000
-0.159,-0.005,-0.078,3.129,-5.886,1.531,622429006.000
-0.159,-0.005,-0.085,3.143,-5.862,1.503,622429105.000
-0.155,-0.008,-0.081,3.101,-5.871,1.522,622429206.000
-0.159,-0.008,-0.071,3.127,-5.861,1.522,622429306.000
-0.157,-0.007,-0.080,3.136,-5.858,1.513,622429405.000
-0.155,-0.008,-0.080,3.115,-5.847,1.522,622429506.000
-0.159,-0.006,-0.083,3.157,-5.805,1.504,622429606.000
-0.159,-0.008,-0.080,3.128,-5.797,1.494,622429705.000
-0.155,-0.011,-0.083,3.113,-5.806,1.513,622429805.000
-0.157,-0.002,-0.080,3.180,-5.785,1.504,622429906.000
-0.157,-0.007,-0.083,3.177,-5.769,1.514,622430005.000
-0.157,-0.009,-0.078,3.148,-5.777,1.532,622430106.000
-0.157,-0.007,-0.078,3.177,-5.752,1.514,622430206.000
-0.150,-0.005,-0.083,3.172,-5.783,1.533,622430305.000
-0.153,-0.009,-0.083,3.163,-5.746,1.505,622430405.000
-0.155,-0.008,-0.080,3.170,-5.701,1.524,622430506.000
-0.153,-0.015,-0.080,3.160,-5.713,1.515,622430605.000
-0.153,-0.009,-0.088,3.177,-5.738,1.505,622430706.000
-0.157,-0.004,-0.080,3.220,-5.688,1.524,622430805.000
-0.153,-0.009,-0.080,3.190,-5.713,1.534,622430905.000
-0.146,-0.011,-0.078,3.183,-5.719,1.516,622431006.000
-0.155,-0.011,-0.083,3.196,-5.660,1.515,622431106.000
-0.153,-0.010,-0.083,3.190,-5.649,1.506,622431205.000
-0.151,-0.016,-0.085,3.166,-5.670,1.497,622431306.000
-0.153,-0.010,-0.080,3.204,-5.640,1.507,622431405.000
-0.151,-0.013,-0.085,3.196,-5.645,1.507,622431506.000
-0.149,-0.015,-0.080,3.188,-5.641,1.517,622431606.000
-0.155,-0.011,-0.078,3.251,-5.594,1.489,622431706.000
-0.151,-0.013,-0.075,3.195,-5.612,1.507,622431805.000
-0.153,-0.012,-0.078,3.230,-5.583,1.526,622431905.000
-0.151,-0.011,-0.080,3.238,-5.580,1.517,622432006.000
-0.147,-0.013,-0.083,3.196,-5.590,1.508,622432106.000
-0.149,-0.010,-0.085,3.246,-5.561,1.508,622432206.000
-0.147,-0.014,-0.080,3.237,-5.581,1.508,622432305.000
-0.147,-0.014,-0.085,3.224,-5.573,1.508,622432405.000
-0.147,-0.014,-0.080,3.223,-5.557,1.509,622432506.000
-0.149,-0.015,-0.083,3.243,-5.528,1.518,622432605.000
-0.149,-0.012,-0.083,3.245,-5.552,1.499,622432705.000
-0.147,-0.014,-0.078,3.251,-5.524,1.509,622432805.000
-0.149,-0.015,-0.083,3.229,-5.504,1.490,622432905.000
-0.147,-0.014,-0.080,3.251,-5.508,1.509,622433006.000
-0.149,-0.015,-0.078,3.243,-5.511,1.518,622433106.000
-0.147,-0.014,-0.080,3.265,-5.484,1.509,622433206.000
-0.147,-0.016,-0.078,3.236,-5.475,1.500,622433305.000
-0.147,-0.014,-0.078,3.251,-5.475,1.509,622433405.000
-0.147,-0.019,-0.083,3.234,-5.468,1.491,622433506.000
-0.147,-0.014,-0.075,3.292,-5.467,1.510,622433605.000
-0.149,-0.015,-0.083,3.285,-5.406,1.492,622433706.000
-0.147,-0.016,-0.083,3.264,-5.443,1.501,622433806.000
-0.143,-0.016,-0.085,3.278,-5.428,1.501,622433906.000
-0.143,-0.016,-0.083,3.278,-5.444,1.501,622434005.000
-0.147,-0.019,-0.085,3.249,-5.427,1.492,622434105.000
-0.147,-0.019,-0.083,3.248,-5.395,1.492,622434206.000
-0.147,-0.019,-0.078,3.248,-5.378,1.520,622434305.000
-0.145,-0.015,-0.075,3.284,-5.382,1.465,622434405.000
-0.147,-0.016,-0.080,3.277,-5.338,1.502,622434505.000
-0.145,-0.015,-0.083,3.327,-5.358,1.493,622434606.000
-0.145,-0.020,-0.078,3.296,-5.342,1.475,622434706.000
-0.143,-0.016,-0.080,3.291,-5.339,1.475,622434805.000
-0.143,-0.019,-0.080,3.304,-5.339,1.493,622434906.000
-0.145,-0.020,-0.085,3.269,-5.294,1.475,622435005.000
-0.143,-0.022,-0.080,3.275,-5.314,1.484,622435106.000
-0.143,-0.019,-0.083,3.277,-5.274,1.494,622435205.000
-0.143,-0.019,-0.082,3.332,-5.322,1.494,622435305.000
-0.141,-0.018,-0.078,3.298,-5.295,1.485,622435405.000
-0.141,-0.020,-0.080,3.283,-5.279,1.476,622435506.000
-0.141,-0.020,-0.080,3.296,-5.303,1.476,622435606.000
-0.139,-0.019,-0.080,3.318,-5.291,1.467,622435705.000
-0.146,-0.023,-0.087,3.281,-5.230,1.466,622435805.000
-0.139,-0.022,-0.080,3.289,-5.267,1.485,622435906.000
-0.143,-0.022,-0.085,3.289,-5.210,1.485,622436005.000
-0.139,-0.027,-0.082,3.301,-5.227,1.495,622436106.000
-0.139,-0.019,-0.085,3.333,-5.235,1.495,622436205.000
-0.141,-0.023,-0.082,3.323,-5.214,1.495,622436305.000
-0.144,-0.024,-0.085,3.288,-5.185,1.476,622436405.000
-0.139,-0.027,-0.077,3.300,-5.210,1.468,622436506.000
-0.137,-0.021,-0.080,3.366,-5.206,1.478,622436606.000
-0.141,-0.020,-0.078,3.311,-5.197,1.504,622436707.000
-0.141,-0.023,-0.085,3.296,-5.150,1.468,622436806.000
-0.137,-0.026,-0.082,3.322,-5.166,1.487,622436906.000
-0.137,-0.026,-0.087,3.295,-5.183,1.459,622437007.000
-0.137,-0.023,-0.085,3.324,-5.175,1.468,622437106.000
-0.137,-0.026,-0.080,3.308,-5.158,1.459,622437207.000
-0.139,-0.024,-0.085,3.330,-5.138,1.478,622437306.000
-0.144,-0.022,-0.082,3.358,-5.104,1.487,622437407.000
-0.137,-0.023,-0.082,3.351,-5.142,1.469,622437506.000
-0.135,-0.022,-0.085,3.359,-5.139,1.460,622437607.000
-0.137,-0.028,-0.085,3.321,-5.126,1.478,622437707.000
-0.135,-0.025,-0.087,3.358,-5.147,1.451,622437807.000
-0.137,-0.023,-0.077,3.351,-5.125,1.469,622437906.000
-0.140,-0.025,-0.085,3.357,-5.089,1.478,622438006.000
-0.137,-0.023,-0.077,3.337,-5.101,1.469,622438107.000
-0.137,-0.023,-0.077,3.351,-5.077,1.497,622438207.000
-0.140,-0.025,-0.077,3.384,-5.039,1.479,622438306.000
-0.133,-0.026,-0.075,3.378,-5.094,1.489,622438407.000
-0.138,-0.026,-0.085,3.336,-5.029,1.488,622438507.000
-0.137,-0.023,-0.085,3.393,-5.053,1.470,622438607.000
-0.133,-0.026,-0.082,3.378,-5.046,1.489,622438706.000
-0.138,-0.026,-0.080,3.391,-5.012,1.461,622438806.000
-0.138,-0.026,-0.085,3.378,-5.004,1.489,622438906.000
-0.133,-0.026,-0.090,3.378,-5.046,1.461,622439006.000
-0.138,-0.026,-0.085,3.378,-5.004,1.489,622439106.000
-0.138,-0.029,-0.080,3.362,-4.988,1.480,622439206.000
-0.135,-0.027,-0.092,3.371,-4.969,1.443,622439306.000
-0.135,-0.027,-0.085,3.384,-4.993,1.471,622439406.000
-0.136,-0.030,-0.082,3.369,-4.960,1.462,622439506.000
-0.135,-0.025,-0.085,3.399,-4.993,1.480,622439607.000
-0.136,-0.027,-0.080,3.384,-4.928,1.471,622439706.000
-0.131,-0.027,-0.085,3.398,-4.945,1.444,622439806.000
-0.136,-0.027,-0.080,3.411,-4.927,1.472,622439906.000
-0.136,-0.025,-0.080,3.399,-4.928,1.481,622440007.000
-0.136,-0.030,-0.080,3.369,-4.928,1.490,622440106.000
-0.134,-0.029,-0.085,3.404,-4.908,1.454,622440207.000
-0.133,-0.029,-0.082,3.418,-4.948,1.453,622440306.000
-0.131,-0.027,-0.085,3.426,-4.945,1.472,622440406.000
-0.136,-0.030,-0.082,3.410,-4.887,1.463,622440506.000
-0.134,-0.029,-0.085,3.405,-4.908,1.481,622440606.000
-0.129,-0.031,-0.087,3.390,-4.918,1.445,622440706.000
-0.132,-0.027,-0.080,3.453,-4.880,1.473,622440806.000
-0.131,-0.030,-0.080,3.425,-4.904,1.491,622440907.000
-0.132,-0.030,-0.085,3.425,-4.872,1.464,622441007.000
-0.129,-0.029,-0.082,3.405,-4.901,1.482,622441106.000
-0.132,-0.033,-0.085,3.396,-4.848,1.454,622441207.000
-0.129,-0.029,-0.085,3.432,-4.885,1.455,622441307.000
-0.129,-0.026,-0.080,3.448,-4.868,1.492,622441406.000
-0.127,-0.030,-0.085,3.453,-4.849,1.465,622441506.000
-0.132,-0.033,-0.082,3.409,-4.839,1.455,622441606.000
-0.130,-0.034,-0.080,3.416,-4.844,1.464,622441706.000
-0.125,-0.029,-0.087,3.419,-4.822,1.428,622441806.000
-0.127,-0.033,-0.085,3.451,-4.824,1.456,622441907.000
-0.127,-0.033,-0.085,3.438,-4.800,1.456,622442007.000
-0.134,-0.031,-0.080,3.458,-4.769,1.446,622442106.000
-0.132,-0.035,-0.089,3.408,-4.767,1.418,622442207.000
-0.128,-0.033,-0.080,3.437,-4.784,1.456,622442307.000
-0.130,-0.037,-0.087,3.415,-4.772,1.456,622442406.000
-0.128,-0.035,-0.089,3.437,-4.744,1.447,622442507.000
-0.130,-0.034,-0.084,3.457,-4.739,1.438,622442606.000
-0.128,-0.035,-0.084,3.450,-4.751,1.447,622442706.000
-0.128,-0.038,-0.080,3.435,-4.735,1.466,622442807.000
-0.128,-0.030,-0.082,3.480,-4.719,1.438,622442906.000
-0.130,-0.032,-0.080,3.472,-4.722,1.447,622443007.000
-0.130,-0.034,-0.084,3.457,-4.690,1.438,622443106.000
-0.128,-0.038,-0.084,3.435,-4.703,1.438,622443207.000
-0.128,-0.035,-0.082,3.464,-4.694,1.448,622443306.000
-0.126,-0.034,-0.080,3.485,-4.699,1.467,622443407.000
-0.132,-0.033,-0.082,3.492,-4.645,1.457,622443506.000
-0.128,-0.035,-0.084,3.491,-4.678,1.448,622443606.000
-0.128,-0.033,-0.080,3.493,-4.686,1.457,622443707.000
-0.128,-0.035,-0.082,3.464,-4.646,1.448,622443806.000
-0.126,-0.031,-0.077,3.500,-4.666,1.476,622443907.000
-0.130,-0.039,-0.082,3.468,-4.633,1.448,622444007.000
-0.130,-0.034,-0.082,3.512,-4.609,1.439,622444106.000
-0.124,-0.033,-0.084,3.507,-4.655,1.430,622444206.000
-0.128,-0.038,-0.077,3.517,-4.604,1.440,622444306.000
-0.128,-0.033,-0.084,3.521,-4.605,1.458,622444406.000
-0.124,-0.038,-0.084,3.491,-4.631,1.440,622444506.000
-0.128,-0.036,-0.079,3.505,-4.589,1.449,622444606.000
-0.128,-0.036,-0.087,3.519,-4.565,1.422,622444706.000
-0.128,-0.038,-0.082,3.490,-4.573,1.440,622444806.000
-0.119,-0.033,-0.092,3.536,-4.633,1.431,622444906.000
-0.126,-0.037,-0.087,3.512,-4.578,1.431,622445007.000
-0.126,-0.040,-0.087,3.496,-4.578,1.422,622445107.000
-0.124,-0.036,-0.084,3.533,-4.582,1.450,622445207.000
-0.124,-0.038,-0.082,3.490,-4.598,1.440,622445306.000
-0.124,-0.038,-0.077,3.504,-4.557,1.441,622445407.000
-0.124,-0.036,-0.082,3.533,-4.550,1.450,622445507.000
-0.120,-0.038,-0.084,3.518,-4.559,1.414,622445606.000
-0.126,-0.042,-0.079,3.508,-4.528,1.413,622445706.000
-0.122,-0.037,-0.079,3.540,-4.554,1.460,622445806.000
-0.124,-0.036,-0.079,3.547,-4.541,1.450,622445907.000
-0.124,-0.036,-0.077,3.561,-4.533,1.451,622446006.000
-0.124,-0.041,-0.082,3.530,-4.501,1.432,622446107.000
-0.122,-0.042,-0.084,3.523,-4.498,1.442,622446207.000
-0.120,-0.043,-0.082,3.502,-4.502,1.424,622446307.000
-0.124,-0.041,-0.082,3.530,-4.452,1.433,622446406.000
-0.122,-0.040,-0.082,3.552,-4.489,1.424,622446506.000
-0.122,-0.037,-0.092,3.568,-4.474,1.433,622446607.000
-0.122,-0.040,-0.082,3.552,-4.441,1.452,622446706.000
-0.122,-0.042,-0.082,3.537,-4.441,1.470,622446806.000
-0.124,-0.041,-0.079,3.544,-4.395,1.461,622446907.000
-0.120,-0.038,-0.082,3.574,-4.429,1.443,622447006.000
-0.120,-0.038,-0.082,3.574,-4.429,1.443,622447106.000
-0.122,-0.042,-0.082,3.551,-4.416,1.443,622447206.000
-0.122,-0.042,-0.082,3.551,-4.416,1.443,622447307.000
-0.120,-0.041,-0.077,3.531,-4.413,1.461,622447406.000
-0.122,-0.040,-0.084,3.566,-4.400,1.424,622447506.000
-0.120,-0.044,-0.084,3.557,-4.389,1.425,622447607.000
-0.118,-0.042,-0.084,3.538,-4.402,1.443,622447706.000
-0.124,-0.044,-0.082,3.543,-4.355,1.425,622447806.000
-0.120,-0.041,-0.084,3.558,-4.364,1.407,622447906.000
-0.122,-0.040,-0.084,3.566,-4.352,1.425,622448007.000
-0.122,-0.042,-0.079,3.578,-4.335,1.444,622448107.000
-0.120,-0.041,-0.082,3.545,-4.356,1.434,622448207.000
-0.120,-0.041,-0.079,3.586,-4.348,1.435,622448306.000
-0.116,-0.046,-0.084,3.543,-4.366,1.417,622448406.000
-0.118,-0.045,-0.079,3.564,-4.360,1.435,622448506.000
-0.116,-0.044,-0.079,3.585,-4.349,1.426,622448606.000
-0.118,-0.042,-0.084,3.593,-4.352,1.417,622448706.000
-0.116,-0.046,-0.092,3.571,-4.317,1.417,622448807.000
-0.114,-0.045,-0.087,3.592,-4.338,1.408,622448907.000
-0.114,-0.042,-0.089,3.594,-4.346,1.417,622449006.000
-0.118,-0.045,-0.077,3.591,-4.327,1.435,622449106.000
-0.120,-0.044,-0.079,3.598,-4.299,1.426,622449206.000
-0.118,-0.048,-0.082,3.562,-4.271,1.427,622449307.000
-0.116,-0.044,-0.086,3.599,-4.276,1.399,622449406.000
-0.123,-0.045,-0.084,3.605,-4.230,1.436,622449507.000
-0.116,-0.044,-0.087,3.600,-4.276,1.427,622449606.000
-0.116,-0.046,-0.089,3.612,-4.260,1.446,622449707.000
-0.114,-0.045,-0.086,3.606,-4.265,1.409,622449807.000
-0.116,-0.044,-0.084,3.599,-4.244,1.427,622449906.000
-0.112,-0.046,-0.082,3.598,-4.261,1.419,622450007.000
-0.114,-0.048,-0.084,3.591,-4.232,1.428,622450106.000
-0.114,-0.045,-0.082,3.619,-4.224,1.409,622450206.000
-0.118,-0.050,-0.082,3.575,-4.223,1.418,622450307.000
-0.114,-0.042,-0.079,3.621,-4.216,1.446,622450406.000
-0.121,-0.044,-0.082,3.613,-4.161,1.427,622450506.000
-0.116,-0.046,-0.082,3.639,-4.162,1.419,622450607.000
-0.112,-0.049,-0.077,3.610,-4.195,1.410,622450707.000
-0.118,-0.045,-0.086,3.647,-4.166,1.409,622450807.000
-0.116,-0.046,-0.082,3.612,-4.163,1.419,622450906.000
-0.114,-0.045,-0.084,3.633,-4.183,1.410,622451007.000
-0.112,-0.046,-0.079,3.626,-4.180,1.419,622451107.000
-0.112,-0.049,-0.086,3.597,-4.156,1.410,622451206.000
-0.112,-0.046,-0.079,3.640,-4.155,1.420,622451306.000
-0.110,-0.050,-0.082,3.604,-4.176,1.420,622451406.000
-0.112,-0.049,-0.079,3.638,-4.131,1.411,622451506.000
-0.112,-0.046,-0.086,3.626,-4.132,1.420,622451607.000
-0.114,-0.045,-0.081,3.647,-4.126,1.410,622451707.000
-0.110,-0.045,-0.084,3.675,-4.136,1.411,622451806.000
-0.112,-0.049,-0.084,3.639,-4.099,1.411,622451906.000
-0.112,-0.049,-0.084,3.639,-4.099,1.439,622452007.000
-0.114,-0.048,-0.081,3.659,-4.078,1.402,622452106.000
-0.112,-0.052,-0.077,3.637,-4.074,1.430,622452207.000
-0.114,-0.048,-0.084,3.660,-4.062,1.402,622452307.000
-0.108,-0.049,-0.081,3.653,-4.067,1.412,622452406.000
-0.115,-0.048,-0.081,3.673,-4.053,1.402,622452507.000
-0.110,-0.053,-0.086,3.644,-4.047,1.384,622452606.000
-0.110,-0.050,-0.086,3.645,-4.023,1.421,622452706.000
-0.112,-0.049,-0.081,3.666,-4.018,1.412,622452807.000
-0.112,-0.052,-0.084,3.638,-4.026,1.430,622452906.000
-0.108,-0.054,-0.081,3.622,-4.019,1.394,622453007.000
-0.104,-0.052,-0.081,3.624,-4.069,1.403,622453106.000
-0.108,-0.049,-0.089,3.667,-4.044,1.385,622453206.000
-0.106,-0.051,-0.084,3.673,-4.015,1.395,622453305.000
-0.110,-0.051,-0.084,3.673,-3.990,1.422,622453406.000
-0.108,-0.054,-0.079,3.636,-4.010,1.394,622453505.000
-0.110,-0.053,-0.081,3.671,-3.981,1.385,622453606.000
-0.108,-0.052,-0.081,3.665,-4.019,1.403,622453705.000
-0.106,-0.056,-0.086,3.643,-3.999,1.404,622453806.000
-0.108,-0.055,-0.084,3.664,-3.978,1.395,622453906.000
-0.113,-0.052,-0.081,3.693,-3.944,1.431,622454007.000
-0.110,-0.051,-0.089,3.673,-3.958,1.394,622454107.000
-0.106,-0.053,-0.081,3.658,-3.983,1.386,622454206.000
-0.108,-0.055,-0.084,3.678,-3.954,1.395,622454307.000
-0.106,-0.053,-0.081,3.699,-3.958,1.414,622454407.000
-0.111,-0.053,-0.079,3.698,-3.900,1.386,622454506.000
-0.108,-0.057,-0.079,3.662,-3.937,1.414,622454608.000
-0.106,-0.056,-0.084,3.684,-3.942,1.377,622454706.000
-0.106,-0.053,-0.081,3.686,-3.934,1.414,622454807.000
-0.106,-0.053,-0.081,3.699,-3.910,1.414,622454907.000
-0.106,-0.053,-0.079,3.699,-3.926,1.414,622455006.000
-0.109,-0.057,-0.084,3.676,-3.881,1.386,622455106.000
-0.109,-0.055,-0.084,3.691,-3.881,1.396,622455207.000
-0.106,-0.056,-0.081,3.698,-3.934,1.405,622455307.000
-0.109,-0.060,-0.081,3.675,-3.873,1.405,622455406.000
-0.107,-0.056,-0.081,3.712,-3.861,1.406,622455507.000
-0.106,-0.056,-0.079,3.712,-3.877,1.406,622455607.000
-0.107,-0.056,-0.081,3.684,-3.861,1.378,622455707.000
-0.106,-0.056,-0.084,3.726,-3.869,1.406,622455806.000
-0.107,-0.056,-0.084,3.712,-3.845,1.406,622455907.000
-0.107,-0.053,-0.086,3.727,-3.829,1.415,622456006.000
-0.107,-0.056,-0.086,3.740,-3.829,1.406,622456106.000
-0.107,-0.059,-0.081,3.696,-3.812,1.397,622456206.000
-0.102,-0.059,-0.089,3.698,-3.839,1.397,622456306.000
-0.102,-0.059,-0.089,3.725,-3.838,1.370,622456407.000
-0.104,-0.052,-0.084,3.748,-3.833,1.379,622456507.000
-0.105,-0.057,-0.084,3.732,-3.809,1.416,622456607.000
-0.102,-0.059,-0.084,3.711,-3.798,1.398,622456707.000
-0.104,-0.055,-0.084,3.747,-3.809,1.370,622456806.000
-0.107,-0.061,-0.089,3.723,-3.788,1.388,622456906.000
-0.107,-0.064,-0.084,3.694,-3.748,1.407,622457007.000
-0.102,-0.053,-0.081,3.769,-3.813,1.389,622457106.000
-0.105,-0.055,-0.084,3.775,-3.760,1.398,622457207.000
-0.102,-0.059,-0.086,3.766,-3.781,1.398,622457307.000
-0.105,-0.057,-0.089,3.746,-3.753,1.389,622457407.000
-0.103,-0.059,-0.084,3.739,-3.749,1.398,622457506.000
-0.105,-0.057,-0.084,3.760,-3.760,1.389,622457606.000
-0.105,-0.057,-0.081,3.759,-3.728,1.389,622457706.000
-0.109,-0.057,-0.084,3.760,-3.686,1.416,622457807.000
-0.100,-0.057,-0.086,3.774,-3.745,1.390,622457906.000
-0.105,-0.060,-0.084,3.744,-3.712,1.380,622458006.000
-0.102,-0.054,-0.086,3.810,-3.757,1.389,622458106.000
-0.105,-0.060,-0.084,3.759,-3.687,1.408,622458206.000
-0.103,-0.056,-0.089,3.768,-3.692,1.380,622458307.000
-0.103,-0.064,-0.084,3.722,-3.676,1.381,622458407.000
-0.105,-0.063,-0.081,3.757,-3.679,1.399,622458506.000
-0.105,-0.063,-0.086,3.729,-3.647,1.371,622458606.000
-0.103,-0.061,-0.079,3.737,-3.659,1.390,622458707.000
-0.101,-0.057,-0.081,3.788,-3.704,1.390,622458806.000
-0.103,-0.059,-0.084,3.766,-3.652,1.399,622458907.000
-0.105,-0.058,-0.084,3.787,-3.663,1.362,622459006.000
-0.101,-0.063,-0.084,3.758,-3.640,1.400,622459106.000
-0.101,-0.065,-0.081,3.728,-3.632,1.391,622459206.000
-0.101,-0.057,-0.086,3.774,-3.648,1.390,622459306.000
-0.099,-0.061,-0.076,3.779,-3.627,1.391,622459406.000
-0.101,-0.068,-0.086,3.727,-3.624,1.382,622459507.000
-0.096,-0.065,-0.084,3.757,-3.641,1.391,622459607.000
-0.101,-0.058,-0.083,3.801,-3.615,1.363,622459706.000
-0.099,-0.062,-0.088,3.779,-3.596,1.364,622459806.000
-0.099,-0.067,-0.084,3.763,-3.604,1.373,622459906.000
-0.099,-0.059,-0.081,3.808,-3.620,1.400,622460006.000
-0.101,-0.063,-0.084,3.785,-3.591,1.373,622460107.000
-0.099,-0.067,-0.083,3.776,-3.579,1.373,622460207.000
-0.099,-0.064,-0.079,3.792,-3.563,1.410,622460306.000
-0.099,-0.062,-0.086,3.807,-3.563,1.364,622460407.000
-0.099,-0.061,-0.081,3.807,-3.595,1.392,622460507.000
-0.099,-0.064,-0.083,3.805,-3.555,1.383,622460606.000
-0.099,-0.064,-0.079,3.791,-3.563,1.383,622460707.000
-0.101,-0.063,-0.084,3.813,-3.542,1.401,622460806.000
-0.103,-0.064,-0.086,3.832,-3.513,1.355,622460907.000
-0.101,-0.065,-0.081,3.798,-3.510,1.392,622461007.000
-0.097,-0.063,-0.084,3.800,-3.544,1.402,622461107.000
-0.099,-0.062,-0.076,3.834,-3.530,1.365,622461206.000
-0.099,-0.064,-0.086,3.806,-3.491,1.383,622461306.000
-0.099,-0.062,-0.091,3.849,-3.507,1.365,622461407.000
-0.099,-0.062,-0.081,3.848,-3.522,1.365,622461506.000
-0.097,-0.065,-0.086,3.771,-3.504,1.365,622461607.000
-0.099,-0.067,-0.081,3.804,-3.498,1.374,622461707.000
-0.099,-0.064,-0.081,3.819,-3.498,1.383,622461806.000
-0.097,-0.066,-0.081,3.825,-3.486,1.366,622461907.000
-0.095,-0.064,-0.086,3.820,-3.492,1.356,622462006.000
-0.097,-0.066,-0.081,3.812,-3.462,1.366,622462106.000
-0.097,-0.063,-0.086,3.827,-3.430,1.375,622462206.000
-0.095,-0.064,-0.078,3.833,-3.467,1.384,622462306.000
-0.095,-0.064,-0.081,3.847,-3.475,1.357,622462406.000
-0.097,-0.066,-0.086,3.812,-3.430,1.366,622462507.000
-0.099,-0.072,-0.076,3.800,-3.433,1.357,622462607.000
-0.097,-0.071,-0.081,3.809,-3.414,1.375,622462706.000
-0.099,-0.064,-0.078,3.832,-3.393,1.357,622462806.000
-0.095,-0.069,-0.081,3.817,-3.426,1.394,622462907.000
-0.099,-0.064,-0.088,3.847,-3.402,1.384,622463007.000
-0.093,-0.071,-0.081,3.810,-3.390,1.376,622463106.000
-0.093,-0.068,-0.081,3.852,-3.390,1.358,622463207.000
-0.093,-0.068,-0.078,3.825,-3.406,1.385,622463306.000
-0.095,-0.067,-0.076,3.845,-3.385,1.376,622463407.000
-0.095,-0.069,-0.086,3.817,-3.394,1.367,622463507.000
-0.095,-0.067,-0.081,3.846,-3.353,1.376,622463606.000
-0.091,-0.070,-0.078,3.845,-3.370,1.368,622463706.000
-0.097,-0.066,-0.081,3.881,-3.340,1.367,622463807.000
-0.093,-0.071,-0.081,3.823,-3.366,1.349,622463906.000
-0.093,-0.066,-0.086,3.867,-3.358,1.340,622464006.000
-0.093,-0.071,-0.088,3.838,-3.342,1.377,622464106.000
-0.093,-0.071,-0.083,3.865,-3.325,1.350,622464206.000
-0.091,-0.067,-0.086,3.874,-3.347,1.377,622464306.000
-0.093,-0.071,-0.081,3.851,-3.317,1.350,622464406.000
-0.093,-0.068,-0.081,3.852,-3.293,1.359,622464506.000
-0.091,-0.070,-0.081,3.873,-3.306,1.368,622464606.000
-0.095,-0.072,-0.086,3.830,-3.297,1.358,622464706.000
-0.093,-0.068,-0.081,3.852,-3.293,1.359,622464807.000
-0.093,-0.068,-0.086,3.866,-3.285,1.359,622464906.000
-0.089,-0.071,-0.086,3.865,-3.335,1.350,622465006.000
-0.091,-0.070,-0.083,3.859,-3.266,1.369,622465106.000
-0.091,-0.070,-0.081,3.873,-3.306,1.368,622465206.000
-0.093,-0.071,-0.081,3.865,-3.244,1.350,622465307.000
-0.095,-0.070,-0.078,3.872,-3.248,1.368,622465406.000
-0.091,-0.070,-0.083,3.886,-3.265,1.341,622465507.000
-0.091,-0.070,-0.083,3.887,-3.265,1.369,622465607.000
-0.093,-0.071,-0.078,3.851,-3.236,1.350,622465706.000
-0.093,-0.074,-0.076,3.877,-3.228,1.369,622465807.000
-0.087,-0.070,-0.081,3.887,-3.258,1.342,622465907.000
-0.095,-0.075,-0.083,3.869,-3.215,1.350,622466006.000
-0.089,-0.071,-0.088,3.879,-3.246,1.351,622466106.000
-0.093,-0.074,-0.083,3.891,-3.204,1.369,622466206.000
-0.091,-0.070,-0.083,3.887,-3.217,1.369,622466306.000
-0.091,-0.072,-0.078,3.871,-3.200,1.388,622466407.000
-0.085,-0.071,-0.076,3.893,-3.230,1.352,622466506.000
-0.091,-0.070,-0.086,3.859,-3.201,1.341,622466607.000
-0.089,-0.074,-0.088,3.865,-3.198,1.370,622466706.000
-0.089,-0.071,-0.081,3.907,-3.197,1.352,622466806.000
-0.087,-0.070,-0.083,3.901,-3.218,1.342,622466906.000
-0.089,-0.068,-0.081,3.922,-3.197,1.361,622467007.000
-0.091,-0.072,-0.083,3.899,-3.168,1.361,622467106.000
-0.087,-0.075,-0.083,3.870,-3.218,1.352,622467206.000
-0.089,-0.071,-0.081,3.907,-3.148,1.352,622467307.000
-0.089,-0.071,-0.078,3.920,-3.188,1.352,622467406.000
-0.091,-0.075,-0.086,3.870,-3.128,1.324,622467506.000
-0.085,-0.071,-0.086,3.907,-3.190,1.325,622467607.000
-0.087,-0.070,-0.081,3.942,-3.161,1.371,622467707.000
