0.002,-0.001,0.000,-0.008,-0.013,-0.018,620501871.000
0.002,-0.001,0.000,-0.008,-0.013,-0.018,620501972.000
0.004,-0.003,0.007,-0.029,-0.049,-0.009,620502071.000
0.000,0.000,0.002,-0.000,-0.016,-0.000,620502172.000
0.002,-0.001,0.003,0.006,-0.004,-0.018,620502271.000
0.004,0.000,0.000,-0.013,-0.050,0.000,620502371.000
0.002,0.001,0.005,0.035,-0.044,-0.009,620502471.000
0.004,-0.003,0.003,-0.015,-0.041,-0.009,620502571.000
0.000,0.003,0.005,0.001,-0.008,0.009,620502671.000
-0.002,-0.001,-0.002,-0.022,0.004,-0.019,620502771.000
0.004,0.000,0.005,0.000,-0.057,0.000,620502872.000
0.002,0.001,-0.002,0.049,-0.021,-0.009,620502972.000
0.004,0.000,-0.005,0.001,-0.042,0.000,620503071.000
0.004,0.003,-0.002,0.002,-0.034,-0.018,620503171.000
0.004,-0.003,-0.002,-0.028,-0.034,-0.009,620503271.000
0.002,0.001,0.000,0.008,-0.013,-0.009,620503372.000
0.000,0.005,0.000,0.044,-0.024,-0.009,620503471.000
0.000,0.003,0.000,0.015,0.000,-0.018,620503571.000
0.000,0.000,0.002,-0.000,-0.016,-0.000,620503671.000
-0.000,0.003,0.005,0.015,0.017,0.009,620503771.000
-0.002,0.001,0.003,0.007,0.045,-0.009,620503871.000
0.000,0.000,0.000,0.000,0.000,0.000,620503972.000
-0.004,-0.000,0.002,-0.001,0.010,-0.001,620504072.000
-0.002,0.001,0.005,-0.007,0.005,-0.010,620504171.000
0.000,0.005,-0.007,0.045,-0.025,-0.009,620504272.000
0.004,-0.005,0.003,-0.044,-0.017,-0.018,620504371.000
-0.004,-0.000,-0.002,0.027,0.042,-0.000,620504472.000
-0.002,0.004,0.000,0.036,-0.011,-0.000,620504572.000
0.002,0.007,0.003,0.052,-0.053,0.009,620504671.000
0.000,0.000,0.002,0.014,-0.040,-0.000,620504771.000
0.000,0.003,0.010,0.001,-0.040,0.009,620504871.000
0.002,0.001,0.000,-0.034,-0.086,-0.010,620504971.000
0.002,0.001,0.005,0.007,-0.093,-0.010,620505072.000
0.005,0.000,-0.003,-0.054,-0.107,-0.001,620505172.000
-0.002,0.004,0.005,-0.033,-0.117,-0.002,620505272.000
0.000,0.005,0.000,-0.012,-0.170,-0.039,620505372.000
-0.006,0.007,0.005,-0.032,-0.116,0.007,620505472.000
-0.002,0.004,0.005,-0.061,-0.165,-0.002,620505572.000
-0.002,0.007,0.005,-0.031,-0.190,0.034,620505671.000
-0.002,0.004,0.005,-0.061,-0.214,0.025,620505772.000
-0.001,0.004,-0.003,-0.074,-0.239,-0.003,620505872.000
-0.004,0.006,0.002,-0.067,-0.258,0.015,620505972.000
-0.006,0.009,-0.000,-0.058,-0.254,0.015,620506072.000
-0.008,0.006,-0.003,-0.095,-0.250,0.014,620506171.000
-0.003,0.008,-0.000,-0.080,-0.339,-0.004,620506272.000
-0.008,0.011,0.005,-0.065,-0.297,0.032,620506371.000
-0.008,0.008,-0.000,-0.066,-0.338,-0.005,620506472.000
-0.008,0.006,0.005,-0.082,-0.370,0.013,620506572.000
-0.008,0.011,-0.003,-0.078,-0.371,0.031,620506671.000
-0.007,0.008,0.005,-0.094,-0.419,-0.006,620506772.000
-0.007,0.013,-0.003,-0.063,-0.419,0.013,620506871.000
-0.009,0.015,-0.000,-0.098,-0.447,0.003,620506972.000
-0.012,0.011,0.002,-0.107,-0.426,0.030,620507072.000
-0.009,0.012,0.002,-0.099,-0.487,0.021,620507171.000
-0.009,0.010,0.005,-0.100,-0.528,0.039,620507272.000
-0.014,0.015,-0.000,-0.098,-0.519,0.001,620507371.000
-0.009,0.012,0.002,-0.113,-0.560,0.020,620507471.000
-0.009,0.010,0.009,-0.156,-0.560,0.038,620507571.000
-0.009,0.012,-0.000,-0.126,-0.617,0.047,620507671.000
-0.013,0.012,0.002,-0.127,-0.608,0.019,620507772.000
-0.011,0.014,0.002,-0.133,-0.645,0.037,620507872.000
-0.011,0.011,0.004,-0.148,-0.661,0.056,620507971.000
-0.015,0.014,0.007,-0.134,-0.651,0.037,620508071.000
-0.015,0.019,0.005,-0.131,-0.684,0.027,620508171.000
-0.020,0.016,0.005,-0.106,-0.682,0.017,620508272.000
-0.020,0.011,-0.000,-0.164,-0.699,-0.001,620508372.000
-0.019,0.016,0.007,-0.147,-0.723,0.044,620508471.000
-0.017,0.015,0.004,-0.154,-0.768,0.054,620508571.000
-0.017,0.015,0.009,-0.127,-0.751,0.026,620508671.000
-0.015,0.017,0.007,-0.174,-0.797,0.072,620508771.000
-0.017,0.018,0.002,-0.153,-0.825,0.035,620508871.000
-0.019,0.016,-0.000,-0.147,-0.821,0.016,620508972.000
-0.017,0.015,0.002,-0.154,-0.849,0.025,620509071.000
-0.021,0.015,0.009,-0.182,-0.824,0.080,620509172.000
-0.021,0.018,0.002,-0.181,-0.897,0.033,620509271.000
-0.025,0.015,0.009,-0.183,-0.895,0.051,620509371.000
-0.023,0.017,-0.001,-0.189,-0.917,0.014,620509472.000
-0.023,0.022,0.002,-0.158,-0.933,0.060,620509572.000
-0.021,0.021,0.002,-0.152,-0.970,0.070,620509671.000
-0.023,0.019,0.007,-0.147,-0.964,0.023,620509771.000
-0.025,0.018,0.002,-0.195,-0.993,0.087,620509871.000
-0.021,0.016,0.004,-0.182,-1.034,0.078,620509971.000
-0.025,0.021,0.004,-0.166,-1.033,0.068,620510071.000
-0.025,0.021,0.004,-0.180,-1.058,0.068,620510172.000
-0.025,0.021,0.007,-0.181,-1.073,0.040,620510271.000
-0.025,0.023,0.007,-0.152,-1.098,0.049,620510372.000
-0.025,0.021,0.004,-0.180,-1.106,0.068,620510471.000
-0.023,0.025,-0.001,-0.157,-1.135,0.068,620510572.000
-0.031,0.025,0.002,-0.186,-1.101,0.039,620510671.000
-0.027,0.022,0.002,-0.187,-1.150,0.058,620510771.000
-0.025,0.023,0.004,-0.206,-1.179,0.076,620510871.000
-0.029,0.026,0.004,-0.178,-1.178,0.085,620510972.000
-0.031,0.025,0.002,-0.186,-1.198,0.066,620511072.000
-0.029,0.023,0.004,-0.180,-1.202,0.048,620511171.000
-0.029,0.026,0.004,-0.178,-1.226,0.084,620511271.000
-0.029,0.026,0.007,-0.192,-1.267,0.084,620511371.000
-0.029,0.024,0.004,-0.193,-1.275,0.075,620511471.000
-0.031,0.025,0.009,-0.186,-1.294,0.093,620511572.000
-0.033,0.026,0.004,-0.192,-1.322,0.083,620511672.000
-0.031,0.025,0.006,-0.200,-1.351,0.092,620511771.000
-0.035,0.027,0.004,-0.199,-1.334,0.073,620511872.000
-0.033,0.024,0.004,-0.207,-1.371,0.101,620511971.000
-0.033,0.029,0.009,-0.164,-1.378,0.092,620512072.000
-0.033,0.024,0.001,-0.193,-1.428,0.101,620512171.000
-0.035,0.028,0.009,-0.171,-1.414,0.128,620512271.000
-0.035,0.028,0.006,-0.199,-1.447,0.100,620512371.000
-0.035,0.028,0.004,-0.199,-1.480,0.100,620512472.000
-0.037,0.029,0.009,-0.164,-1.499,0.118,620512571.000
-0.034,0.030,-0.001,-0.169,-1.520,0.108,620512671.000
-0.039,0.028,0.009,-0.200,-1.534,0.099,620512771.000
-0.036,0.026,0.006,-0.179,-1.580,0.108,620512871.000
-0.039,0.028,0.004,-0.186,-1.575,0.098,620512971.000
-0.039,0.030,0.006,-0.184,-1.616,0.107,620513071.000
-0.041,0.032,0.001,-0.177,-1.619,0.097,620513170.000
-0.041,0.029,0.006,-0.192,-1.651,0.116,620513272.000
-0.038,0.036,0.006,-0.140,-1.688,0.125,620513372.000
-0.043,0.036,-0.001,-0.112,-1.663,0.125,620513472.000
-0.043,0.036,0.006,-0.141,-1.711,0.124,620513571.000
-0.045,0.034,0.009,-0.149,-1.763,0.105,620513672.000
-0.047,0.030,-0.001,-0.157,-1.759,0.105,620513771.000
-0.040,0.029,0.001,-0.164,-1.813,0.142,620513871.000
-0.042,0.031,0.004,-0.157,-1.817,0.133,620513972.000
-0.046,0.033,0.001,-0.128,-1.848,0.141,620514072.000
-0.049,0.034,0.001,-0.107,-1.859,0.132,620514173.000
-0.044,0.032,0.004,-0.122,-1.900,0.123,620514271.000
-0.044,0.037,0.006,-0.092,-1.916,0.113,620514371.000
-0.051,0.033,0.004,-0.115,-1.911,0.140,620514472.000
-0.053,0.029,-0.004,-0.138,-1.947,0.140,620514571.000
-0.050,0.038,0.009,-0.058,-1.991,0.131,620514672.000
-0.050,0.036,0.006,-0.114,-2.000,0.149,620514771.000
-0.052,0.040,0.006,-0.050,-2.059,0.148,620514872.000
-0.052,0.037,-0.001,-0.079,-2.084,0.139,620514971.000
-0.054,0.028,0.006,-0.118,-2.095,0.175,620515071.000
-0.050,0.036,0.009,-0.073,-2.185,0.175,620515171.000
-0.054,0.036,0.001,-0.032,-2.184,0.147,620515271.000
-0.056,0.032,0.011,-0.083,-2.187,0.174,620515371.000
-0.056,0.035,0.009,-0.026,-2.243,0.183,620515471.000
-0.056,0.035,0.008,-0.054,-2.292,0.183,620515572.000
-0.058,0.039,0.009,-0.004,-2.328,0.182,620515671.000
-0.058,0.031,0.006,-0.021,-2.360,0.182,620515771.000
-0.060,0.035,0.006,0.001,-2.396,0.209,620515871.000
-0.060,0.035,0.009,0.001,-2.412,0.182,620515971.000
-0.058,0.034,0.004,-0.020,-2.465,0.191,620516072.000
-0.064,0.038,0.003,0.016,-2.451,0.190,620516171.000
-0.064,0.035,0.006,0.028,-2.516,0.208,620516271.000
-0.064,0.038,0.006,0.057,-2.588,0.217,620516372.000
-0.070,0.039,0.008,0.064,-2.566,0.207,620516472.000
-0.068,0.035,0.006,0.055,-2.635,0.207,620516572.000
-0.066,0.039,0.008,0.092,-2.688,0.234,620516672.000
-0.072,0.038,0.011,0.070,-2.690,0.243,620516771.000
-0.072,0.038,0.006,0.084,-2.731,0.215,620516871.000
-0.074,0.034,0.008,0.060,-2.734,0.214,620516971.000
-0.070,0.037,0.011,0.104,-2.824,0.251,620517071.000
-0.072,0.041,0.008,0.140,-2.868,0.251,620517172.000
-0.074,0.042,0.008,0.175,-2.903,0.241,620517272.000
-0.078,0.039,0.013,0.159,-2.910,0.259,620517371.000
-0.076,0.038,0.013,0.151,-2.971,0.241,620517471.000
-0.080,0.038,0.011,0.179,-2.978,0.240,620517572.000
-0.082,0.042,0.011,0.188,-2.990,0.267,620517671.000
-0.082,0.039,0.008,0.186,-3.046,0.258,620517772.000
-0.084,0.035,0.016,0.176,-3.105,0.257,620517871.000
-0.082,0.039,0.013,0.200,-3.151,0.257,620517971.000
-0.079,0.038,0.008,0.207,-3.204,0.266,620518072.000
-0.084,0.036,0.006,0.191,-3.211,0.284,620518172.000
-0.084,0.043,0.006,0.237,-3.260,0.283,620518271.000
-0.090,0.042,0.013,0.283,-3.269,0.265,620518371.000
-0.086,0.045,0.008,0.285,-3.287,0.302,620518471.000
-0.085,0.042,0.003,0.285,-3.376,0.320,620518571.000
-0.088,0.044,0.011,0.277,-3.387,0.310,620518672.000
-0.090,0.042,0.008,0.284,-3.431,0.319,620518772.000
-0.096,0.044,0.001,0.291,-3.442,0.308,620518871.000
-0.087,0.041,0.008,0.304,-3.492,0.328,620518971.000
-0.089,0.042,0.013,0.297,-3.536,0.318,620519072.000
-0.089,0.042,0.008,0.311,-3.576,0.318,620519171.000
-0.093,0.045,0.008,0.339,-3.624,0.326,620519271.000
-0.095,0.046,0.010,0.346,-3.627,0.316,620519371.000
-0.098,0.043,0.005,0.324,-3.631,0.344,620519472.000
-0.097,0.045,0.008,0.353,-3.671,0.325,620519571.000
-0.097,0.053,0.010,0.384,-3.711,0.325,620519671.000
-0.100,0.049,0.010,0.375,-3.723,0.352,620519771.000
-0.104,0.046,0.010,0.373,-3.721,0.342,620519872.000
-0.101,0.045,0.008,0.352,-3.791,0.351,620519972.000
-0.099,0.049,0.005,0.403,-3.836,0.351,620520071.000
-0.099,0.047,0.008,0.401,-3.876,0.342,620520171.000
-0.103,0.047,0.013,0.373,-3.883,0.341,620520271.000
-0.105,0.048,0.010,0.408,-3.902,0.359,620520372.000
-0.099,0.049,0.010,0.389,-3.989,0.350,620520471.000
-0.107,0.047,0.008,0.359,-3.947,0.367,620520571.000
-0.105,0.048,0.008,0.367,-4.008,0.386,620520672.000
-0.105,0.048,0.010,0.395,-4.024,0.386,620520771.000
-0.105,0.051,0.018,0.436,-4.071,0.367,620520871.000
-0.107,0.049,0.008,0.429,-4.092,0.376,620520971.000
-0.112,0.049,0.017,0.387,-4.058,0.403,620521071.000
-0.107,0.047,0.010,0.372,-4.132,0.366,620521171.000
-0.111,0.050,0.015,0.387,-4.139,0.402,620521272.000
-0.111,0.049,0.010,0.373,-4.180,0.374,620521372.000
-0.111,0.052,0.008,0.375,-4.188,0.355,620521471.000
-0.111,0.052,0.015,0.374,-4.236,0.383,620521571.000
-0.113,0.051,0.012,0.339,-4.208,0.392,620521672.000
-0.115,0.055,0.005,0.376,-4.220,0.391,620521771.000
-0.109,0.056,0.005,0.371,-4.282,0.382,620521872.000
-0.111,0.055,0.008,0.376,-4.310,0.391,620521972.000
-0.115,0.057,0.015,0.363,-4.332,0.399,620522071.000
-0.115,0.052,0.015,0.333,-4.332,0.409,620522172.000
-0.115,0.057,0.008,0.377,-4.405,0.371,620522272.000
-0.115,0.055,0.005,0.335,-4.390,0.390,620522372.000
-0.113,0.054,0.010,0.327,-4.434,0.399,620522471.000
-0.117,0.056,0.015,0.327,-4.417,0.380,620522571.000
-0.110,0.063,0.010,0.353,-4.447,0.390,620522671.000
-0.121,0.056,0.017,0.313,-4.432,0.407,620522772.000
-0.117,0.059,0.010,0.288,-4.482,0.388,620522871.000
-0.119,0.060,0.010,0.309,-4.494,0.406,620522972.000
-0.119,0.063,0.010,0.324,-4.494,0.388,620523072.000
-0.117,0.059,0.012,0.302,-4.523,0.416,620523171.000
-0.117,0.056,0.010,0.259,-4.555,0.406,620523272.000
-0.119,0.060,0.005,0.282,-4.559,0.405,620523371.000
-0.119,0.060,0.007,0.281,-4.575,0.405,620523471.000
-0.125,0.059,0.012,0.245,-4.569,0.413,620523571.000
-0.123,0.060,0.012,0.267,-4.606,0.404,620523671.000
-0.123,0.066,0.007,0.270,-4.623,0.395,620523771.000
-0.121,0.064,0.007,0.276,-4.660,0.404,620523871.000
-0.123,0.063,0.012,0.227,-4.655,0.413,620523972.000
-0.125,0.062,0.012,0.233,-4.666,0.422,620524071.000
-0.125,0.064,0.007,0.262,-4.707,0.431,620524172.000
-0.122,0.061,0.005,0.212,-4.753,0.403,620524272.000
-0.120,0.067,0.012,0.236,-4.741,0.412,620524372.000
-0.127,0.068,0.010,0.243,-4.735,0.402,620524471.000
-0.122,0.068,0.010,0.229,-4.785,0.402,620524571.000
-0.129,0.067,0.017,0.235,-4.770,0.466,620524671.000
-0.122,0.068,0.010,0.216,-4.809,0.430,620524772.000
-0.127,0.063,0.010,0.185,-4.832,0.410,620524872.000
-0.126,0.068,0.007,0.229,-4.840,0.401,620524971.000
-0.129,0.067,0.012,0.193,-4.860,0.410,620525071.000
-0.124,0.070,0.007,0.196,-4.878,0.419,620525172.000
-0.126,0.071,0.009,0.175,-4.881,0.437,620525271.000
-0.133,0.067,0.014,0.165,-4.851,0.437,620525372.000
-0.131,0.071,0.009,0.189,-4.880,0.437,620525472.000
-0.128,0.070,0.017,0.153,-4.941,0.445,620525572.000
-0.133,0.070,0.012,0.180,-4.932,0.417,620525672.000
-0.133,0.070,0.014,0.167,-4.924,0.445,620525771.000
-0.124,0.070,0.017,0.140,-5.039,0.418,620525871.000
-0.130,0.069,0.014,0.145,-5.009,0.426,620525972.000
-0.130,0.071,0.004,0.133,-4.994,0.408,620526071.000
-0.130,0.071,0.014,0.133,-5.009,0.435,620526172.000
-0.128,0.073,0.014,0.141,-5.071,0.453,620526272.000
-0.128,0.075,0.012,0.129,-5.055,0.435,620526372.000
-0.130,0.071,0.007,0.106,-5.059,0.434,620526471.000
-0.137,0.073,0.014,0.126,-5.044,0.425,620526571.000
-0.132,0.078,0.009,0.143,-5.062,0.443,620526671.000
-0.137,0.073,0.012,0.085,-5.053,0.424,620526772.000
-0.132,0.078,0.012,0.143,-5.127,0.443,620526871.000
-0.130,0.074,0.007,0.093,-5.156,0.415,620526971.000
-0.136,0.078,0.009,0.101,-5.110,0.442,620527071.000
-0.134,0.077,0.009,0.080,-5.147,0.396,620527172.000
-0.132,0.078,0.014,0.074,-5.167,0.442,620527272.000
-0.136,0.075,0.014,0.044,-5.166,0.432,620527371.000
-0.136,0.078,0.009,0.074,-5.159,0.441,620527471.000
-0.134,0.079,0.017,0.068,-5.244,0.459,620527572.000
-0.136,0.076,0.012,0.017,-5.199,0.459,620527671.000
-0.134,0.077,0.017,0.011,-5.220,0.450,620527772.000
-0.134,0.082,0.014,0.041,-5.301,0.440,620527871.000
-0.136,0.086,0.009,0.064,-5.256,0.440,620527971.000
-0.136,0.081,0.014,0.006,-5.288,0.449,620528071.000
-0.140,0.083,0.014,0.006,-5.287,0.430,620528171.000
-0.140,0.083,0.016,-0.021,-5.303,0.457,620528272.000
-0.140,0.089,0.017,0.009,-5.303,0.448,620528371.000
-0.140,0.081,0.011,-0.063,-5.320,0.447,620528471.000
-0.138,0.082,0.014,-0.084,-5.349,0.438,620528571.000
-0.136,0.086,0.012,-0.074,-5.370,0.438,620528672.000
-0.140,0.086,0.011,-0.061,-5.369,0.438,620528772.000
-0.142,0.087,0.016,-0.109,-5.389,0.455,620528872.000
-0.135,0.089,0.006,-0.114,-5.436,0.446,620528971.000
-0.142,0.090,0.014,-0.108,-5.397,0.436,620529072.000
-0.142,0.088,0.011,-0.136,-5.406,0.455,620529171.000
-0.140,0.089,0.016,-0.129,-5.450,0.445,620529272.000
-0.140,0.084,0.011,-0.173,-5.443,0.427,620529372.000
-0.140,0.084,0.011,-0.187,-5.467,0.427,620529472.000
-0.137,0.093,0.009,-0.147,-5.488,0.445,620529571.000
-0.142,0.090,0.014,-0.177,-5.471,0.435,620529672.000
-0.135,0.092,0.014,-0.209,-5.533,0.454,620529771.000
-0.142,0.093,0.009,-0.202,-5.512,0.444,620529872.000
-0.142,0.096,0.016,-0.201,-5.536,0.453,620529971.000
-0.142,0.090,0.014,-0.218,-5.544,0.434,620530072.000
-0.142,0.095,0.011,-0.215,-5.528,0.425,620530172.000
-0.144,0.097,0.014,-0.222,-5.556,0.443,620530271.000
-0.142,0.095,0.016,-0.243,-5.560,0.425,620530371.000
-0.141,0.096,0.001,-0.284,-5.586,0.424,620530471.000
-0.141,0.096,0.014,-0.243,-5.593,0.424,620530571.000
-0.137,0.096,0.016,-0.257,-5.658,0.424,620530671.000
-0.144,0.094,0.019,-0.306,-5.612,0.433,620530773.000
-0.141,0.096,0.006,-0.297,-5.642,0.451,620530873.000
-0.148,0.092,0.019,-0.336,-5.611,0.450,620530973.000
-0.141,0.093,0.016,-0.341,-5.658,0.442,620531073.000
-0.146,0.101,0.016,-0.282,-5.657,0.469,620531172.000
-0.145,0.103,0.009,-0.308,-5.682,0.422,620531273.000
-0.143,0.100,0.011,-0.344,-5.687,0.450,620531372.000
-0.145,0.098,0.016,-0.380,-5.706,0.458,620531473.000
-0.145,0.098,0.014,-0.366,-5.714,0.431,620531573.000
-0.145,0.101,0.018,-0.365,-5.722,0.467,620531673.000
-0.145,0.101,0.011,-0.365,-5.723,0.440,620531772.000
-0.145,0.101,0.016,-0.406,-5.779,0.467,620531873.000
-0.147,0.102,0.018,-0.385,-5.758,0.457,620531972.000
-0.145,0.101,0.011,-0.379,-5.795,0.439,620532073.000
-0.145,0.101,0.006,-0.420,-5.788,0.439,620532172.000
-0.149,0.106,0.018,-0.391,-5.794,0.429,620532272.000
-0.147,0.102,0.009,-0.426,-5.816,0.429,620532372.000
-0.147,0.108,0.018,-0.424,-5.831,0.447,620532472.000
-0.149,0.104,0.011,-0.461,-5.844,0.419,620532573.000
-0.147,0.103,0.018,-0.468,-5.856,0.456,620532673.000
-0.147,0.105,0.008,-0.480,-5.889,0.437,620532773.000
-0.149,0.109,0.013,-0.444,-5.884,0.464,620532873.000
-0.149,0.104,0.018,-0.489,-5.892,0.446,620532973.000
-0.151,0.105,0.018,-0.509,-5.879,0.436,620533072.000
-0.149,0.112,0.013,-0.429,-5.932,0.446,620533172.000
-0.151,0.108,0.013,-0.507,-5.920,0.445,620533272.000
-0.153,0.106,0.011,-0.515,-5.892,0.454,620533372.000
-0.149,0.112,0.018,-0.485,-5.965,0.445,620533473.000
-0.153,0.109,0.013,-0.555,-5.957,0.435,620533572.000
-0.153,0.109,0.016,-0.528,-5.972,0.435,620533672.000
-0.149,0.114,0.018,-0.538,-5.990,0.453,620533772.000
-0.151,0.111,0.021,-0.575,-6.017,0.480,620533873.000
-0.151,0.111,0.013,-0.561,-6.042,0.453,620533972.000
-0.155,0.111,0.016,-0.576,-6.009,0.452,620534072.000
-0.153,0.109,0.018,-0.611,-6.038,0.461,620534173.000
-0.157,0.109,0.013,-0.597,-6.053,0.461,620534273.000
-0.157,0.114,0.016,-0.581,-6.045,0.451,620534372.000
-0.155,0.113,0.023,-0.603,-6.081,0.433,620534473.000
-0.151,0.111,0.016,-0.631,-6.131,0.424,620534572.000
-0.153,0.117,0.013,-0.593,-6.103,0.433,620534673.000
-0.153,0.115,0.013,-0.636,-6.152,0.423,620534773.000
-0.151,0.113,0.013,-0.656,-6.140,0.460,620534872.000
-0.153,0.117,0.018,-0.648,-6.135,0.460,620534973.000
-0.157,0.115,0.018,-0.691,-6.159,0.449,620535073.000
-0.155,0.116,0.013,-0.766,-6.189,0.412,620535173.000
-0.157,0.120,0.015,-0.771,-6.144,0.439,620535273.000
-0.155,0.121,0.023,-0.750,-6.180,0.458,620535373.000
-0.157,0.122,0.015,-0.742,-6.168,0.449,620535473.000
-0.159,0.121,0.020,-0.778,-6.187,0.429,620535572.000
-0.155,0.124,0.023,-0.790,-6.229,0.439,620535673.000
-0.155,0.121,0.018,-0.778,-6.245,0.430,620535772.000
-0.159,0.121,0.020,-0.806,-6.236,0.456,620535872.000
-0.152,0.123,0.013,-0.797,-6.275,0.448,620535972.000
-0.154,0.127,0.015,-0.774,-6.278,0.447,620536072.000
-0.157,0.125,0.013,-0.768,-6.274,0.457,620536172.000
-0.159,0.124,0.020,-0.791,-6.284,0.438,620536272.000
-0.156,0.125,0.015,-0.810,-6.314,0.428,620536372.000
-0.161,0.125,0.023,-0.811,-6.288,0.456,620536473.000
-0.159,0.127,0.015,-0.816,-6.326,0.446,620536572.000
-0.156,0.125,0.020,-0.852,-6.371,0.455,620536672.000
-0.156,0.123,0.015,-0.839,-6.338,0.446,620536772.000
-0.156,0.125,0.023,-0.838,-6.362,0.455,620536872.000
-0.158,0.129,0.020,-0.802,-6.358,0.427,620536972.000
-0.163,0.127,0.025,-0.832,-6.340,0.445,620537073.000
-0.163,0.124,0.010,-0.846,-6.390,0.436,620537172.000
-0.163,0.129,0.020,-0.844,-6.357,0.454,620537272.000
-0.163,0.129,0.013,-0.843,-6.358,0.454,620537373.000
-0.160,0.128,0.018,-0.865,-6.426,0.435,620537472.000
-0.160,0.128,0.018,-0.864,-6.427,0.463,620537572.000
-0.165,0.128,0.018,-0.879,-6.377,0.435,620537672.000
-0.165,0.128,0.018,-0.893,-6.401,0.435,620537772.000
-0.163,0.124,0.015,-0.873,-6.422,0.463,620537872.000
-0.162,0.135,0.015,-0.882,-6.447,0.444,620537973.000
-0.165,0.131,0.018,-0.891,-6.426,0.444,620538073.000
-0.169,0.131,0.013,-0.891,-6.417,0.471,620538172.000
-0.165,0.128,0.020,-0.920,-6.466,0.462,620538272.000
-0.162,0.132,0.015,-0.911,-6.471,0.462,620538372.000
-0.164,0.133,0.013,-0.904,-6.491,0.424,620538473.000
-0.164,0.126,0.013,-0.935,-6.515,0.452,620538572.000
-0.162,0.129,0.020,-0.940,-6.528,0.452,620538672.000
-0.164,0.133,0.023,-0.918,-6.531,0.452,620538772.000
-0.167,0.129,0.020,-0.927,-6.526,0.452,620538871.000
-0.162,0.135,0.018,-0.937,-6.560,0.470,620538972.000
-0.169,0.131,0.020,-0.948,-6.514,0.414,620539072.000
-0.169,0.133,0.018,-0.946,-6.522,0.451,620539172.000
-0.169,0.128,0.015,-0.976,-6.555,0.432,620539271.000
-0.166,0.135,0.015,-0.965,-6.568,0.441,620539372.000
-0.169,0.128,0.020,-1.017,-6.563,0.487,620539472.000
-0.162,0.135,0.018,-0.951,-6.585,0.442,620539571.000
-0.169,0.131,0.018,-0.989,-6.571,0.441,620539671.000
-0.162,0.132,0.020,-1.008,-6.625,0.460,620539771.000
-0.166,0.135,0.018,-0.979,-6.608,0.441,620539872.000
-0.166,0.137,0.013,-0.978,-6.649,0.450,620539972.000
-0.164,0.133,0.013,-0.987,-6.686,0.422,620540071.000
-0.168,0.136,0.020,-1.013,-6.636,0.458,620540172.000
-0.166,0.135,0.022,-1.020,-6.665,0.495,620540271.000
-0.166,0.137,0.013,-1.019,-6.674,0.449,620540372.000
-0.168,0.136,0.015,-1.041,-6.701,0.458,620540472.000
-0.166,0.135,0.015,-1.062,-6.690,0.440,620540572.000
-0.166,0.137,0.013,-1.033,-6.698,0.449,620540672.000
-0.166,0.140,0.010,-1.031,-6.707,0.458,620540772.000
-0.168,0.139,0.020,-1.067,-6.709,0.467,620540872.000
-0.168,0.136,0.017,-1.041,-6.717,0.458,620540971.000
-0.168,0.144,0.015,-1.009,-6.726,0.457,620541072.000
-0.166,0.138,0.017,-1.060,-6.730,0.476,620541171.000
-0.168,0.139,0.020,-1.095,-6.758,0.466,620541272.000
-0.172,0.141,0.012,-1.080,-6.733,0.447,620541371.000
-0.170,0.143,0.015,-1.072,-6.762,0.465,620541471.000
-0.168,0.139,0.012,-1.067,-6.758,0.438,620541571.000
-0.170,0.138,0.020,-1.089,-6.770,0.475,620541672.000
-0.172,0.144,0.015,-1.079,-6.774,0.456,620541772.000
-0.172,0.144,0.017,-1.093,-6.765,0.456,620541871.000
-0.170,0.140,0.020,-1.102,-6.818,0.456,620541971.000
-0.170,0.143,0.017,-1.086,-6.802,0.465,620542072.000
-0.170,0.143,0.015,-1.127,-6.811,0.465,620542172.000
-0.172,0.144,0.017,-1.120,-6.814,0.455,620542271.000
-0.170,0.145,0.017,-1.113,-6.827,0.446,620542372.000
-0.172,0.144,0.020,-1.120,-6.830,0.455,620542471.000
-0.170,0.143,0.015,-1.155,-6.860,0.464,620542572.000
-0.172,0.142,0.015,-1.149,-6.871,0.445,620542672.000
-0.174,0.143,0.022,-1.170,-6.858,0.463,620542771.000
-0.172,0.147,0.012,-1.146,-6.904,0.436,620542871.000
-0.176,0.147,0.017,-1.175,-6.862,0.463,620542971.000
-0.172,0.147,0.017,-1.160,-6.912,0.463,620543071.000
-0.174,0.146,0.015,-1.195,-6.883,0.472,620543171.000
-0.174,0.148,0.015,-1.166,-6.908,0.481,620543272.000
-0.172,0.144,0.020,-1.203,-6.928,0.454,620543371.000
-0.170,0.148,0.015,-1.207,-6.958,0.453,620543472.000
-0.172,0.144,0.022,-1.217,-6.968,0.453,620543572.000
-0.174,0.143,0.020,-1.197,-6.939,0.462,620543671.000
-0.178,0.146,0.022,-1.224,-6.906,0.443,620543772.000
-0.176,0.144,0.015,-1.231,-6.919,0.453,620543872.000
-0.174,0.148,0.015,-1.194,-6.956,0.453,620543971.000
-0.172,0.152,0.020,-1.185,-7.025,0.452,620544072.000
-0.174,0.148,0.020,-1.222,-6.988,0.452,620544171.000
-0.176,0.152,0.017,-1.199,-7.008,0.480,620544272.000
-0.176,0.147,0.017,-1.230,-7.008,0.461,620544372.000
-0.172,0.150,0.017,-1.242,-7.034,0.443,620544472.000
-0.172,0.150,0.017,-1.242,-7.034,0.471,620544572.000
-0.178,0.151,0.015,-1.249,-7.004,0.460,620544671.000
-0.178,0.154,0.019,-1.261,-7.036,0.469,620544772.000
-0.178,0.156,0.017,-1.218,-7.020,0.479,620544871.000
-0.176,0.155,0.017,-1.267,-7.009,0.460,620544972.000
-0.176,0.150,0.022,-1.270,-7.089,0.469,620545072.000
-0.178,0.151,0.019,-1.290,-7.061,0.460,620545171.000
-0.180,0.155,0.019,-1.268,-7.048,0.459,620545272.000
-0.178,0.149,0.017,-1.333,-7.094,0.478,620545371.000
-0.173,0.151,0.017,-1.318,-7.119,0.432,620545471.000
-0.176,0.158,0.017,-1.294,-7.131,0.441,620545571.000
-0.178,0.156,0.017,-1.301,-7.069,0.450,620545672.000
-0.178,0.154,0.019,-1.303,-7.109,0.468,620545772.000
-0.178,0.154,0.022,-1.331,-7.126,0.468,620545871.000
-0.175,0.153,0.017,-1.365,-7.155,0.477,620545971.000
-0.175,0.155,0.012,-1.308,-7.147,0.459,620546072.000
-0.182,0.154,0.014,-1.331,-7.149,0.467,620546171.000
-0.178,0.156,0.019,-1.343,-7.159,0.477,620546271.000
-0.180,0.155,0.019,-1.336,-7.170,0.513,620546371.000
-0.180,0.158,0.017,-1.335,-7.178,0.467,620546471.000
-0.182,0.159,0.022,-1.356,-7.198,0.457,620546571.000
-0.180,0.155,0.019,-1.365,-7.219,0.457,620546671.000
-0.180,0.160,0.022,-1.348,-7.210,0.448,620546771.000
-0.177,0.157,0.019,-1.384,-7.232,0.476,620546871.000
-0.180,0.158,0.024,-1.391,-7.227,0.466,620546972.000
-0.177,0.159,0.017,-1.397,-7.264,0.457,620547072.000
-0.182,0.154,0.024,-1.428,-7.238,0.466,620547171.000
-0.184,0.158,0.019,-1.433,-7.243,0.465,620547272.000
-0.184,0.160,0.017,-1.390,-7.226,0.475,620547372.000
-0.179,0.160,0.017,-1.430,-7.276,0.474,620547472.000
-0.182,0.157,0.022,-1.440,-7.271,0.474,620547572.000
-0.181,0.162,0.017,-1.409,-7.288,0.465,620547672.000
-0.184,0.160,0.024,-1.418,-7.274,0.474,620547771.000
-0.181,0.164,0.017,-1.394,-7.288,0.474,620547872.000
-0.186,0.159,0.017,-1.453,-7.263,0.483,620547971.000
-0.184,0.161,0.024,-1.459,-7.299,0.473,620548071.000
-0.179,0.158,0.019,-1.460,-7.317,0.465,620548171.000
-0.181,0.167,0.019,-1.434,-7.304,0.483,620548272.000
-0.179,0.158,0.022,-1.474,-7.357,0.464,620548372.000
-0.184,0.161,0.019,-1.473,-7.340,0.473,620548472.000
-0.181,0.167,0.017,-1.448,-7.361,0.454,620548572.000
-0.184,0.168,0.024,-1.428,-7.323,0.473,620548672.000
-0.183,0.161,0.017,-1.486,-7.349,0.473,620548772.000
-0.186,0.159,0.022,-1.522,-7.368,0.481,620548873.000
-0.183,0.163,0.022,-1.499,-7.381,0.454,620548973.000
-0.186,0.162,0.019,-1.506,-7.352,0.491,620549073.000
-0.183,0.161,0.022,-1.528,-7.357,0.472,620549172.000
-0.181,0.165,0.024,-1.491,-7.409,0.472,620549272.000
-0.186,0.162,0.024,-1.562,-7.384,0.462,620549373.000
-0.186,0.165,0.022,-1.519,-7.368,0.472,620549472.000
-0.185,0.165,0.026,-1.519,-7.449,0.499,620549572.000
-0.183,0.166,0.017,-1.497,-7.422,0.463,620549672.000
-0.185,0.167,0.017,-1.504,-7.433,0.453,620549772.000
-0.183,0.163,0.019,-1.540,-7.438,0.481,620549873.000
-0.183,0.168,0.019,-1.510,-7.438,0.471,620549972.000
-0.185,0.165,0.022,-1.561,-7.441,0.471,620550072.000
-0.190,0.167,0.021,-1.532,-7.440,0.480,620550172.000
-0.190,0.167,0.021,-1.532,-7.440,0.480,620550272.000
-0.185,0.167,0.022,-1.546,-7.490,0.480,620550373.000
-0.185,0.167,0.029,-1.546,-7.489,0.480,620550473.000
-0.187,0.169,0.024,-1.566,-7.493,0.470,620550573.000
-0.185,0.172,0.024,-1.543,-7.506,0.470,620550673.000
-0.185,0.170,0.026,-1.572,-7.498,0.489,620550773.000
-0.185,0.167,0.019,-1.601,-7.523,0.479,620550873.000
-0.187,0.169,0.019,-1.593,-7.510,0.470,620550972.000
-0.189,0.170,0.019,-1.600,-7.522,0.487,620551073.000
-0.187,0.169,0.024,-1.608,-7.518,0.469,620551173.000
-0.189,0.173,0.029,-1.613,-7.537,0.469,620551272.000
-0.187,0.169,0.024,-1.608,-7.566,0.469,620551372.000
-0.191,0.174,0.024,-1.605,-7.541,0.487,620551473.000
-0.189,0.173,0.021,-1.612,-7.587,0.496,620551572.000
-0.191,0.171,0.021,-1.648,-7.574,0.477,620551672.000
-0.189,0.173,0.024,-1.627,-7.627,0.468,620551772.000
-0.191,0.171,0.021,-1.648,-7.574,0.477,620551872.000
-0.187,0.169,0.014,-1.703,-7.576,0.468,620551972.000
-0.189,0.170,0.021,-1.697,-7.611,0.458,620552072.000
-0.189,0.175,0.026,-1.652,-7.619,0.504,620552172.000
-0.191,0.174,0.026,-1.674,-7.631,0.486,620552272.000
-0.189,0.175,0.024,-1.653,-7.652,0.477,620552372.000
-0.193,0.173,0.019,-1.682,-7.619,0.494,620552472.000
-0.193,0.175,0.021,-1.681,-7.610,0.476,620552573.000
-0.191,0.179,0.021,-1.658,-7.672,0.476,620552672.000
-0.191,0.177,0.016,-1.673,-7.640,0.467,620552773.000
-0.189,0.173,0.019,-1.737,-7.693,0.466,620552872.000
-0.195,0.174,0.019,-1.702,-7.655,0.457,620552972.000
-0.189,0.178,0.019,-1.706,-7.693,0.457,620553072.000
-0.191,0.177,0.024,-1.728,-7.688,0.466,620553172.000
-0.189,0.178,0.029,-1.707,-7.708,0.485,620553273.000
-0.191,0.179,0.024,-1.727,-7.712,0.475,620553372.000
-0.189,0.175,0.024,-1.763,-7.701,0.475,620553473.000
-0.191,0.174,0.029,-1.771,-7.720,0.484,620553573.000
-0.191,0.174,0.029,-1.757,-7.744,0.484,620553673.000
-0.187,0.179,0.019,-1.740,-7.779,0.475,620553773.000
-0.193,0.181,0.021,-1.747,-7.733,0.493,620553872.000
-0.193,0.175,0.019,-1.791,-7.741,0.446,620553972.000
-0.193,0.183,0.021,-1.746,-7.757,0.474,620554072.000
-0.191,0.182,0.021,-1.753,-7.770,0.456,620554173.000
-0.195,0.172,0.024,-1.828,-7.736,0.474,620554272.000
-0.193,0.176,0.016,-1.804,-7.749,0.474,620554373.000
-0.191,0.174,0.024,-1.840,-7.810,0.483,620554473.000
-0.193,0.186,0.019,-1.772,-7.814,0.482,620554572.000
-0.191,0.182,0.024,-1.809,-7.835,0.455,620554672.000
-0.193,0.183,0.024,-1.788,-7.797,0.446,620554772.000
-0.193,0.183,0.026,-1.828,-7.838,0.500,620554873.000
-0.195,0.182,0.021,-1.822,-7.818,0.482,620554972.000
-0.193,0.178,0.024,-1.845,-7.846,0.454,620555072.000
-0.193,0.181,0.019,-1.844,-7.839,0.463,620555173.000
-0.195,0.180,0.021,-1.865,-7.866,0.472,620555273.000
-0.195,0.182,0.024,-1.864,-7.858,0.481,620555372.000
-0.197,0.186,0.016,-1.841,-7.846,0.481,620555472.000
-0.195,0.182,0.026,-1.878,-7.850,0.481,620555572.000
-0.195,0.182,0.024,-1.864,-7.858,0.453,620555672.000
-0.197,0.186,0.024,-1.842,-7.894,0.480,620555773.000
-0.193,0.184,0.026,-1.870,-7.911,0.499,620555872.000
-0.197,0.183,0.021,-1.870,-7.902,0.471,620555972.000
-0.199,0.187,0.019,-1.889,-7.898,0.470,620556072.000
-0.199,0.187,0.023,-1.890,-7.930,0.470,620556173.000
-0.195,0.182,0.026,-1.947,-7.923,0.480,620556272.000
-0.192,0.189,0.026,-1.909,-7.936,0.489,620556372.000
-0.195,0.182,0.026,-1.933,-7.948,0.480,620556472.000
-0.197,0.181,0.023,-1.955,-7.943,0.489,620556572.000
-0.197,0.189,0.031,-1.910,-7.943,0.489,620556672.000
-0.194,0.185,0.021,-1.931,-7.989,0.489,620556772.000
-0.199,0.187,0.023,-1.931,-7.955,0.470,620556873.000
-0.194,0.185,0.023,-1.960,-8.005,0.461,620556973.000
-0.194,0.188,0.026,-1.944,-8.021,0.470,620557073.000
-0.199,0.187,0.021,-1.931,-7.987,0.469,620557172.000
-0.197,0.189,0.026,-1.937,-8.008,0.460,620557272.000
-0.201,0.189,0.026,-1.938,-7.982,0.460,620557373.000
-0.199,0.190,0.021,-1.943,-7.988,0.478,620557473.000
-0.203,0.193,0.026,-1.929,-7.994,0.487,620557572.000
-0.199,0.190,0.023,-1.971,-8.004,0.478,620557672.000
-0.199,0.193,0.026,-1.956,-8.020,0.459,620557772.000
-0.203,0.190,0.026,-1.985,-8.019,0.477,620557873.000
-0.201,0.189,0.023,-1.993,-8.016,0.459,620557972.000
-0.203,0.193,0.021,-1.984,-8.011,0.459,620558072.000
-0.194,0.193,0.023,-1.969,-8.102,0.459,620558172.000
-0.196,0.192,0.021,-2.018,-8.098,0.468,620558272.000
-0.199,0.193,0.026,-2.039,-8.069,0.486,620558373.000
-0.198,0.195,0.021,-1.996,-8.086,0.468,620558472.000
-0.198,0.193,0.026,-2.025,-8.093,0.486,620558573.000
-0.203,0.193,0.018,-2.025,-8.069,0.485,620558672.000
-0.205,0.197,0.021,-2.003,-8.072,0.485,620558772.000
-0.203,0.190,0.026,-2.082,-8.093,0.476,620558873.000
-0.200,0.194,0.021,-2.059,-8.122,0.476,620558973.000
-0.198,0.193,0.018,-2.093,-8.167,0.485,620559073.000
-0.198,0.193,0.031,-2.067,-8.150,0.485,620559173.000
-0.198,0.196,0.021,-2.065,-8.159,0.466,620559273.000
-0.200,0.197,0.023,-2.071,-8.138,0.485,620559373.000
-0.203,0.196,0.026,-2.093,-8.166,0.466,620559473.000
-0.200,0.192,0.016,-2.129,-8.188,0.466,620559573.000
-0.205,0.200,0.026,-2.098,-8.153,0.520,620559672.000
-0.200,0.200,0.023,-2.084,-8.187,0.493,620559772.000
-0.202,0.198,0.028,-2.106,-8.182,0.474,620559873.000
-0.205,0.197,0.026,-2.127,-8.178,0.483,620559972.000
-0.205,0.202,0.023,-2.111,-8.186,0.474,620560073.000
-0.204,0.202,0.023,-2.097,-8.210,0.474,620560172.000
-0.202,0.201,0.026,-2.118,-8.215,0.483,620560272.000
-0.200,0.197,0.028,-2.154,-8.219,0.483,620560372.000
-0.202,0.198,0.026,-2.133,-8.263,0.474,620560472.000
-0.202,0.196,0.028,-2.190,-8.255,0.464,620560572.000
-0.202,0.201,0.023,-2.187,-8.272,0.482,620560672.000
-0.207,0.203,0.026,-2.159,-8.238,0.463,620560772.000
-0.204,0.202,0.021,-2.151,-8.243,0.501,620560872.000
-0.202,0.198,0.026,-2.175,-8.288,0.473,620560972.000
-0.204,0.197,0.023,-2.224,-8.284,0.482,620561073.000
-0.206,0.198,0.028,-2.217,-8.303,0.472,620561172.000
-0.204,0.205,0.026,-2.192,-8.324,0.481,620561273.000
-0.206,0.206,0.023,-2.212,-8.296,0.472,620561372.000
-0.204,0.202,0.026,-2.207,-8.324,0.472,620561472.000
-0.204,0.200,0.028,-2.223,-8.340,0.490,620561572.000
-0.206,0.204,0.020,-2.241,-8.353,0.489,620561673.000
-0.206,0.206,0.023,-2.212,-8.344,0.471,620561772.000
-0.200,0.202,0.021,-2.248,-8.391,0.472,620561872.000
-0.206,0.204,0.028,-2.255,-8.376,0.489,620561972.000
-0.204,0.200,0.025,-2.264,-8.397,0.489,620562072.000
-0.206,0.204,0.033,-2.256,-8.360,0.489,620562172.000
-0.202,0.204,0.023,-2.296,-8.395,0.489,620562273.000
-0.206,0.206,0.018,-2.253,-8.385,0.470,620562372.000
-0.210,0.206,0.020,-2.268,-8.352,0.470,620562473.000
-0.204,0.208,0.018,-2.259,-8.423,0.461,620562573.000
-0.208,0.208,0.023,-2.274,-8.405,0.488,620562672.000
-0.208,0.210,0.025,-2.286,-8.421,0.497,620562772.000
-0.206,0.204,0.023,-2.296,-8.418,0.489,620562872.000
-0.210,0.209,0.023,-2.280,-8.417,0.479,620562972.000
-0.204,0.205,0.018,-2.316,-8.447,0.479,620563072.000
-0.208,0.208,0.023,-2.329,-8.454,0.487,620563173.000
-0.210,0.209,0.025,-2.322,-8.457,0.478,620563272.000
-0.208,0.208,0.028,-2.329,-8.486,0.487,620563372.000
-0.206,0.206,0.030,-2.351,-8.490,0.469,620563473.000
-0.210,0.209,0.018,-2.335,-8.482,0.478,620563572.000
-0.210,0.206,0.023,-2.365,-8.490,0.468,620563673.000
-0.212,0.208,0.025,-2.357,-8.493,0.486,620563772.000
-0.212,0.210,0.015,-2.342,-8.478,0.468,620563872.000
-0.208,0.216,0.030,-2.326,-8.526,0.487,620563973.000
-0.208,0.211,0.023,-2.383,-8.527,0.495,620564073.000
-0.210,0.209,0.018,-2.404,-8.556,0.476,620564172.000
-0.208,0.216,0.020,-2.380,-8.560,0.486,620564272.000
-0.210,0.209,0.025,-2.432,-8.555,0.476,620564373.000
-0.210,0.212,0.023,-2.403,-8.563,0.485,620564471.000
-0.210,0.212,0.025,-2.417,-8.555,0.485,620564572.000
-0.206,0.215,0.025,-2.388,-8.605,0.495,620564671.000
-0.208,0.218,0.025,-2.393,-8.592,0.467,620564772.000
-0.212,0.211,0.030,-2.453,-8.575,0.466,620564873.000
-0.212,0.218,0.025,-2.394,-8.615,0.466,620564972.000
-0.210,0.212,0.018,-2.431,-8.629,0.457,620565071.000
-0.212,0.213,0.023,-2.479,-8.600,0.475,620565171.000
-0.212,0.218,0.023,-2.434,-8.624,0.493,620565273.000
-0.212,0.216,0.028,-2.478,-8.608,0.484,620565373.000
-0.210,0.217,0.023,-2.442,-8.637,0.475,620565471.000
-0.212,0.216,0.025,-2.478,-8.640,0.484,620565572.000
-0.210,0.217,0.028,-2.497,-8.669,0.502,620565671.000
-0.212,0.218,0.028,-2.477,-8.681,0.465,620565772.000
-0.214,0.217,0.028,-2.526,-8.644,0.474,620565873.000
-0.212,0.224,0.023,-2.473,-8.697,0.483,620565972.000
-0.214,0.220,0.028,-2.497,-8.668,0.483,620566072.000
-0.216,0.216,0.030,-2.520,-8.671,0.483,620566173.000
-0.214,0.220,0.025,-2.510,-8.725,0.482,620566273.000
-0.216,0.226,0.032,-2.487,-8.688,0.491,620566373.000
-0.212,0.216,0.020,-2.574,-8.731,0.482,620566473.000
-0.211,0.224,0.020,-2.515,-8.755,0.482,620566573.000
-0.216,0.221,0.027,-2.531,-8.729,0.472,620566673.000
-0.211,0.224,0.023,-2.556,-8.747,0.482,620566773.000
-0.214,0.220,0.025,-2.565,-8.774,0.509,620566873.000
-0.214,0.225,0.027,-2.535,-8.790,0.500,620566973.000
-0.218,0.223,0.025,-2.565,-8.773,0.490,620567073.000
-0.211,0.224,0.025,-2.557,-8.811,0.454,620567172.000
-0.214,0.223,0.035,-2.578,-8.790,0.518,620567273.000
-0.216,0.224,0.030,-2.571,-8.794,0.508,620567372.000
-0.218,0.223,0.025,-2.606,-8.798,0.489,620567473.000
-0.213,0.225,0.025,-2.591,-8.823,0.471,620567573.000
-0.218,0.223,0.017,-2.620,-8.823,0.461,620567672.000
-0.213,0.223,0.025,-2.619,-8.848,0.489,620567772.000
-0.218,0.223,0.030,-2.607,-8.829,0.461,620567872.000
-0.213,0.225,0.025,-2.618,-8.872,0.471,620567972.000
-0.215,0.224,0.020,-2.639,-8.852,0.480,620568072.000
-0.220,0.224,0.025,-2.668,-8.858,0.451,620568172.000
-0.217,0.225,0.020,-2.660,-8.888,0.470,620568273.000
-0.215,0.229,0.025,-2.651,-8.908,0.470,620568372.000
-0.218,0.228,0.032,-2.659,-8.895,0.479,620568472.000
-0.213,0.228,0.020,-2.644,-8.913,0.507,620568572.000
-0.220,0.227,0.030,-2.667,-8.915,0.487,620568672.000
-0.217,0.228,0.030,-2.673,-8.952,0.478,620568772.000
-0.217,0.228,0.025,-2.700,-8.920,0.478,620568873.000
-0.220,0.229,0.030,-2.707,-8.915,0.496,620568972.000
-0.217,0.231,0.027,-2.685,-8.936,0.487,620569072.000
-0.217,0.228,0.032,-2.701,-8.968,0.478,620569173.000
-0.222,0.228,0.032,-2.715,-8.967,0.477,620569272.000
-0.219,0.235,0.025,-2.690,-8.956,0.514,620569373.000
-0.217,0.231,0.027,-2.699,-9.009,0.486,620569472.000
-0.222,0.233,0.027,-2.712,-8.984,0.467,620569572.000
-0.217,0.233,0.027,-2.711,-9.009,0.495,620569672.000
-0.221,0.231,0.022,-2.727,-9.000,0.486,620569773.000
-0.224,0.232,0.027,-2.747,-9.020,0.476,620569873.000
-0.217,0.228,0.027,-2.783,-9.034,0.476,620569972.000
-0.219,0.235,0.020,-2.745,-9.022,0.458,620570073.000
-0.219,0.232,0.030,-2.761,-9.037,0.476,620570172.000
-0.219,0.235,0.027,-2.773,-9.070,0.457,620570272.000
-0.219,0.230,0.027,-2.803,-9.070,0.494,620570372.000
-0.219,0.232,0.032,-2.802,-9.078,0.476,620570472.000
-0.221,0.239,0.030,-2.792,-9.049,0.484,620570572.000
-0.223,0.235,0.025,-2.801,-9.077,0.456,620570672.000
-0.221,0.236,0.022,-2.807,-9.098,0.475,620570773.000
-0.225,0.236,0.027,-2.808,-9.105,0.474,620570872.000
-0.217,0.239,0.022,-2.805,-9.148,0.484,620570973.000
-0.221,0.239,0.027,-2.820,-9.082,0.484,620571073.000
-0.221,0.236,0.027,-2.821,-9.106,0.475,620571172.000
-0.223,0.235,0.022,-2.870,-9.135,0.483,620571272.000
-0.219,0.232,0.025,-2.857,-9.176,0.474,620571372.000
-0.223,0.240,0.027,-2.826,-9.142,0.474,620571473.000
-0.221,0.236,0.025,-2.862,-9.163,0.474,620571572.000
-0.223,0.237,0.029,-2.841,-9.158,0.492,620571672.000
-0.223,0.240,0.032,-2.826,-9.174,0.501,620571773.000
-0.225,0.236,0.020,-2.876,-9.179,0.473,620571872.000
-0.225,0.239,0.034,-2.876,-9.202,0.482,620571972.000
-0.225,0.244,0.029,-2.845,-9.219,0.500,620572073.000
-0.227,0.240,0.029,-2.896,-9.206,0.472,620572172.000
-0.223,0.245,0.029,-2.865,-9.232,0.491,620572273.000
-0.225,0.241,0.024,-2.915,-9.236,0.490,620572372.000
-0.227,0.243,0.029,-2.895,-9.230,0.481,620572473.000
-0.227,0.240,0.024,-2.937,-9.247,0.471,620572572.000
-0.225,0.242,0.027,-2.957,-9.276,0.490,620572673.000
-0.223,0.245,0.029,-2.934,-9.305,0.490,620572772.000
-0.225,0.244,0.024,-2.942,-9.309,0.471,620572872.000
-0.227,0.243,0.022,-2.922,-9.280,0.480,620572973.000
-0.225,0.247,0.027,-2.954,-9.325,0.480,620573072.000
-0.225,0.247,0.027,-2.940,-9.301,0.480,620573172.000
-0.227,0.245,0.032,-2.948,-9.320,0.489,620573273.000
-0.229,0.244,0.024,-2.970,-9.332,0.470,620573372.000
-0.225,0.247,0.029,-2.996,-9.317,0.479,620573472.000
-0.227,0.243,0.024,-3.005,-9.345,0.479,620573572.000
-0.229,0.244,0.024,-3.025,-9.333,0.497,620573673.000
-0.227,0.248,0.027,-2.975,-9.361,0.470,620573772.000
-0.225,0.249,0.024,-2.980,-9.382,0.488,620573872.000
-0.229,0.247,0.032,-3.024,-9.356,0.478,620573972.000
-0.225,0.247,0.027,-3.023,-9.399,0.506,620574072.000
-0.231,0.248,0.024,-3.016,-9.393,0.496,620574172.000
-0.227,0.248,0.024,-3.043,-9.419,0.496,620574273.000
-0.229,0.252,0.027,-3.021,-9.422,0.496,620574372.000
-0.229,0.247,0.022,-3.051,-9.438,0.477,620574472.000
-0.227,0.251,0.024,-3.042,-9.443,0.478,620574573.000
-0.229,0.250,0.022,-3.036,-9.438,0.487,620574673.000
-0.229,0.247,0.034,-3.079,-9.421,0.477,620574773.000
-0.229,0.250,0.032,-3.064,-9.454,0.486,620574872.000
-0.226,0.251,0.029,-3.056,-9.499,0.477,620574972.000
-0.231,0.246,0.019,-3.100,-9.483,0.458,620575072.000
-0.231,0.253,0.024,-3.069,-9.491,0.485,620575173.000
-0.235,0.251,0.034,-3.085,-9.481,0.503,620575272.000
-0.229,0.252,0.027,-3.076,-9.519,0.495,620575373.000
-0.233,0.252,0.032,-3.105,-9.526,0.494,620575472.000
-0.231,0.251,0.032,-3.098,-9.514,0.504,620575572.000
-0.231,0.254,0.027,-3.110,-9.531,0.485,620575673.000
-0.233,0.255,0.034,-3.117,-9.542,0.503,620575773.000
-0.233,0.255,0.031,-3.131,-9.551,0.503,620575873.000
-0.235,0.254,0.032,-3.139,-9.538,0.484,620575972.000
-0.233,0.252,0.027,-3.132,-9.543,0.466,620576073.000
-0.228,0.255,0.024,-3.144,-9.601,0.475,620576173.000
-0.235,0.254,0.029,-3.166,-9.571,0.483,620576273.000
-0.230,0.256,0.029,-3.137,-9.620,0.493,620576372.000
-0.232,0.255,0.029,-3.186,-9.632,0.501,620576472.000
-0.230,0.259,0.027,-3.163,-9.629,0.474,620576573.000
-0.233,0.255,0.026,-3.185,-9.616,0.501,620576672.000
-0.232,0.258,0.029,-3.185,-9.657,0.483,620576772.000
-0.235,0.261,0.034,-3.176,-9.652,0.482,620576872.000
-0.228,0.258,0.024,-3.170,-9.674,0.483,620576973.000
-0.232,0.260,0.034,-3.211,-9.665,0.519,620577072.000
-0.237,0.255,0.026,-3.214,-9.640,0.473,620577173.000
-0.237,0.258,0.024,-3.199,-9.672,0.482,620577272.000
-0.237,0.258,0.029,-3.226,-9.656,0.509,620577372.000
-0.237,0.260,0.026,-3.239,-9.689,0.490,620577473.000
-0.234,0.262,0.031,-3.204,-9.733,0.481,620577573.000
-0.234,0.262,0.029,-3.231,-9.717,0.481,620577673.000
-0.239,0.259,0.034,-3.233,-9.699,0.499,620577773.000
-0.237,0.260,0.031,-3.267,-9.721,0.490,620577873.000
-0.236,0.260,0.031,-3.253,-9.745,0.490,620577973.000
-0.236,0.260,0.034,-3.253,-9.761,0.490,620578072.000
-0.236,0.260,0.029,-3.294,-9.754,0.489,620578172.000
-0.234,0.259,0.036,-3.288,-9.790,0.499,620578273.000
-0.239,0.262,0.034,-3.287,-9.773,0.480,620578373.000
-0.236,0.268,0.026,-3.249,-9.786,0.461,620578472.000
-0.241,0.260,0.026,-3.308,-9.785,0.488,620578572.000
-0.238,0.262,0.029,-3.301,-9.814,0.479,620578673.000
-0.241,0.263,0.031,-3.321,-9.817,0.497,620578772.000
-0.236,0.263,0.026,-3.306,-9.835,0.498,620578873.000
-0.234,0.264,0.034,-3.313,-9.871,0.461,620578972.000
-0.240,0.263,0.029,-3.321,-9.850,0.469,620579073.000
-0.243,0.264,0.026,-3.327,-9.846,0.487,620579172.000
-0.243,0.264,0.029,-3.328,-9.861,0.487,620579272.000
-0.236,0.263,0.029,-3.335,-9.900,0.469,620579372.000
-0.240,0.268,0.034,-3.305,-9.858,0.487,620579472.000
-0.240,0.266,0.029,-3.347,-9.875,0.506,620579572.000
-0.236,0.263,0.029,-3.348,-9.924,0.497,620579673.000
-0.242,0.270,0.031,-3.325,-9.926,0.505,620579773.000
-0.238,0.267,0.029,-3.394,-9.936,0.496,620579872.000
-0.247,0.267,0.029,-3.340,-9.885,0.523,620579972.000
-0.240,0.268,0.034,-3.360,-9.955,0.486,620580073.000
-0.240,0.268,0.031,-3.346,-9.963,0.486,620580172.000
-0.240,0.268,0.031,-3.360,-9.939,0.514,620580273.000
-0.240,0.268,0.034,-3.374,-9.979,0.486,620580373.000
-0.240,0.266,0.034,-3.403,-10.004,0.504,620580472.000
-0.242,0.267,0.024,-3.409,-10.000,0.494,620580573.000
-0.242,0.270,0.034,-3.380,-9.991,0.504,620580673.000
-0.246,0.270,0.034,-3.423,-9.990,0.475,620580773.000
-0.244,0.276,0.026,-3.369,-10.028,0.512,620580873.000
-0.244,0.269,0.031,-3.416,-10.011,0.485,620580973.000
-0.246,0.272,0.026,-3.392,-10.015,0.512,620581073.000
-0.242,0.267,0.031,-3.478,-10.073,0.493,620581172.000
-0.242,0.275,0.026,-3.432,-10.090,0.493,620581273.000
-0.244,0.271,0.028,-3.469,-10.069,0.493,620581373.000
-0.246,0.273,0.028,-3.462,-10.105,0.511,620581473.000
-0.246,0.273,0.036,-3.448,-10.079,0.511,620581572.000
-0.244,0.271,0.033,-3.456,-10.125,0.493,620581673.000
-0.240,0.274,0.034,-3.454,-10.126,0.475,620581773.000
-0.244,0.271,0.026,-3.386,-10.052,0.494,620581873.000
-0.242,0.267,0.031,-3.382,-9.999,0.495,620581973.000
-0.240,0.266,0.034,-3.320,-9.955,0.505,620582072.000
-0.238,0.262,0.039,-3.301,-9.926,0.506,620582173.000
-0.238,0.262,0.024,-3.259,-9.854,0.479,620582272.000
-0.236,0.263,0.031,-3.155,-9.793,0.499,620582372.000
-0.237,0.255,0.036,-3.159,-9.751,0.500,620582472.000
-0.241,0.250,0.026,-3.107,-9.661,0.510,620582572.000
-0.232,0.250,0.022,-3.064,-9.656,0.484,620582672.000
-0.235,0.251,0.024,-2.988,-9.586,0.503,620582772.000
-0.235,0.243,0.024,-2.964,-9.512,0.504,620582872.000
-0.231,0.248,0.022,-2.892,-9.497,0.496,620582972.000
-0.224,0.242,0.029,-2.874,-9.486,0.516,620583073.000
-0.229,0.244,0.029,-2.791,-9.387,0.499,620583174.000
-0.227,0.235,0.024,-2.801,-9.343,0.536,620583274.000
-0.227,0.240,0.020,-2.716,-9.310,0.500,620583373.000
-0.227,0.235,0.022,-2.718,-9.278,0.510,620583473.000
-0.225,0.234,0.025,-2.684,-9.233,0.520,620583573.000
-0.225,0.233,0.025,-2.643,-9.209,0.521,620583673.000
-0.228,0.232,0.030,-2.569,-9.130,0.503,620583774.000
-0.223,0.232,0.030,-2.582,-9.131,0.504,620583873.000
-0.223,0.227,0.030,-2.557,-9.082,0.514,620583973.000
-0.221,0.225,0.022,-2.536,-9.047,0.496,620584073.000
-0.219,0.227,0.027,-2.501,-8.994,0.516,620584173.000
-0.220,0.221,0.025,-2.462,-8.953,0.526,620584274.000
-0.220,0.221,0.025,-2.435,-8.905,0.499,620584373.000
-0.220,0.216,0.032,-2.451,-8.880,0.536,620584473.000
-0.222,0.215,0.025,-2.404,-8.818,0.518,620584573.000
-0.211,0.219,0.030,-2.338,-8.841,0.520,620584673.000
-0.216,0.216,0.028,-2.326,-8.799,0.511,620584774.000
-0.216,0.216,0.028,-2.285,-8.774,0.511,620584873.000
-0.216,0.213,0.028,-2.314,-8.702,0.503,620584974.000
-0.214,0.209,0.025,-2.309,-8.698,0.503,620585074.000
-0.214,0.209,0.023,-2.240,-8.658,0.504,620585173.000
-0.212,0.205,0.023,-2.248,-8.646,0.505,620585273.000
-0.212,0.205,0.030,-2.221,-8.596,0.505,620585373.000
-0.212,0.208,0.025,-2.178,-8.564,0.515,620585474.000
-0.214,0.201,0.023,-2.188,-8.535,0.506,620585573.000
-0.210,0.204,0.030,-2.145,-8.511,0.516,620585673.000
-0.212,0.202,0.028,-2.098,-8.482,0.498,620585774.000
-0.210,0.199,0.028,-2.121,-8.446,0.499,620585873.000
-0.208,0.200,0.030,-2.099,-8.451,0.518,620585974.000
-0.208,0.200,0.031,-2.072,-8.402,0.490,620586074.000
-0.209,0.197,0.030,-2.045,-8.329,0.538,620586174.000
-0.208,0.197,0.021,-2.058,-8.338,0.510,620586273.000
-0.211,0.190,0.028,-2.042,-8.275,0.501,620586374.000
-0.204,0.192,0.026,-2.019,-8.273,0.521,620586474.000
-0.202,0.193,0.026,-1.984,-8.286,0.512,620586574.000
-0.204,0.197,0.023,-1.947,-8.233,0.512,620586674.000
-0.205,0.192,0.021,-1.964,-8.192,0.494,620586774.000
-0.203,0.193,0.026,-1.929,-8.188,0.513,620586874.000
-0.205,0.186,0.021,-1.939,-8.143,0.504,620586973.000
-0.201,0.186,0.026,-1.925,-8.128,0.505,620587073.000
-0.203,0.182,0.026,-1.907,-8.090,0.478,620587173.000
-0.201,0.184,0.028,-1.871,-8.070,0.497,620587273.000
-0.201,0.186,0.028,-1.884,-8.022,0.506,620587374.000
-0.203,0.180,0.028,-1.867,-8.009,0.497,620587473.000
-0.199,0.182,0.028,-1.837,-8.010,0.507,620587573.000
-0.199,0.180,0.026,-1.824,-7.994,0.526,620587673.000
-0.199,0.182,0.026,-1.768,-7.921,0.508,620587774.000
-0.195,0.177,0.026,-1.798,-7.946,0.491,620587873.000
-0.195,0.185,0.021,-1.738,-7.938,0.491,620587974.000
-0.195,0.182,0.024,-1.726,-7.905,0.482,620588073.000
-0.195,0.180,0.021,-1.727,-7.865,0.501,620588173.000
-0.195,0.177,0.021,-1.700,-7.841,0.520,620588273.000
-0.195,0.182,0.026,-1.657,-7.799,0.483,620588372.000
-0.189,0.175,0.021,-1.666,-7.805,0.475,620588473.000
-0.191,0.177,0.026,-1.645,-7.800,0.521,620588574.000
-0.189,0.173,0.026,-1.668,-7.764,0.494,620588673.000
-0.193,0.170,0.024,-1.642,-7.699,0.513,620588773.000
-0.193,0.173,0.019,-1.626,-7.715,0.494,620588873.000
-0.191,0.169,0.021,-1.635,-7.671,0.495,620588973.000
-0.187,0.174,0.026,-1.549,-7.679,0.514,620589073.000
-0.191,0.169,0.024,-1.594,-7.614,0.523,620589174.000
-0.187,0.171,0.029,-1.537,-7.598,0.506,620589274.000
-0.191,0.166,0.024,-1.554,-7.565,0.515,620589374.000
-0.189,0.165,0.024,-1.548,-7.553,0.497,620589472.000
-0.185,0.167,0.024,-1.518,-7.554,0.507,620589572.000
-0.190,0.167,0.024,-1.477,-7.504,0.507,620589673.000
-0.190,0.167,0.026,-1.505,-7.472,0.507,620589773.000
-0.185,0.165,0.024,-1.450,-7.456,0.499,620589874.000
-0.185,0.160,0.026,-1.494,-7.448,0.509,620589972.000
-0.188,0.161,0.029,-1.474,-7.378,0.472,620590072.000
-0.188,0.158,0.022,-1.461,-7.379,0.491,620590174.000
-0.188,0.161,0.024,-1.446,-7.346,0.500,620590272.000
-0.184,0.161,0.022,-1.431,-7.331,0.501,620590373.000
-0.184,0.158,0.017,-1.418,-7.299,0.492,620590472.000
-0.184,0.158,0.024,-1.419,-7.299,0.492,620590572.000
-0.186,0.154,0.027,-1.387,-7.253,0.521,620590673.000
-0.182,0.162,0.022,-1.340,-7.246,0.494,620590773.000
-0.179,0.158,0.019,-1.377,-7.268,0.494,620590872.000
-0.184,0.153,0.017,-1.339,-7.201,0.476,620590972.000
-0.180,0.153,0.024,-1.352,-7.202,0.504,620591072.000
-0.180,0.153,0.019,-1.324,-7.170,0.477,620591173.000
-0.182,0.156,0.022,-1.274,-7.124,0.505,620591272.000
-0.178,0.154,0.022,-1.289,-7.150,0.468,620591372.000
-0.180,0.158,0.014,-1.224,-7.064,0.496,620591472.000
-0.176,0.150,0.024,-1.284,-7.081,0.469,620591573.000
-0.178,0.151,0.019,-1.249,-7.036,0.488,620591673.000
-0.176,0.150,0.019,-1.242,-7.025,0.498,620591773.000
-0.174,0.148,0.022,-1.236,-7.029,0.480,620591872.000
-0.178,0.148,0.027,-1.223,-6.962,0.480,620591972.000
-0.176,0.144,0.022,-1.232,-6.967,0.452,620592072.000
-0.172,0.147,0.020,-1.215,-6.977,0.490,620592173.000
-0.174,0.143,0.025,-1.170,-6.923,0.491,620592273.000
-0.176,0.147,0.025,-1.147,-6.910,0.490,620592372.000
-0.174,0.143,0.020,-1.169,-6.891,0.491,620592472.000
-0.174,0.148,0.017,-1.125,-6.850,0.482,620592573.000
-0.170,0.146,0.020,-1.167,-6.843,0.473,620592672.000
-0.172,0.144,0.022,-1.120,-6.798,0.483,620592773.000
-0.174,0.140,0.022,-1.116,-6.785,0.483,620592872.000
-0.172,0.139,0.025,-1.109,-6.789,0.493,620592972.000
-0.170,0.140,0.017,-1.115,-6.778,0.456,620593073.000
-0.170,0.140,0.020,-1.073,-6.721,0.484,620593173.000
-0.168,0.139,0.027,-1.081,-6.733,0.494,620593272.000
-0.166,0.140,0.020,-1.032,-6.722,0.485,620593372.000
-0.168,0.136,0.022,-1.096,-6.653,0.458,620593473.000
-0.171,0.135,0.020,-1.063,-6.648,0.467,620593573.000
-0.164,0.134,0.013,-1.041,-6.638,0.450,620593673.000
-0.164,0.139,0.020,-1.025,-6.613,0.496,620593773.000
-0.164,0.134,0.022,-1.015,-6.604,0.450,620593873.000
-0.164,0.139,0.027,-0.971,-6.563,0.469,620593972.000
-0.162,0.135,0.018,-0.965,-6.561,0.470,620594072.000
-0.167,0.130,0.017,-1.010,-6.511,0.451,620594172.000
-0.169,0.133,0.013,-0.987,-6.466,0.451,620594273.000
-0.165,0.128,0.020,-0.948,-6.466,0.461,620594373.000
-0.165,0.131,0.025,-0.961,-6.450,0.443,620594472.000
-0.165,0.128,0.020,-0.961,-6.442,0.489,620594572.000
-0.158,0.132,0.023,-0.911,-6.448,0.463,620594673.000
-0.163,0.129,0.018,-0.940,-6.415,0.453,620594772.000
-0.163,0.132,0.020,-0.883,-6.357,0.491,620594872.000
-0.158,0.127,0.023,-0.913,-6.399,0.472,620594972.000
-0.163,0.127,0.020,-0.914,-6.309,0.473,620595072.000
-0.161,0.120,0.015,-0.937,-6.314,0.491,620595172.000
-0.157,0.125,0.025,-0.907,-6.306,0.483,620595272.000
-0.159,0.124,0.023,-0.873,-6.301,0.465,620595372.000
-0.157,0.123,0.023,-0.894,-6.241,0.474,620595472.000
-0.157,0.120,0.018,-0.896,-6.234,0.438,620595573.000
-0.157,0.125,0.015,-0.851,-6.193,0.456,620595672.000
-0.157,0.123,0.028,-0.839,-6.176,0.475,620595773.000
-0.153,0.117,0.020,-0.855,-6.177,0.458,620595872.000
-0.157,0.123,0.025,-0.812,-6.159,0.448,620595973.000
-0.155,0.121,0.023,-0.805,-6.132,0.458,620596073.000
-0.155,0.119,0.020,-0.793,-6.116,0.449,620596173.000
-0.153,0.117,0.028,-0.800,-6.079,0.459,620596272.000
-0.153,0.120,0.018,-0.798,-6.088,0.468,620596372.000
-0.155,0.119,0.023,-0.779,-6.059,0.450,620596472.000
-0.151,0.119,0.025,-0.792,-6.028,0.478,620596572.000
-0.153,0.117,0.020,-0.758,-6.007,0.460,620596673.000
-0.151,0.118,0.013,-0.736,-5.996,0.451,620596773.000
-0.153,0.120,0.023,-0.729,-5.998,0.469,620596872.000
-0.153,0.114,0.018,-0.732,-5.918,0.452,620596972.000
-0.149,0.112,0.020,-0.733,-5.935,0.471,620597072.000
-0.149,0.112,0.021,-0.719,-5.910,0.443,620597173.000
-0.156,0.113,0.021,-0.726,-5.848,0.434,620597273.000
-0.149,0.117,0.018,-0.703,-5.870,0.434,620597372.000
-0.147,0.113,0.018,-0.697,-5.834,0.463,620597473.000
-0.147,0.111,0.021,-0.685,-5.850,0.454,620597573.000
-0.149,0.112,0.026,-0.706,-5.821,0.444,620597673.000
-0.145,0.114,0.018,-0.648,-5.822,0.454,620597772.000
-0.147,0.108,0.021,-0.686,-5.777,0.445,620597872.000
-0.150,0.112,0.023,-0.664,-5.732,0.445,620597972.000
-0.145,0.109,0.018,-0.665,-5.749,0.437,620598072.000
-0.147,0.108,0.016,-0.658,-5.696,0.446,620598172.000
-0.147,0.105,0.018,-0.674,-5.712,0.409,620598272.000
-0.145,0.109,0.016,-0.637,-5.685,0.437,620598373.000
-0.145,0.104,0.018,-0.681,-5.677,0.447,620598473.000
-0.135,0.108,0.018,-0.615,-5.716,0.448,620598573.000
-0.146,0.112,0.018,-0.580,-5.628,0.447,620598672.000
-0.143,0.103,0.021,-0.633,-5.608,0.457,620598773.000
-0.143,0.105,0.016,-0.604,-5.600,0.439,620598872.000
-0.139,0.103,0.016,-0.632,-5.601,0.458,620598973.000
-0.141,0.104,0.018,-0.570,-5.555,0.449,620599073.000
-0.139,0.102,0.016,-0.591,-5.577,0.431,620599172.000
-0.142,0.106,0.018,-0.569,-5.531,0.431,620599272.000
-0.142,0.098,0.016,-0.600,-5.491,0.431,620599373.000
-0.139,0.102,0.018,-0.564,-5.495,0.432,620599472.000
-0.144,0.102,0.021,-0.523,-5.461,0.432,620599572.000
-0.135,0.100,0.021,-0.565,-5.464,0.423,620599672.000
-0.140,0.102,0.011,-0.536,-5.447,0.404,620599772.000
-0.138,0.101,0.021,-0.529,-5.402,0.442,620599872.000
-0.140,0.100,0.018,-0.524,-5.398,0.424,620599973.000
-0.140,0.105,0.018,-0.493,-5.349,0.442,620600073.000
-0.136,0.094,0.023,-0.526,-5.358,0.434,620600172.000
-0.136,0.097,0.016,-0.524,-5.334,0.416,620600273.000
-0.136,0.097,0.016,-0.524,-5.334,0.416,620600373.000
-0.136,0.097,0.023,-0.511,-5.309,0.444,620600472.000
-0.140,0.097,0.016,-0.497,-5.260,0.416,620600572.000
-0.138,0.098,0.016,-0.448,-5.248,0.435,620600673.000
-0.136,0.094,0.021,-0.498,-5.245,0.435,620600773.000
-0.134,0.095,0.021,-0.477,-5.233,0.426,620600873.000
-0.134,0.095,0.021,-0.477,-5.233,0.426,620600973.000
-0.134,0.095,0.021,-0.490,-5.209,0.427,620601073.000
-0.136,0.097,0.021,-0.442,-5.171,0.418,620601174.000
-0.132,0.097,0.019,-0.441,-5.181,0.446,620601274.000
-0.134,0.095,0.021,-0.435,-5.160,0.427,620601373.000
-0.130,0.090,0.014,-0.451,-5.161,0.410,620601473.000
-0.132,0.097,0.026,-0.414,-5.131,0.419,620601574.000
-0.134,0.090,0.024,-0.452,-5.054,0.410,620601673.000
-0.132,0.091,0.024,-0.444,-5.067,0.429,620601774.000
-0.128,0.094,0.019,-0.373,-5.109,0.411,620601873.000
-0.130,0.093,0.016,-0.394,-5.056,0.420,620601974.000
-0.128,0.091,0.021,-0.429,-5.052,0.429,620602073.000
-0.132,0.089,0.016,-0.431,-5.019,0.420,620602174.000
-0.130,0.087,0.021,-0.425,-4.991,0.430,620602273.000
-0.124,0.091,0.014,-0.415,-5.005,0.403,620602374.000
-0.126,0.093,0.014,-0.352,-4.992,0.421,620602473.000
-0.128,0.091,0.014,-0.346,-4.955,0.403,620602574.000
-0.128,0.086,0.019,-0.432,-4.939,0.412,620602674.000
-0.128,0.083,0.016,-0.406,-4.898,0.376,620602774.000
-0.122,0.087,0.019,-0.396,-4.928,0.376,620602874.000
-0.122,0.090,0.011,-0.353,-4.929,0.413,620602974.000
-0.126,0.090,0.016,-0.353,-4.838,0.414,620603073.000
-0.122,0.087,0.019,-0.382,-4.855,0.405,620603174.000
-0.124,0.086,0.016,-0.362,-4.827,0.414,620603273.000
-0.124,0.088,0.012,-0.347,-4.795,0.396,620603374.000
-0.122,0.090,0.017,-0.353,-4.815,0.387,620603473.000
-0.118,0.085,0.019,-0.355,-4.808,0.397,620603574.000
-0.122,0.082,0.019,-0.412,-4.759,0.415,620603674.000
-0.125,0.083,0.016,-0.377,-4.681,0.406,620603774.000
-0.122,0.087,0.019,-0.327,-4.709,0.406,620603873.000
-0.122,0.084,0.014,-0.356,-4.702,0.397,620603974.000
-0.120,0.081,0.019,-0.378,-4.698,0.398,620604073.000
-0.118,0.082,0.014,-0.384,-4.655,0.389,620604173.000
-0.120,0.080,0.014,-0.337,-4.642,0.398,620604273.000
-0.118,0.087,0.014,-0.298,-4.654,0.408,620604373.000
-0.116,0.081,0.019,-0.364,-4.651,0.399,620604473.000
-0.118,0.082,0.019,-0.343,-4.613,0.390,620604573.000
-0.121,0.080,0.014,-0.364,-4.593,0.371,620604673.000
-0.116,0.078,0.017,-0.379,-4.586,0.390,620604774.000
-0.112,0.083,0.019,-0.293,-4.578,0.382,620604873.000
-0.116,0.078,0.019,-0.379,-4.554,0.390,620604974.000
-0.116,0.078,0.012,-0.351,-4.505,0.363,620605074.000
-0.114,0.076,0.012,-0.359,-4.518,0.345,620605173.000
-0.114,0.079,0.017,-0.344,-4.550,0.382,620605274.000
-0.117,0.078,0.017,-0.310,-4.464,0.364,620605374.000
-0.117,0.078,0.014,-0.324,-4.473,0.391,620605474.000
-0.112,0.078,0.014,-0.323,-4.450,0.392,620605574.000
-0.112,0.075,0.019,-0.311,-4.433,0.383,620605673.000
-0.115,0.079,0.019,-0.330,-4.445,0.383,620605774.000
-0.110,0.079,0.014,-0.329,-4.438,0.383,620605873.000
-0.110,0.076,0.014,-0.317,-4.389,0.375,620605973.000
-0.110,0.076,0.019,-0.331,-4.397,0.347,620606074.000
-0.106,0.074,0.012,-0.331,-4.399,0.366,620606173.000
-0.110,0.076,0.012,-0.344,-4.374,0.374,620606273.000
-0.113,0.075,0.014,-0.311,-4.352,0.384,620606373.000
-0.106,0.074,0.014,-0.317,-4.342,0.366,620606474.000
-0.108,0.078,0.019,-0.309,-4.337,0.366,620606573.000
-0.109,0.075,0.017,-0.283,-4.296,0.358,620606674.000
-0.104,0.075,0.022,-0.297,-4.330,0.358,620606773.000
-0.111,0.076,0.019,-0.289,-4.276,0.376,620606873.000
-0.106,0.074,0.014,-0.318,-4.245,0.340,620606973.000
-0.107,0.076,0.017,-0.288,-4.237,0.377,620607073.000
-0.107,0.079,0.017,-0.260,-4.212,0.358,620607173.000
-0.104,0.075,0.017,-0.310,-4.225,0.358,620607274.000
-0.107,0.074,0.014,-0.317,-4.197,0.368,620607373.000
-0.105,0.075,0.017,-0.282,-4.176,0.359,620607474.000
-0.104,0.072,0.012,-0.297,-4.193,0.350,620607574.000
-0.103,0.073,0.015,-0.289,-4.125,0.341,620607673.000
-0.102,0.071,0.014,-0.291,-4.149,0.360,620607773.000
-0.107,0.071,0.019,-0.319,-4.107,0.359,620607874.000
-0.102,0.076,0.012,-0.246,-4.157,0.351,620607974.000
-0.103,0.073,0.015,-0.303,-4.100,0.341,620608073.000
-0.103,0.071,0.012,-0.318,-4.085,0.332,620608173.000
-0.105,0.070,0.017,-0.312,-4.031,0.370,620608273.000
-0.107,0.071,0.017,-0.319,-4.043,0.360,620608373.000
-0.105,0.067,0.014,-0.341,-4.039,0.360,620608473.000
-0.103,0.071,0.015,-0.291,-4.052,0.333,620608574.000
-0.103,0.071,0.017,-0.319,-4.019,0.333,620608673.000
-0.105,0.069,0.022,-0.299,-3.990,0.342,620608773.000
-0.099,0.068,0.010,-0.319,-4.021,0.352,620608874.000
-0.096,0.072,0.017,-0.269,-4.033,0.352,620608973.000
-0.101,0.069,0.015,-0.298,-3.967,0.343,620609074.000
-0.101,0.069,0.019,-0.326,-3.951,0.343,620609173.000
-0.101,0.072,0.017,-0.283,-3.935,0.353,620609273.000
-0.101,0.069,0.012,-0.298,-3.952,0.343,620609373.000
-0.101,0.064,0.012,-0.342,-3.927,0.353,620609473.000
-0.099,0.065,0.015,-0.334,-3.908,0.344,620609574.000
-0.099,0.071,0.015,-0.304,-3.908,0.335,620609673.000
-0.099,0.068,0.015,-0.305,-3.883,0.326,620609773.000
-0.099,0.073,0.017,-0.261,-3.875,0.344,620609873.000
-0.092,0.069,0.012,-0.311,-3.930,0.317,620609973.000
-0.097,0.069,0.015,-0.311,-3.872,0.344,620610074.000
-0.097,0.067,0.010,-0.285,-3.815,0.336,620610174.000
-0.099,0.065,0.020,-0.321,-3.818,0.317,620610274.000
-0.097,0.067,0.017,-0.285,-3.815,0.336,620610374.000
-0.099,0.068,0.020,-0.320,-3.794,0.326,620610473.000
-0.097,0.067,0.017,-0.285,-3.815,0.336,620610573.000
-0.093,0.064,0.015,-0.300,-3.824,0.327,620610673.000
-0.097,0.067,0.015,-0.326,-3.775,0.336,620610773.000
-0.097,0.069,0.020,-0.284,-3.758,0.318,620610873.000
-0.097,0.064,0.020,-0.314,-3.758,0.327,620610973.000
-0.099,0.063,0.017,-0.308,-3.705,0.309,620611073.000
-0.095,0.065,0.017,-0.292,-3.730,0.346,620611173.000
-0.093,0.069,0.015,-0.297,-3.727,0.319,620611274.000
-0.091,0.065,0.015,-0.278,-3.715,0.319,620611373.000
-0.093,0.066,0.015,-0.312,-3.679,0.310,620611473.000
-0.095,0.070,0.020,-0.276,-3.674,0.337,620611574.000
-0.093,0.066,0.012,-0.284,-3.663,0.310,620611673.000
-0.095,0.068,0.017,-0.291,-3.658,0.301,620611773.000
-0.091,0.065,0.012,-0.305,-3.700,0.319,620611874.000
-0.091,0.063,0.015,-0.293,-3.667,0.311,620611973.000
-0.093,0.066,0.012,-0.298,-3.590,0.311,620612074.000
-0.089,0.066,0.012,-0.284,-3.640,0.311,620612174.000
-0.093,0.064,0.017,-0.328,-3.598,0.301,620612274.000
-0.093,0.061,0.012,-0.328,-3.590,0.320,620612374.000
-0.095,0.065,0.022,-0.293,-3.568,0.320,620612474.000
-0.091,0.065,0.012,-0.291,-3.578,0.320,620612574.000
-0.085,0.066,0.010,-0.283,-3.600,0.284,620612673.000
-0.091,0.068,0.010,-0.276,-3.562,0.302,620612773.000
-0.089,0.066,0.020,-0.312,-3.542,0.311,620612874.000
-0.089,0.061,0.010,-0.314,-3.527,0.321,620612973.000
-0.091,0.068,0.015,-0.318,-3.522,0.302,620613074.000
-0.093,0.066,0.015,-0.298,-3.509,0.311,620613174.000
-0.091,0.065,0.017,-0.278,-3.489,0.321,620613272.000
-0.089,0.064,0.012,-0.340,-3.519,0.302,620613373.000
-0.087,0.062,0.015,-0.320,-3.499,0.285,620613473.000
-0.087,0.065,0.017,-0.292,-3.490,0.294,620613573.000
-0.085,0.066,0.012,-0.297,-3.495,0.285,620613674.000
-0.087,0.062,0.015,-0.306,-3.474,0.313,620613774.000
-0.085,0.061,0.012,-0.341,-3.471,0.294,620613873.000
-0.085,0.064,0.020,-0.326,-3.471,0.303,620613973.000
-0.081,0.064,0.015,-0.326,-3.464,0.304,620614074.000
-0.089,0.069,0.012,-0.282,-3.421,0.294,620614172.000
-0.087,0.065,0.017,-0.278,-3.417,0.295,620614274.000
-0.085,0.064,0.020,-0.326,-3.422,0.304,620614373.000
-0.085,0.058,0.015,-0.329,-3.390,0.314,620614473.000
-0.087,0.060,0.007,-0.348,-3.378,0.304,620614573.000
-0.083,0.062,0.015,-0.334,-3.403,0.286,620614673.000
-0.085,0.064,0.015,-0.326,-3.390,0.304,620614774.000
-0.083,0.057,0.010,-0.363,-3.371,0.295,620614874.000
-0.083,0.062,0.012,-0.347,-3.363,0.314,620614974.000
-0.083,0.060,0.010,-0.334,-3.347,0.305,620615073.000
-0.083,0.065,0.020,-0.305,-3.362,0.296,620615172.000
-0.085,0.064,0.007,-0.312,-3.318,0.305,620615273.000
-0.081,0.061,0.020,-0.341,-3.350,0.296,620615373.000
-0.085,0.061,0.012,-0.327,-3.301,0.296,620615472.000
-0.083,0.065,0.005,-0.291,-3.339,0.240,620615573.000
-0.081,0.064,0.012,-0.325,-3.303,0.305,620615672.000
-0.083,0.062,0.017,-0.347,-3.298,0.287,620615772.000
-0.079,0.060,0.017,-0.348,-3.299,0.278,620615872.000
-0.079,0.060,0.015,-0.334,-3.307,0.306,620615972.000
-0.083,0.062,0.017,-0.347,-3.249,0.287,620616074.000
-0.081,0.056,0.012,-0.357,-3.278,0.278,620616172.000
-0.081,0.066,0.015,-0.338,-3.270,0.259,620616274.000
-0.081,0.061,0.017,-0.355,-3.262,0.296,620616372.000
-0.079,0.062,0.008,-0.346,-3.259,0.260,620616472.000
-0.081,0.061,0.015,-0.341,-3.222,0.297,620616572.000
-0.077,0.061,0.020,-0.354,-3.255,0.297,620616672.000
-0.081,0.066,0.013,-0.324,-3.230,0.260,620616773.000
-0.079,0.060,0.013,-0.348,-3.218,0.279,620616873.000
-0.079,0.060,0.015,-0.362,-3.210,0.279,620616973.000
-0.081,0.058,0.013,-0.370,-3.181,0.260,620617072.000
-0.077,0.061,0.015,-0.340,-3.199,0.270,620617172.000
-0.084,0.057,0.012,-0.377,-3.169,0.269,620617273.000
-0.077,0.063,0.015,-0.353,-3.199,0.279,620617372.000
-0.079,0.060,0.010,-0.361,-3.178,0.279,620617472.000
-0.077,0.061,0.018,-0.368,-3.166,0.270,620617572.000
-0.075,0.062,0.008,-0.318,-3.188,0.261,620617672.000
-0.077,0.058,0.017,-0.369,-3.142,0.289,620617772.000
-0.077,0.061,0.010,-0.354,-3.143,0.270,620617873.000
-0.075,0.065,0.020,-0.331,-3.170,0.270,620617972.000
-0.077,0.061,0.018,-0.354,-3.142,0.270,620618072.000
-0.077,0.056,0.020,-0.398,-3.134,0.280,620618173.000
-0.077,0.058,0.008,-0.355,-3.102,0.261,620618273.000
-0.077,0.061,0.010,-0.367,-3.118,0.270,620618373.000
-0.075,0.059,0.013,-0.333,-3.122,0.280,620618473.000
-0.075,0.062,0.013,-0.346,-3.123,0.261,620618573.000
-0.077,0.061,0.015,-0.354,-3.077,0.271,620618674.000
-0.075,0.059,0.015,-0.375,-3.066,0.280,620618774.000
-0.075,0.059,0.018,-0.348,-3.082,0.253,620618873.000
-0.077,0.058,0.010,-0.383,-3.070,0.261,620618974.000
-0.073,0.058,0.013,-0.369,-3.087,0.262,620619073.000
-0.078,0.055,0.018,-0.398,-3.021,0.253,620619174.000
-0.078,0.061,0.015,-0.381,-3.029,0.271,620619273.000
-0.073,0.058,0.015,-0.396,-3.055,0.262,620619374.000
-0.075,0.062,0.013,-0.387,-3.050,0.262,620619473.000
-0.075,0.059,0.013,-0.375,-3.002,0.253,620619573.000
-0.073,0.058,0.012,-0.409,-3.015,0.290,620619673.000
-0.073,0.056,0.013,-0.411,-3.039,0.253,620619773.000
-0.073,0.056,0.013,-0.411,-2.990,0.281,620619874.000
-0.075,0.059,0.008,-0.402,-3.018,0.253,620619974.000
-0.071,0.059,0.013,-0.374,-3.027,0.254,620620073.000
-0.078,0.058,0.020,-0.397,-2.964,0.262,620620173.000
-0.071,0.059,0.018,-0.375,-3.010,0.254,620620274.000
-0.076,0.062,0.010,-0.346,-2.961,0.235,620620374.000
-0.073,0.058,0.013,-0.382,-2.966,0.263,620620473.000
-0.071,0.054,0.013,-0.405,-2.979,0.263,620620573.000
-0.069,0.055,0.018,-0.383,-2.950,0.255,620620673.000
-0.069,0.058,0.008,-0.409,-2.960,0.263,620620774.000
-0.069,0.058,0.018,-0.396,-2.950,0.264,620620874.000
-0.074,0.055,0.015,-0.425,-2.933,0.254,620620974.000
-0.071,0.062,0.013,-0.359,-2.930,0.236,620621073.000
-0.071,0.057,0.008,-0.389,-2.898,0.245,620621173.000
-0.071,0.059,0.013,-0.402,-2.930,0.254,620621274.000
-0.071,0.057,0.015,-0.404,-2.922,0.245,620621374.000
-0.069,0.061,0.013,-0.380,-2.919,0.245,620621474.000
-0.069,0.050,0.008,-0.455,-2.911,0.236,620621573.000
-0.071,0.059,0.018,-0.402,-2.914,0.254,620621673.000
-0.069,0.055,0.005,-0.397,-2.895,0.227,620621773.000
-0.072,0.059,0.020,-0.375,-2.881,0.255,620621873.000
-0.074,0.055,0.020,-0.412,-2.844,0.255,620621973.000
-0.072,0.057,0.013,-0.431,-2.858,0.245,620622074.000
-0.070,0.058,0.015,-0.368,-2.837,0.265,620622173.000
-0.072,0.062,0.010,-0.359,-2.817,0.264,620622273.000
-0.067,0.057,0.013,-0.389,-2.858,0.246,620622373.000
-0.070,0.053,0.010,-0.385,-2.829,0.219,620622474.000
-0.070,0.060,0.020,-0.353,-2.821,0.246,620622574.000
-0.072,0.054,0.015,-0.419,-2.825,0.237,620622673.000
-0.072,0.057,0.013,-0.403,-2.809,0.274,620622773.000
-0.070,0.058,0.015,-0.410,-2.813,0.237,620622873.000
-0.070,0.055,0.015,-0.411,-2.789,0.228,620622973.000
-0.070,0.055,0.018,-0.425,-2.781,0.256,620623074.000
-0.067,0.054,0.013,-0.404,-2.810,0.265,620623174.000
-0.065,0.058,0.015,-0.381,-2.790,0.266,620623274.000
-0.070,0.055,0.013,-0.425,-2.749,0.228,620623373.000
-0.070,0.055,0.015,-0.425,-2.765,0.228,620623474.000
-0.068,0.059,0.013,-0.374,-2.761,0.229,620623574.000
-0.068,0.054,0.010,-0.445,-2.770,0.237,620623674.000
-0.065,0.053,0.008,-0.439,-2.791,0.219,620623773.000
-0.066,0.053,0.015,-0.412,-2.742,0.248,620623873.000
-0.065,0.053,0.010,-0.425,-2.734,0.220,620623974.000
-0.068,0.054,0.018,-0.432,-2.745,0.238,620624073.000
-0.063,0.057,0.015,-0.416,-2.755,0.248,620624174.000
-0.066,0.055,0.015,-0.438,-2.718,0.229,620624274.000
-0.068,0.051,0.013,-0.447,-2.713,0.229,620624374.000
-0.068,0.057,0.015,-0.403,-2.705,0.247,620624473.000
-0.066,0.058,0.013,-0.354,-2.725,0.211,620624573.000
-0.070,0.055,0.013,-0.411,-2.676,0.229,620624673.000
-0.063,0.051,0.018,-0.419,-2.722,0.230,620624774.000
-0.066,0.055,0.015,-0.424,-2.693,0.229,620624873.000
-0.066,0.053,0.018,-0.425,-2.685,0.248,620624973.000
-0.066,0.060,0.018,-0.367,-2.660,0.221,620625074.000
-0.068,0.051,0.020,-0.406,-2.639,0.257,620625173.000
-0.066,0.055,0.015,-0.410,-2.669,0.230,620625273.000
-0.066,0.055,0.015,-0.410,-2.669,0.230,620625373.000
-0.064,0.051,0.013,-0.460,-2.666,0.230,620625474.000
-0.064,0.054,0.010,-0.417,-2.650,0.212,620625573.000
-0.061,0.055,0.018,-0.410,-2.662,0.230,620625673.000
-0.068,0.056,0.018,-0.403,-2.624,0.248,620625774.000
-0.066,0.052,0.010,-0.411,-2.613,0.221,620625873.000
-0.062,0.050,0.018,-0.481,-2.638,0.239,620625974.000
-0.061,0.053,0.010,-0.410,-2.638,0.249,620626073.000
-0.059,0.054,0.015,-0.403,-2.634,0.240,620626173.000
-0.064,0.059,0.013,-0.387,-2.617,0.230,620626273.000
-0.064,0.056,0.020,-0.389,-2.592,0.221,620626374.000
-0.064,0.049,0.013,-0.462,-2.593,0.194,620626473.000
-0.064,0.054,0.013,-0.431,-2.593,0.240,620626573.000
-0.064,0.054,0.015,-0.417,-2.585,0.240,620626673.000
-0.064,0.054,0.010,-0.431,-2.577,0.212,620626773.000
-0.062,0.052,0.018,-0.411,-2.589,0.222,620626873.000
-0.066,0.052,0.008,-0.411,-2.548,0.221,620626974.000
-0.062,0.053,0.010,-0.438,-2.590,0.221,620627074.000
-0.064,0.054,0.018,-0.418,-2.552,0.212,620627173.000
-0.060,0.054,0.020,-0.431,-2.569,0.213,620627274.000
-0.064,0.056,0.013,-0.388,-2.544,0.222,620627373.000
-0.064,0.056,0.015,-0.375,-2.536,0.222,620627474.000
-0.062,0.055,0.018,-0.410,-2.516,0.231,620627573.000
-0.064,0.054,0.015,-0.431,-2.512,0.240,620627674.000
-0.066,0.050,0.013,-0.427,-2.483,0.213,620627773.000
-0.062,0.055,0.015,-0.424,-2.525,0.204,620627873.000
-0.064,0.051,0.015,-0.419,-2.512,0.231,620627973.000
-0.060,0.054,0.010,-0.389,-2.529,0.213,620628073.000
-0.062,0.052,0.013,-0.425,-2.484,0.222,620628173.000
-0.062,0.052,0.020,-0.425,-2.484,0.223,620628274.000
-0.057,0.055,0.015,-0.409,-2.526,0.232,620628374.000
-0.058,0.055,0.011,-0.381,-2.494,0.205,620628473.000
-0.062,0.050,0.010,-0.440,-2.468,0.213,620628573.000
-0.058,0.055,0.020,-0.423,-2.485,0.232,620628674.000
-0.060,0.051,0.015,-0.432,-2.465,0.232,620628774.000
-0.053,0.058,0.011,-0.393,-2.519,0.214,620628873.000
-0.060,0.054,0.018,-0.403,-2.456,0.214,620628973.000
-0.058,0.050,0.018,-0.440,-2.493,0.214,620629074.000
-0.055,0.054,0.015,-0.402,-2.514,0.242,620629174.000
-0.062,0.055,0.013,-0.410,-2.436,0.204,620629273.000
-0.056,0.048,0.011,-0.419,-2.458,0.196,620629374.000
-0.055,0.054,0.010,-0.430,-2.483,0.214,620629473.000
-0.058,0.055,0.018,-0.410,-2.445,0.205,620629574.000
-0.058,0.055,0.018,-0.437,-2.445,0.205,620629674.000
-0.058,0.055,0.013,-0.395,-2.437,0.205,620629773.000
-0.060,0.048,0.013,-0.420,-2.400,0.196,620629873.000
-0.060,0.056,0.013,-0.429,-2.400,0.223,620629973.000
-0.058,0.047,0.015,-0.441,-2.404,0.205,620630073.000
-0.056,0.048,0.015,-0.447,-2.441,0.196,620630173.000
-0.058,0.052,0.011,-0.424,-2.397,0.196,620630273.000
-0.058,0.047,0.013,-0.455,-2.413,0.205,620630373.000
-0.060,0.054,0.008,-0.416,-2.417,0.214,620630473.000
-0.060,0.046,0.018,-0.449,-2.359,0.215,620630574.000
-0.056,0.051,0.013,-0.432,-2.377,0.206,620630673.000
-0.058,0.047,0.015,-0.455,-2.380,0.206,620630774.000
-0.058,0.050,0.010,-0.411,-2.348,0.215,620630874.000
-0.056,0.051,0.013,-0.432,-2.377,0.206,620630973.000
-0.058,0.052,0.015,-0.438,-2.356,0.224,620631074.000
-0.056,0.051,0.013,-0.418,-2.353,0.206,620631174.000
-0.058,0.052,0.013,-0.411,-2.340,0.197,620631274.000
-0.058,0.047,0.015,-0.455,-2.332,0.206,620631373.000
-0.056,0.048,0.016,-0.461,-2.320,0.169,620631474.000
-0.056,0.054,0.015,-0.416,-2.345,0.215,620631574.000
-0.052,0.051,0.011,-0.403,-2.338,0.207,620631674.000
-0.054,0.052,0.011,-0.437,-2.350,0.197,620631773.000
-0.056,0.053,0.008,-0.402,-2.321,0.188,620631873.000
-0.052,0.046,0.006,-0.447,-2.330,0.188,620631974.000
-0.056,0.051,0.013,-0.446,-2.304,0.179,620632074.000
-0.054,0.050,0.008,-0.439,-2.309,0.188,620632173.000
-0.054,0.052,0.011,-0.410,-2.301,0.198,620632273.000
-0.054,0.050,0.008,-0.452,-2.285,0.188,620632374.000
-0.056,0.051,0.008,-0.403,-2.296,0.207,620632474.000
-0.056,0.046,0.015,-0.476,-2.272,0.188,620632573.000
-0.056,0.046,0.013,-0.448,-2.256,0.216,620632673.000
-0.060,0.048,0.018,-0.462,-2.214,0.170,620632774.000
-0.054,0.047,0.011,-0.440,-2.252,0.180,620632873.000
-0.056,0.048,0.011,-0.433,-2.240,0.198,620632974.000
-0.052,0.048,0.011,-0.460,-2.265,0.170,620633073.000
-0.052,0.046,0.013,-0.461,-2.257,0.217,620633174.000
-0.052,0.048,0.016,-0.460,-2.200,0.199,620633273.000
-0.052,0.048,0.013,-0.460,-2.233,0.198,620633373.000
-0.052,0.048,0.008,-0.446,-2.225,0.171,620633473.000
-0.052,0.051,0.013,-0.417,-2.233,0.180,620633574.000
-0.054,0.044,0.016,-0.497,-2.212,0.170,620633674.000
-0.058,0.052,0.018,-0.452,-2.202,0.197,620633774.000
-0.056,0.048,0.011,-0.474,-2.167,0.170,620633873.000
-0.050,0.050,0.011,-0.424,-2.229,0.190,620633974.000
-0.054,0.047,0.011,-0.468,-2.156,0.180,620634074.000
-0.050,0.044,0.016,-0.483,-2.213,0.171,620634173.000
-0.052,0.048,0.013,-0.432,-2.184,0.199,620634273.000
-0.052,0.051,0.013,-0.417,-2.184,0.208,620634373.000
-0.052,0.048,0.013,-0.460,-2.184,0.171,620634474.000
-0.050,0.044,0.011,-0.469,-2.157,0.172,620634574.000
-0.052,0.051,0.013,-0.459,-2.160,0.180,620634674.000
-0.052,0.048,0.011,-0.432,-2.168,0.171,620634774.000
-0.050,0.047,0.011,-0.453,-2.157,0.181,620634874.000
-0.050,0.052,0.011,-0.451,-2.157,0.171,620634974.000
-0.048,0.048,0.013,-0.432,-2.161,0.200,620635073.000
-0.052,0.048,0.008,-0.446,-2.128,0.171,620635174.000
-0.056,0.045,0.018,-0.463,-2.118,0.162,620635274.000
-0.050,0.049,0.008,-0.424,-2.116,0.190,620635374.000
-0.048,0.048,0.008,-0.473,-2.154,0.172,620635473.000
-0.052,0.048,0.011,-0.432,-2.120,0.172,620635574.000
-0.050,0.044,0.011,-0.482,-2.133,0.172,620635674.000
-0.052,0.048,0.016,-0.460,-2.103,0.172,620635775.000
-0.052,0.046,0.018,-0.434,-2.095,0.191,620635875.000
-0.052,0.048,0.016,-0.446,-2.079,0.172,620635975.000
-0.050,0.047,0.016,-0.495,-2.116,0.181,620636074.000
-0.052,0.045,0.013,-0.462,-2.063,0.163,620636174.000
-0.046,0.044,0.016,-0.468,-2.117,0.173,620636275.000
-0.048,0.048,0.013,-0.446,-2.088,0.172,620636374.000
-0.050,0.039,0.016,-0.486,-2.067,0.154,620636475.000
-0.048,0.045,0.011,-0.475,-2.097,0.163,620636575.000
-0.050,0.047,0.011,-0.453,-2.060,0.182,620636675.000
-0.048,0.046,0.013,-0.489,-2.089,0.163,620636775.000
-0.050,0.049,0.011,-0.438,-2.060,0.163,620636875.000
-0.050,0.044,0.011,-0.482,-2.036,0.200,620636974.000
-0.046,0.044,0.016,-0.468,-2.069,0.173,620637075.000
-0.050,0.047,0.013,-0.453,-2.076,0.181,620637175.000
-0.050,0.047,0.013,-0.440,-2.051,0.182,620637274.000
-0.046,0.049,0.013,-0.438,-2.053,0.164,620637374.000
-0.050,0.044,0.016,-0.441,-2.043,0.173,620637474.000
-0.046,0.047,0.011,-0.453,-2.037,0.155,620637574.000
-0.050,0.044,0.011,-0.468,-2.011,0.173,620637675.000
-0.044,0.048,0.018,-0.432,-2.024,0.174,620637775.000
-0.048,0.043,0.011,-0.489,-2.000,0.182,620637874.000
-0.046,0.049,0.018,-0.438,-2.036,0.164,620637974.000
-0.046,0.044,0.008,-0.468,-2.021,0.173,620638074.000
-0.048,0.040,0.013,-0.519,-1.992,0.173,620638175.000
-0.046,0.044,0.013,-0.468,-2.004,0.173,620638274.000
-0.050,0.044,0.013,-0.469,-1.979,0.173,620638375.000
-0.042,0.047,0.011,-0.439,-2.038,0.155,620638474.000
-0.048,0.040,0.011,-0.477,-1.951,0.174,620638575.000
-0.046,0.044,0.013,-0.482,-1.980,0.174,620638674.000
-0.048,0.043,0.013,-0.462,-1.967,0.183,620638774.000
-0.044,0.045,0.016,-0.433,-1.984,0.165,620638874.000
-0.046,0.042,0.008,-0.497,-1.997,0.164,620638975.000
-0.046,0.047,0.013,-0.439,-1.980,0.183,620639074.000
-0.048,0.048,0.013,-0.432,-1.967,0.174,620639174.000
-0.048,0.045,0.008,-0.460,-1.960,0.164,620639275.000
-0.048,0.043,0.013,-0.476,-1.943,0.155,620639375.000
-0.048,0.048,0.008,-0.459,-1.935,0.174,620639474.000
-0.046,0.041,0.011,-0.469,-1.964,0.165,620639573.000
-0.044,0.045,0.016,-0.460,-1.984,0.192,620639674.000
-0.044,0.045,0.013,-0.461,-1.968,0.137,620639775.000
-0.044,0.043,0.013,-0.462,-1.944,0.156,620639874.000
-0.046,0.047,0.006,-0.438,-1.932,0.183,620639975.000
-0.044,0.045,0.013,-0.474,-1.944,0.193,620640074.000
-0.042,0.044,0.008,-0.453,-1.925,0.175,620640174.000
-0.042,0.047,0.013,-0.452,-1.933,0.184,620640275.000
-0.044,0.045,0.013,-0.446,-1.944,0.165,620640374.000
-0.044,0.045,0.016,-0.460,-1.887,0.166,620640474.000
-0.046,0.044,0.011,-0.454,-1.915,0.174,620640574.000
-0.042,0.044,0.013,-0.454,-1.908,0.147,620640674.000
-0.042,0.044,0.016,-0.454,-1.924,0.175,620640774.000
-0.044,0.045,0.013,-0.460,-1.871,0.166,620640874.000
-0.044,0.043,0.018,-0.420,-1.854,0.185,620640974.000
-0.046,0.044,0.011,-0.454,-1.867,0.175,620641073.000
-0.046,0.041,0.008,-0.483,-1.875,0.165,620641174.000
-0.040,0.043,0.016,-0.461,-1.888,0.157,620641274.000
-0.042,0.044,0.011,-0.467,-1.868,0.175,620641373.000
-0.044,0.040,0.013,-0.449,-1.847,0.148,620641474.000
-0.044,0.043,0.013,-0.462,-1.847,0.157,620641573.000
-0.042,0.047,0.006,-0.438,-1.860,0.184,620641673.000
-0.042,0.044,0.011,-0.440,-1.868,0.148,620641774.000
-0.042,0.044,0.011,-0.495,-1.820,0.120,620641875.000
-0.044,0.043,0.016,-0.462,-1.814,0.157,620641973.000
-0.042,0.041,0.013,-0.510,-1.836,0.166,620642074.000
-0.044,0.043,0.011,-0.475,-1.807,0.185,620642174.000
-0.044,0.043,0.011,-0.461,-1.831,0.157,620642273.000
-0.042,0.041,0.011,-0.469,-1.844,0.166,620642374.000
-0.044,0.045,0.016,-0.447,-1.814,0.166,620642473.000
-0.040,0.043,0.013,-0.475,-1.848,0.157,620642574.000
-0.044,0.050,0.013,-0.444,-1.799,0.129,620642674.000
-0.040,0.043,0.011,-0.502,-1.833,0.157,620642773.000
-0.040,0.040,0.011,-0.503,-1.808,0.176,620642874.000
-0.042,0.047,0.013,-0.480,-1.787,0.185,620642973.000
-0.040,0.043,0.001,-0.474,-1.817,0.130,620643074.000
-0.042,0.046,0.006,-0.452,-1.788,0.157,620643174.000
-0.044,0.042,0.008,-0.434,-1.766,0.130,620643274.000
-0.047,0.046,0.011,-0.453,-1.746,0.157,620643373.000
-0.040,0.043,0.016,-0.503,-1.767,0.158,620643474.000
-0.040,0.043,0.011,-0.475,-1.784,0.130,620643573.000
-0.042,0.044,0.008,-0.467,-1.755,0.148,620643674.000
-0.040,0.043,0.011,-0.488,-1.808,0.157,620643773.000
-0.040,0.043,0.011,-0.447,-1.784,0.158,620643874.000
-0.040,0.045,0.013,-0.473,-1.776,0.167,620643974.000
-0.040,0.042,0.016,-0.462,-1.743,0.131,620644073.000
-0.038,0.044,0.011,-0.453,-1.772,0.149,620644173.000
-0.042,0.046,0.008,-0.480,-1.755,0.157,620644274.000
-0.038,0.041,0.018,-0.482,-1.747,0.168,620644373.000
-0.042,0.041,0.013,-0.482,-1.739,0.167,620644474.000
-0.038,0.041,0.016,-0.483,-1.780,0.140,620644573.000
-0.038,0.041,0.011,-0.468,-1.772,0.140,620644673.000
-0.040,0.040,0.018,-0.518,-1.735,0.149,620644773.000
-0.036,0.043,0.013,-0.488,-1.753,0.131,620644873.000
-0.036,0.043,0.016,-0.488,-1.720,0.159,620644974.000
-0.038,0.044,0.011,-0.481,-1.724,0.149,620645074.000
-0.038,0.041,0.011,-0.496,-1.724,0.140,620645174.000
-0.038,0.044,0.008,-0.453,-1.756,0.149,620645274.000
-0.040,0.042,0.013,-0.475,-1.703,0.131,620645373.000
-0.038,0.044,0.008,-0.480,-1.708,0.149,620645474.000
-0.038,0.044,0.016,-0.495,-1.732,0.149,620645574.000
-0.040,0.043,0.016,-0.489,-1.695,0.158,620645674.000
-0.038,0.036,0.011,-0.499,-1.724,0.149,620645774.000
-0.043,0.041,0.008,-0.496,-1.683,0.140,620645874.000
-0.040,0.042,0.016,-0.475,-1.670,0.131,620645974.000
-0.040,0.043,0.018,-0.475,-1.686,0.159,620646073.000
-0.040,0.042,0.008,-0.489,-1.695,0.131,620646174.000
-0.034,0.041,0.016,-0.496,-1.684,0.141,620646273.000
-0.038,0.039,0.013,-0.511,-1.691,0.131,620646374.000
-0.036,0.048,0.008,-0.444,-1.696,0.150,620646474.000
-0.036,0.045,0.013,-0.432,-1.679,0.141,620646574.000
-0.032,0.043,0.013,-0.488,-1.681,0.132,620646674.000
-0.038,0.041,0.013,-0.496,-1.643,0.141,620646773.000
-0.038,0.039,0.008,-0.511,-1.659,0.131,620646873.000
-0.034,0.039,0.013,-0.525,-1.693,0.132,620646974.000
-0.032,0.037,0.008,-0.504,-1.673,0.141,620647073.000
-0.038,0.039,0.008,-0.497,-1.635,0.132,620647174.000
-0.038,0.041,0.008,-0.496,-1.659,0.113,620647274.000
-0.036,0.043,0.013,-0.446,-1.631,0.160,620647373.000
-0.038,0.039,0.011,-0.511,-1.627,0.132,620647473.000
-0.032,0.040,0.008,-0.516,-1.674,0.150,620647573.000
-0.032,0.042,0.013,-0.488,-1.632,0.132,620647673.000
-0.034,0.039,0.011,-0.538,-1.653,0.132,620647774.000
-0.036,0.045,0.011,-0.445,-1.639,0.141,620647873.000
-0.038,0.041,0.013,-0.482,-1.618,0.141,620647973.000
-0.034,0.041,0.013,-0.495,-1.668,0.141,620648073.000
-0.034,0.039,0.011,-0.469,-1.628,0.132,620648173.000
-0.034,0.041,0.008,-0.495,-1.636,0.141,620648273.000
-0.039,0.039,0.018,-0.498,-1.602,0.132,620648373.000
-0.034,0.041,0.021,-0.496,-1.619,0.141,620648474.000
-0.041,0.040,0.008,-0.517,-1.574,0.122,620648573.000
-0.036,0.042,0.011,-0.474,-1.615,0.132,620648674.000
-0.036,0.043,0.021,-0.488,-1.606,0.160,620648773.000
-0.036,0.040,0.011,-0.489,-1.567,0.151,620648874.000
-0.036,0.035,0.008,-0.533,-1.575,0.132,620648973.000
-0.034,0.041,0.011,-0.482,-1.579,0.114,620649074.000
-0.036,0.040,0.013,-0.503,-1.559,0.123,620649173.000
-0.032,0.040,0.011,-0.489,-1.592,0.124,620649273.000
-0.039,0.041,0.013,-0.482,-1.570,0.141,620649374.000
-0.036,0.040,0.016,-0.503,-1.575,0.151,620649473.000
-0.030,0.044,0.014,-0.466,-1.572,0.124,620649573.000
-0.034,0.041,0.013,-0.496,-1.571,0.114,620649673.000
-0.036,0.045,0.014,-0.446,-1.558,0.114,620649774.000
-0.034,0.039,0.008,-0.524,-1.564,0.132,620649873.000
-0.030,0.044,0.014,-0.466,-1.572,0.124,620649974.000
-0.032,0.037,0.011,-0.490,-1.568,0.115,620650074.000
-0.032,0.040,0.016,-0.530,-1.552,0.151,620650173.000
-0.032,0.037,0.018,-0.504,-1.543,0.143,620650273.000
-0.037,0.042,0.013,-0.474,-1.534,0.133,620650373.000
-0.034,0.041,0.011,-0.482,-1.531,0.115,620650473.000
-0.032,0.040,0.006,-0.489,-1.560,0.124,620650573.000
-0.030,0.041,0.013,-0.495,-1.548,0.143,620650673.000
-0.032,0.037,0.009,-0.504,-1.528,0.115,620650774.000
-0.034,0.036,0.011,-0.525,-1.507,0.152,620650873.000
-0.032,0.045,0.021,-0.473,-1.535,0.115,620650973.000
-0.037,0.040,0.018,-0.476,-1.493,0.124,620651073.000
-0.037,0.045,0.018,-0.473,-1.493,0.142,620651173.000
-0.032,0.042,0.013,-0.487,-1.487,0.134,620651273.000
-0.035,0.041,0.016,-0.468,-1.490,0.143,620651374.000
-0.034,0.041,0.008,-0.495,-1.491,0.142,620651474.000
-0.032,0.042,0.014,-0.446,-1.511,0.134,620651574.000
-0.032,0.040,0.013,-0.502,-1.487,0.152,620651674.000
-0.032,0.037,0.013,-0.504,-1.511,0.143,620651773.000
-0.035,0.038,0.011,-0.497,-1.482,0.106,620651874.000
-0.037,0.037,0.011,-0.518,-1.446,0.115,620651973.000
-0.032,0.040,0.013,-0.530,-1.487,0.124,620652073.000
-0.032,0.040,0.014,-0.461,-1.462,0.125,620652174.000
-0.032,0.040,0.014,-0.475,-1.487,0.125,620652273.000
-0.032,0.040,0.014,-0.489,-1.463,0.125,620652374.000
-0.035,0.038,0.011,-0.469,-1.434,0.106,620652474.000
-0.030,0.038,0.011,-0.510,-1.484,0.134,620652573.000
-0.032,0.040,0.014,-0.489,-1.463,0.125,620652674.000
-0.037,0.037,0.016,-0.518,-1.429,0.143,620652773.000
-0.035,0.038,0.011,-0.510,-1.458,0.133,620652873.000
-0.032,0.040,0.014,-0.489,-1.463,0.125,620652973.000
-0.035,0.036,0.008,-0.512,-1.418,0.125,620653074.000
-0.032,0.035,0.011,-0.547,-1.447,0.134,620653175.000
-0.032,0.037,0.009,-0.476,-1.430,0.116,620653274.000
-0.033,0.035,0.011,-0.533,-1.423,0.134,620653375.000
-0.033,0.034,0.016,-0.520,-1.430,0.107,620653475.000
-0.033,0.040,0.016,-0.489,-1.430,0.125,620653574.000
-0.033,0.040,0.016,-0.517,-1.430,0.125,620653674.000
-0.033,0.034,0.011,-0.533,-1.422,0.106,620653775.000
-0.030,0.038,0.011,-0.496,-1.411,0.135,620653874.000
-0.030,0.038,0.009,-0.496,-1.443,0.134,620653974.000
-0.033,0.034,0.011,-0.506,-1.422,0.107,620654075.000
-0.033,0.040,0.014,-0.489,-1.414,0.125,620654174.000
-0.035,0.038,0.016,-0.483,-1.393,0.134,620654275.000
-0.033,0.040,0.014,-0.475,-1.390,0.125,620654374.000
-0.033,0.034,0.014,-0.547,-1.414,0.106,620654474.000
-0.028,0.034,0.011,-0.519,-1.424,0.107,620654574.000
-0.030,0.036,0.011,-0.498,-1.386,0.098,620654674.000
-0.030,0.038,0.014,-0.524,-1.427,0.107,620654774.000
-0.028,0.040,0.014,-0.475,-1.415,0.098,620654875.000
-0.035,0.038,0.016,-0.511,-1.393,0.106,620654975.000
-0.030,0.041,0.011,-0.495,-1.387,0.089,620655075.000
-0.028,0.037,0.019,-0.504,-1.423,0.116,620655175.000
-0.033,0.040,0.016,-0.517,-1.382,0.125,620655275.000
-0.028,0.037,0.014,-0.504,-1.391,0.117,620655374.000
-0.026,0.036,0.016,-0.470,-1.395,0.127,620655475.000
-0.031,0.038,0.013,-0.510,-1.354,0.135,620655575.000
-0.026,0.038,0.016,-0.510,-1.396,0.108,620655675.000
-0.030,0.038,0.006,-0.523,-1.379,0.135,620655774.000
-0.028,0.042,0.016,-0.501,-1.359,0.135,620655874.000
-0.031,0.038,0.013,-0.496,-1.378,0.135,620655975.000
-0.035,0.038,0.009,-0.524,-1.321,0.107,620656075.000
-0.031,0.038,0.019,-0.497,-1.362,0.107,620656174.000
-0.031,0.038,0.011,-0.524,-1.314,0.107,620656275.000
-0.033,0.037,0.013,-0.532,-1.366,0.116,620656375.000
-0.029,0.037,0.016,-0.490,-1.334,0.117,620656474.000
-0.031,0.036,0.016,-0.553,-1.322,0.126,620656575.000
-0.028,0.034,0.009,-0.560,-1.384,0.107,620656675.000
-0.031,0.038,0.011,-0.510,-1.338,0.107,620656774.000
-0.029,0.040,0.016,-0.516,-1.310,0.126,620656874.000
-0.026,0.038,0.016,-0.496,-1.323,0.136,620656975.000
-0.029,0.034,0.014,-0.533,-1.318,0.108,620657075.000
-0.026,0.036,0.009,-0.511,-1.323,0.099,620657174.000
-0.029,0.037,0.016,-0.504,-1.310,0.117,620657274.000
-0.028,0.040,0.011,-0.516,-1.327,0.098,620657375.000
-0.031,0.036,0.011,-0.511,-1.314,0.098,620657475.000
-0.029,0.037,0.014,-0.504,-1.294,0.117,620657575.000
-0.026,0.038,0.011,-0.509,-1.315,0.108,620657674.000
-0.029,0.037,0.011,-0.517,-1.302,0.117,620657775.000
