0.120,-0.229,-0.087,5.270,4.226,0.698,622945315.000
0.120,-0.235,-0.092,5.254,4.233,0.707,622945415.000
0.120,-0.235,-0.087,5.253,4.250,0.680,622945515.000
0.120,-0.235,-0.094,5.254,4.249,0.680,622945616.000
0.118,-0.236,-0.087,5.259,4.239,0.689,622945715.000
0.118,-0.231,-0.094,5.304,4.262,0.680,622945815.000
0.118,-0.241,-0.092,5.243,4.247,0.670,622945916.000
0.118,-0.233,-0.092,5.261,4.246,0.698,622946015.000
0.120,-0.235,-0.092,5.281,4.234,0.680,622946116.000
0.118,-0.234,-0.087,5.288,4.263,0.670,622946215.000
0.118,-0.236,-0.099,5.274,4.246,0.661,622946316.000
0.120,-0.240,-0.092,5.224,4.233,0.689,622946416.000
0.120,-0.235,-0.099,5.295,4.258,0.652,622946515.000
0.120,-0.232,-0.094,5.311,4.225,0.717,622946616.000
0.116,-0.237,-0.097,5.280,4.267,0.670,622946716.000
0.118,-0.239,-0.099,5.286,4.246,0.652,622946816.000
0.120,-0.235,-0.094,5.282,4.250,0.680,622946916.000
0.118,-0.233,-0.092,5.289,4.246,0.698,622947016.000
0.118,-0.234,-0.097,5.303,4.254,0.670,622947115.000
0.116,-0.235,-0.099,5.281,4.259,0.679,622947215.000
0.120,-0.237,-0.094,5.294,4.250,0.671,622947315.000
0.115,-0.235,-0.094,5.281,4.275,0.679,622947415.000
0.115,-0.237,-0.087,5.293,4.276,0.698,622947515.000
0.120,-0.237,-0.097,5.266,4.217,0.670,622947615.000
0.120,-0.237,-0.092,5.294,4.234,0.671,622947715.000
0.118,-0.236,-0.092,5.287,4.271,0.689,622947815.000
0.120,-0.235,-0.096,5.323,4.242,0.652,622947915.000
0.120,-0.235,-0.092,5.323,4.258,0.680,622948015.000
0.120,-0.235,-0.092,5.309,4.234,0.680,622948115.000
0.120,-0.235,-0.097,5.323,4.242,0.680,622948215.000
0.120,-0.232,-0.096,5.310,4.242,0.661,622948315.000
0.122,-0.233,-0.096,5.331,4.229,0.671,622948415.000
0.118,-0.233,-0.097,5.331,4.254,0.698,622948515.000
0.118,-0.236,-0.094,5.288,4.238,0.689,622948615.000
0.118,-0.236,-0.094,5.315,4.239,0.661,622948716.000
0.118,-0.239,-0.097,5.272,4.254,0.652,622948816.000
0.122,-0.233,-0.089,5.261,4.205,0.670,622948915.000
0.113,-0.233,-0.097,5.206,4.255,0.669,622949015.000
0.116,-0.232,-0.089,5.199,4.218,0.660,622949116.000
0.116,-0.229,-0.094,5.146,4.177,0.696,622949216.000
0.118,-0.225,-0.092,5.100,4.172,0.668,622949316.000
0.120,-0.227,-0.094,5.037,4.126,0.649,622949416.000
0.112,-0.221,-0.092,4.983,4.111,0.665,622949515.000
0.114,-0.217,-0.097,4.910,4.057,0.636,622949616.000
0.110,-0.215,-0.090,4.855,4.058,0.644,622949716.000
0.119,-0.212,-0.087,4.802,3.966,0.654,622949816.000
0.112,-0.211,-0.092,4.713,3.963,0.643,622949916.000
0.110,-0.207,-0.095,4.638,3.918,0.613,622950016.000
0.110,-0.201,-0.090,4.586,3.885,0.631,622950115.000
0.110,-0.201,-0.092,4.503,3.852,0.630,622950215.000
0.106,-0.201,-0.097,4.365,3.859,0.601,622950315.000
0.111,-0.191,-0.095,4.370,3.769,0.581,622950416.000
0.111,-0.191,-0.093,4.288,3.704,0.608,622950515.000
0.109,-0.189,-0.093,4.212,3.667,0.597,622950616.000
0.111,-0.183,-0.095,4.113,3.621,0.605,622950716.000
0.107,-0.180,-0.095,4.072,3.597,0.586,622950816.000
0.111,-0.180,-0.085,3.975,3.531,0.585,622950915.000
0.105,-0.179,-0.088,3.885,3.512,0.574,622951015.000
0.107,-0.177,-0.088,3.824,3.474,0.564,622951116.000
0.105,-0.176,-0.088,3.707,3.461,0.581,622951216.000
0.108,-0.172,-0.091,3.648,3.415,0.553,622951315.000
0.108,-0.161,-0.088,3.584,3.325,0.560,622951416.000
0.108,-0.161,-0.091,3.487,3.316,0.532,622951515.000
0.106,-0.157,-0.086,3.427,3.296,0.530,622951616.000
0.104,-0.153,-0.089,3.339,3.275,0.557,622951716.000
0.100,-0.153,-0.089,3.242,3.227,0.527,622951815.000
0.102,-0.141,-0.089,3.214,3.189,0.526,622951916.000
0.100,-0.143,-0.081,3.081,3.129,0.534,622952015.000
0.102,-0.141,-0.086,2.979,3.098,0.496,622952115.000
0.100,-0.137,-0.084,2.877,3.070,0.522,622952215.000
0.101,-0.132,-0.094,2.825,2.987,0.484,622952316.000
0.101,-0.129,-0.087,2.715,2.962,0.492,622952415.000
0.099,-0.125,-0.084,2.600,2.909,0.517,622952515.000
0.097,-0.119,-0.089,2.541,2.880,0.470,622952615.000
0.099,-0.117,-0.084,2.424,2.810,0.459,622952715.000
0.097,-0.113,-0.085,2.309,2.725,0.485,622952815.000
0.102,-0.105,-0.085,2.217,2.650,0.456,622952915.000
0.098,-0.105,-0.087,2.079,2.592,0.482,622953016.000
0.098,-0.097,-0.087,2.055,2.568,0.453,622953115.000
0.091,-0.093,-0.085,1.939,2.540,0.451,622953215.000
0.092,-0.088,-0.088,1.817,2.482,0.440,622953315.000
0.092,-0.085,-0.083,1.721,2.401,0.420,622953416.000
0.094,-0.076,-0.083,1.665,2.338,0.437,622953515.000
0.097,-0.072,-0.085,1.536,2.267,0.435,622953615.000
0.095,-0.070,-0.088,1.433,2.198,0.397,622953716.000
0.088,-0.059,-0.081,1.389,2.187,0.423,622953815.000
0.086,-0.060,-0.081,1.230,2.126,0.430,622953915.000
0.084,-0.056,-0.076,1.141,2.057,0.400,622954016.000
0.087,-0.052,-0.086,1.013,1.985,0.399,622954115.000
0.087,-0.049,-0.084,0.890,1.920,0.379,622954215.000
0.085,-0.040,-0.076,0.832,1.884,0.368,622954316.000
0.087,-0.038,-0.086,0.703,1.788,0.385,622954416.000
0.081,-0.034,-0.079,0.544,1.752,0.354,622954516.000
0.081,-0.029,-0.086,0.437,1.653,0.343,622954615.000
0.082,-0.029,-0.077,0.313,1.612,0.369,622954715.000
0.080,-0.017,-0.077,0.228,1.503,0.339,622954815.000
0.078,-0.016,-0.079,0.098,1.481,0.328,622954916.000
0.080,-0.006,-0.082,0.014,1.386,0.345,622955015.000
0.078,-0.002,-0.077,-0.089,1.342,0.316,622955115.000
0.078,0.003,-0.075,-0.224,1.276,0.305,622955216.000
0.072,0.007,-0.072,-0.341,1.248,0.302,622955315.000
0.072,0.013,-0.078,-0.434,1.158,0.319,622955416.000
0.070,0.019,-0.075,-0.562,1.104,0.298,622955516.000
0.071,0.024,-0.080,-0.642,1.038,0.288,622955616.000
0.075,0.027,-0.073,-0.779,0.939,0.268,622955715.000
0.071,0.030,-0.075,-0.874,0.883,0.275,622955815.000
0.071,0.033,-0.080,-1.011,0.840,0.255,622955915.000
0.072,0.041,-0.076,-1.076,0.759,0.253,622956015.000
0.070,0.047,-0.086,-1.162,0.713,0.233,622956116.000
0.070,0.045,-0.078,-1.316,0.664,0.222,622956215.000
0.066,0.055,-0.078,-1.366,0.640,0.257,622956316.000
0.068,0.057,-0.078,-1.455,0.553,0.219,622956415.000
0.064,0.059,-0.069,-1.565,0.538,0.255,622956515.000
0.068,0.067,-0.074,-1.643,0.422,0.225,622956616.000
0.064,0.068,-0.069,-1.795,0.390,0.251,622956715.000
0.062,0.074,-0.076,-1.840,0.353,0.231,622956815.000
0.058,0.074,-0.072,-1.966,0.321,0.202,622956916.000
0.063,0.080,-0.077,-2.031,0.205,0.219,622957016.000
0.063,0.082,-0.074,-2.126,0.188,0.227,622957116.000
0.059,0.085,-0.077,-2.194,0.132,0.207,622957216.000
0.059,0.090,-0.069,-2.275,0.083,0.196,622957316.000
0.057,0.094,-0.072,-2.335,0.062,0.195,622957416.000
0.059,0.098,-0.072,-2.422,-0.000,0.194,622957516.000
0.057,0.097,-0.070,-2.541,-0.053,0.202,622957615.000
0.055,0.109,-0.075,-2.569,-0.082,0.172,622957715.000
0.053,0.108,-0.070,-2.660,-0.102,0.181,622957815.000
0.058,0.113,-0.075,-2.739,-0.193,0.170,622957915.000
0.053,0.115,-0.067,-2.795,-0.241,0.150,622958016.000
0.051,0.117,-0.068,-2.884,-0.253,0.167,622958115.000
0.054,0.126,-0.070,-2.899,-0.323,0.157,622958216.000
0.052,0.125,-0.068,-3.031,-0.352,0.165,622958316.000
0.052,0.128,-0.070,-3.071,-0.385,0.146,622958416.000
0.050,0.126,-0.070,-3.162,-0.422,0.154,622958516.000
0.052,0.130,-0.078,-3.249,-0.485,0.153,622958615.000
0.050,0.134,-0.068,-3.296,-0.512,0.124,622958715.000
0.052,0.138,-0.066,-3.356,-0.541,0.151,622958815.000
0.052,0.144,-0.066,-3.367,-0.615,0.141,622958916.000
0.046,0.142,-0.071,-3.472,-0.618,0.121,622959016.000
0.048,0.151,-0.063,-3.530,-0.680,0.110,622959115.000
0.051,0.145,-0.071,-3.622,-0.694,0.128,622959215.000
0.051,0.150,-0.073,-3.660,-0.751,0.118,622959316.000
0.044,0.152,-0.073,-3.723,-0.738,0.107,622959415.000
0.047,0.156,-0.068,-3.783,-0.783,0.107,622959516.000
0.047,0.161,-0.071,-3.821,-0.841,0.096,622959616.000
0.047,0.161,-0.064,-3.904,-0.889,0.123,622959715.000
0.047,0.166,-0.069,-3.915,-0.931,0.113,622959816.000
0.041,0.170,-0.071,-3.948,-0.925,0.112,622959916.000
0.043,0.169,-0.071,-4.066,-0.939,0.093,622960016.000
0.047,0.172,-0.074,-4.106,-1.046,0.073,622960115.000
0.041,0.176,-0.066,-4.167,-1.008,0.100,622960215.000
0.041,0.176,-0.066,-4.222,-1.057,0.071,622960315.000
0.041,0.181,-0.066,-4.234,-1.082,0.061,622960415.000
0.041,0.181,-0.067,-4.330,-1.107,0.088,622960515.000
0.041,0.184,-0.072,-4.397,-1.173,0.068,622960615.000
0.042,0.189,-0.062,-4.409,-1.213,0.086,622960715.000
0.040,0.193,-0.064,-4.469,-1.233,0.085,622960816.000
0.037,0.189,-0.064,-4.561,-1.246,0.084,622960915.000
0.040,0.193,-0.064,-4.580,-1.283,0.056,622961016.000
0.040,0.193,-0.064,-4.648,-1.308,0.083,622961116.000
0.038,0.197,-0.067,-4.681,-1.328,0.082,622961216.000
0.038,0.197,-0.069,-4.736,-1.313,0.054,622961316.000
0.038,0.202,-0.060,-4.761,-1.329,0.072,622961416.000
0.038,0.200,-0.070,-4.804,-1.362,0.062,622961517.000
0.038,0.208,-0.067,-4.841,-1.379,0.061,622961617.000
0.036,0.209,-0.062,-4.890,-1.447,0.023,622961716.000
0.038,0.208,-0.067,-4.938,-1.453,0.060,622961817.000
0.036,0.207,-0.067,-5.015,-1.465,0.040,622961917.000
0.038,0.211,-0.067,-5.019,-1.478,0.040,622962016.000
0.038,0.213,-0.065,-5.060,-1.494,0.021,622962117.000
0.036,0.217,-0.065,-5.065,-1.530,0.048,622962216.000
0.034,0.218,-0.070,-5.126,-1.510,0.038,622962317.000
0.034,0.221,-0.065,-5.180,-1.567,0.019,622962416.000
0.034,0.224,-0.062,-5.179,-1.559,0.028,622962516.000
0.039,0.219,-0.065,-5.305,-1.594,0.009,622962617.000
0.032,0.225,-0.065,-5.296,-1.556,0.017,622962716.000
0.034,0.221,-0.063,-5.388,-1.609,0.017,622962817.000
0.035,0.224,-0.068,-5.386,-1.650,0.025,622962916.000
0.037,0.225,-0.060,-5.447,-1.687,0.016,622963016.000
0.035,0.229,-0.070,-5.466,-1.684,0.015,622963116.000
0.035,0.227,-0.068,-5.522,-1.676,0.005,622963216.000
0.030,0.232,-0.065,-5.548,-1.667,-0.005,622963315.000
0.033,0.236,-0.073,-5.580,-1.729,-0.006,622963416.000
0.033,0.238,-0.060,-5.621,-1.713,0.003,622963516.000
0.037,0.236,-0.065,-5.649,-1.779,-0.006,622963617.000
0.033,0.239,-0.063,-5.676,-1.746,0.003,622963717.000
0.037,0.239,-0.063,-5.744,-1.796,-0.025,622963816.000
0.035,0.243,-0.063,-5.749,-1.784,0.002,622963916.000
0.033,0.241,-0.061,-5.813,-1.836,-0.018,622964016.000
0.031,0.245,-0.063,-5.818,-1.807,-0.018,622964116.000
0.035,0.245,-0.063,-5.873,-1.833,-0.046,622964217.000
0.031,0.253,-0.066,-5.868,-1.865,-0.019,622964317.000
0.033,0.249,-0.066,-5.932,-1.903,-0.020,622964417.000
0.029,0.252,-0.063,-5.932,-1.869,-0.039,622964516.000
0.031,0.253,-0.066,-5.993,-1.891,-0.021,622964617.000
0.033,0.255,-0.063,-6.040,-1.920,-0.030,622964716.000
0.034,0.255,-0.068,-6.081,-1.961,-0.031,622964815.000
0.031,0.256,-0.058,-6.102,-1.915,-0.040,622964915.000
0.027,0.258,-0.063,-6.129,-1.931,-0.060,622965015.000
0.034,0.255,-0.061,-6.206,-1.986,-0.060,622965116.000
0.031,0.261,-0.061,-6.210,-1.998,-0.079,622965216.000
0.029,0.263,-0.061,-6.202,-1.985,-0.033,622965315.000
0.031,0.264,-0.064,-6.277,-1.983,-0.043,622965416.000
0.027,0.261,-0.066,-6.348,-1.990,-0.025,622965516.000
0.029,0.268,-0.061,-6.338,-2.035,-0.044,622965616.000
0.032,0.267,-0.066,-6.345,-2.064,-0.063,622965716.000
0.032,0.267,-0.066,-6.400,-2.065,-0.063,622965815.000
0.032,0.272,-0.061,-6.412,-2.073,-0.073,622965916.000
0.032,0.272,-0.066,-6.480,-2.114,-0.074,622966015.000
0.025,0.271,-0.064,-6.516,-2.044,-0.037,622966115.000
0.030,0.273,-0.059,-6.528,-2.102,-0.056,622966217.000
0.025,0.273,-0.064,-6.542,-2.069,-0.056,622966315.000
0.032,0.275,-0.059,-6.590,-2.188,-0.066,622966416.000
0.030,0.276,-0.061,-6.638,-2.160,-0.076,622966516.000
0.028,0.277,-0.061,-6.671,-2.123,-0.058,622966615.000
0.028,0.282,-0.066,-6.669,-2.188,-0.095,622966716.000
0.026,0.284,-0.061,-6.731,-2.184,-0.078,622966815.000
0.028,0.283,-0.064,-6.724,-2.205,-0.068,622966916.000
0.028,0.280,-0.066,-6.766,-2.238,-0.078,622967015.000
0.030,0.281,-0.062,-6.814,-2.234,-0.060,622967115.000
0.028,0.285,-0.061,-6.792,-2.222,-0.088,622967216.000
0.026,0.287,-0.062,-6.839,-2.209,-0.070,622967316.000
0.028,0.288,-0.062,-6.873,-2.247,-0.079,622967415.000
0.030,0.289,-0.067,-6.893,-2.276,-0.089,622967516.000
0.026,0.292,-0.064,-6.906,-2.267,-0.108,622967615.000
0.033,0.296,-0.057,-6.924,-2.329,-0.080,622967715.000
0.026,0.292,-0.064,-7.002,-2.292,-0.081,622967815.000
0.026,0.289,-0.064,-7.031,-2.317,-0.091,622967916.000
0.031,0.300,-0.064,-6.998,-2.342,-0.109,622968015.000
0.028,0.299,-0.062,-7.033,-2.346,-0.100,622968115.000
0.026,0.297,-0.062,-7.082,-2.358,-0.092,622968216.000
0.022,0.302,-0.057,-7.095,-2.340,-0.102,622968315.000
0.024,0.299,-0.062,-7.144,-2.370,-0.102,622968416.000
0.026,0.300,-0.062,-7.164,-2.383,-0.111,622968515.000
0.029,0.304,-0.062,-7.169,-2.396,-0.112,622968615.000
0.024,0.304,-0.059,-7.238,-2.363,-0.112,622968716.000
0.024,0.306,-0.057,-7.238,-2.403,-0.159,622968816.000
0.024,0.306,-0.062,-7.265,-2.420,-0.132,622968915.000
0.022,0.305,-0.062,-7.328,-2.408,-0.151,622969016.000
0.027,0.308,-0.055,-7.354,-2.457,-0.142,622969116.000
0.027,0.313,-0.062,-7.365,-2.482,-0.152,622969215.000
0.025,0.309,-0.065,-7.387,-2.454,-0.124,622969315.000
0.020,0.312,-0.060,-7.428,-2.461,-0.116,622969415.000
0.023,0.313,-0.062,-7.462,-2.482,-0.153,622969516.000
0.025,0.315,-0.065,-7.481,-2.528,-0.135,622969616.000
0.023,0.316,-0.062,-7.516,-2.507,-0.145,622969716.000
0.025,0.320,-0.060,-7.534,-2.512,-0.145,622969815.000
0.025,0.320,-0.060,-7.548,-2.536,-0.145,622969916.000
0.025,0.320,-0.065,-7.575,-2.553,-0.145,622970016.000
0.023,0.324,-0.060,-7.608,-2.524,-0.146,622970115.000
0.027,0.321,-0.057,-7.650,-2.566,-0.127,622970215.000
0.023,0.324,-0.057,-7.678,-2.565,-0.174,622970315.000
0.027,0.321,-0.060,-7.720,-2.575,-0.183,622970416.000
0.023,0.324,-0.060,-7.719,-2.622,-0.175,622970515.000
0.023,0.326,-0.065,-7.731,-2.591,-0.166,622970616.000
0.025,0.328,-0.060,-7.751,-2.636,-0.148,622970716.000
0.021,0.325,-0.053,-7.822,-2.610,-0.158,622970815.000
0.021,0.328,-0.062,-7.807,-2.643,-0.177,622970915.000
0.025,0.328,-0.062,-7.834,-2.620,-0.176,622971015.000
0.023,0.332,-0.062,-7.853,-2.681,-0.177,622971116.000
0.025,0.331,-0.060,-7.887,-2.661,-0.168,622971215.000
0.023,0.334,-0.055,-7.893,-2.681,-0.168,622971315.000
0.021,0.338,-0.060,-7.912,-2.661,-0.169,622971416.000
0.021,0.333,-0.060,-7.969,-2.710,-0.133,622971515.000
0.023,0.335,-0.058,-8.003,-2.714,-0.170,622971616.000
0.023,0.337,-0.055,-8.016,-2.730,-0.161,622971715.000
0.023,0.340,-0.055,-8.042,-2.755,-0.180,622971816.000
0.023,0.335,-0.060,-8.086,-2.748,-0.171,622971915.000
0.021,0.339,-0.060,-8.091,-2.735,-0.171,622972015.000
0.021,0.344,-0.065,-8.115,-2.752,-0.181,622972116.000
0.024,0.343,-0.060,-8.137,-2.773,-0.199,622972215.000
0.024,0.345,-0.063,-8.122,-2.805,-0.190,622972315.000
0.022,0.344,-0.063,-8.185,-2.793,-0.182,622972415.000
0.019,0.345,-0.063,-8.205,-2.781,-0.191,622972515.000
0.019,0.343,-0.060,-8.207,-2.772,-0.200,622972616.000
0.019,0.348,-0.063,-8.204,-2.805,-0.210,622972716.000
0.022,0.344,-0.058,-8.268,-2.826,-0.183,622972815.000
0.019,0.348,-0.058,-8.273,-2.813,-0.183,622972916.000
0.020,0.350,-0.063,-8.271,-2.854,-0.202,622973016.000
0.024,0.353,-0.063,-8.297,-2.856,-0.193,622973116.000
0.020,0.353,-0.058,-8.339,-2.838,-0.193,622973215.000
0.022,0.352,-0.056,-8.360,-2.892,-0.184,622973316.000
0.020,0.353,-0.063,-8.367,-2.855,-0.222,622973415.000
0.020,0.356,-0.058,-8.407,-2.888,-0.185,622973516.000
0.020,0.358,-0.056,-8.406,-2.880,-0.204,622973615.000
0.022,0.357,-0.058,-8.440,-2.925,-0.167,622973715.000
0.022,0.357,-0.056,-8.482,-2.917,-0.195,622973815.000
0.020,0.359,-0.063,-8.488,-2.930,-0.205,622973916.000
0.020,0.356,-0.066,-8.544,-2.938,-0.215,622974016.000
0.020,0.361,-0.066,-8.541,-2.939,-0.196,622974115.000
0.022,0.362,-0.066,-8.548,-2.976,-0.233,622974216.000
0.018,0.360,-0.058,-8.564,-2.949,-0.215,622974315.000
0.020,0.364,-0.058,-8.624,-2.963,-0.216,622974415.000
0.018,0.363,-0.053,-8.632,-2.982,-0.207,622974516.000
0.016,0.361,-0.053,-8.640,-2.969,-0.226,622974616.000
0.020,0.367,-0.061,-8.650,-3.020,-0.207,622974715.000
0.020,0.366,-0.056,-8.664,-3.028,-0.235,622974816.000
0.020,0.364,-0.053,-8.707,-3.044,-0.217,622974916.000
0.020,0.367,-0.058,-8.691,-3.012,-0.208,622975016.000
0.018,0.365,-0.058,-8.768,-3.024,-0.227,622975115.000
0.018,0.371,-0.058,-8.752,-3.049,-0.209,622975215.000
0.020,0.372,-0.056,-8.772,-3.078,-0.218,622975316.000
0.020,0.369,-0.056,-8.814,-3.078,-0.228,622975415.000
0.016,0.377,-0.053,-8.797,-3.069,-0.229,622975515.000
0.014,0.371,-0.058,-8.849,-3.048,-0.238,622975615.000
0.018,0.376,-0.061,-8.845,-3.107,-0.220,622975715.000
0.018,0.376,-0.056,-8.874,-3.090,-0.248,622975815.000
0.020,0.377,-0.054,-8.879,-3.095,-0.229,622975916.000
0.018,0.376,-0.056,-8.943,-3.115,-0.248,622976016.000
0.014,0.381,-0.056,-8.926,-3.114,-0.231,622976115.000
0.018,0.381,-0.061,-8.912,-3.132,-0.258,622976215.000
0.016,0.380,-0.049,-8.975,-3.102,-0.221,622976315.000
0.016,0.380,-0.056,-9.003,-3.103,-0.249,622976416.000
0.018,0.379,-0.059,-9.037,-3.149,-0.240,622976515.000
0.018,0.379,-0.054,-9.079,-3.157,-0.241,622976615.000
0.016,0.383,-0.056,-9.070,-3.153,-0.241,622976715.000
0.023,0.384,-0.059,-9.062,-3.223,-0.278,622976816.000
0.016,0.383,-0.051,-9.099,-3.185,-0.269,622976915.000
0.017,0.388,-0.056,-9.109,-3.226,-0.252,622977016.000
0.017,0.385,-0.059,-9.125,-3.210,-0.288,622977116.000
0.014,0.384,-0.059,-9.146,-3.173,-0.279,622977215.000
0.019,0.387,-0.056,-9.200,-3.240,-0.270,622977315.000
0.012,0.388,-0.056,-9.192,-3.201,-0.253,622977415.000
0.015,0.389,-0.061,-9.212,-3.231,-0.290,622977515.000
0.017,0.388,-0.059,-9.233,-3.236,-0.253,622977615.000
0.017,0.391,-0.056,-9.274,-3.252,-0.272,622977715.000
0.017,0.393,-0.051,-9.273,-3.260,-0.290,622977815.000
0.019,0.394,-0.054,-9.251,-3.281,-0.272,622977915.000
0.019,0.392,-0.054,-9.321,-3.281,-0.281,622978016.000
0.019,0.387,-0.056,-9.365,-3.290,-0.272,622978115.000
0.015,0.394,-0.056,-9.334,-3.288,-0.301,622978215.000
0.008,0.398,-0.054,-9.340,-3.267,-0.274,622978316.000
0.013,0.396,-0.057,-9.354,-3.276,-0.255,622978416.000
0.013,0.396,-0.054,-9.368,-3.316,-0.283,622978517.000
0.017,0.396,-0.054,-9.437,-3.318,-0.283,622978617.000
0.013,0.401,-0.052,-9.407,-3.309,-0.265,622978716.000
0.019,0.395,-0.054,-9.485,-3.356,-0.274,622978816.000
0.013,0.399,-0.052,-9.477,-3.309,-0.275,622978917.000
0.013,0.401,-0.054,-9.476,-3.318,-0.266,622979016.000
0.015,0.397,-0.057,-9.526,-3.363,-0.294,622979117.000
0.017,0.404,-0.054,-9.501,-3.368,-0.257,622979216.000
0.015,0.405,-0.052,-9.494,-3.371,-0.266,622979317.000
0.015,0.405,-0.049,-9.522,-3.387,-0.294,622979416.000
0.017,0.404,-0.057,-9.570,-3.377,-0.285,622979516.000
0.015,0.405,-0.057,-9.577,-3.388,-0.295,622979617.000
0.015,0.408,-0.052,-9.576,-3.396,-0.286,622979717.000
0.013,0.407,-0.049,-9.598,-3.424,-0.277,622979816.000
0.011,0.405,-0.054,-9.647,-3.404,-0.296,622979916.000
0.013,0.406,-0.064,-9.666,-3.401,-0.333,622980017.000
0.015,0.408,-0.047,-9.673,-3.453,-0.287,622980117.000
0.015,0.410,-0.054,-9.671,-3.430,-0.305,622980216.000
0.015,0.410,-0.047,-9.699,-3.429,-0.306,622980316.000
0.015,0.411,-0.052,-9.740,-3.471,-0.306,622980417.000
0.011,0.411,-0.054,-9.726,-3.453,-0.279,622980517.000
0.013,0.414,-0.047,-9.732,-3.466,-0.307,622980617.000
0.011,0.408,-0.059,-9.783,-3.446,-0.316,622980717.000
0.013,0.412,-0.052,-9.774,-3.483,-0.289,622980817.000
0.015,0.411,-0.059,-9.809,-3.496,-0.307,622980916.000
0.013,0.415,-0.050,-9.814,-3.499,-0.280,622981016.000
0.013,0.409,-0.052,-9.858,-3.507,-0.299,622981116.000
0.016,0.413,-0.054,-9.849,-3.529,-0.326,622981217.000
0.013,0.415,-0.049,-9.884,-3.524,-0.308,622981317.000
0.016,0.416,-0.050,-9.875,-3.537,-0.290,622981416.000
0.013,0.417,-0.052,-9.896,-3.557,-0.327,622981517.000
0.011,0.416,-0.054,-9.917,-3.504,-0.318,622981617.000
0.013,0.420,-0.050,-9.922,-3.549,-0.318,622981716.000
0.009,0.420,-0.052,-9.950,-3.556,-0.292,622981817.000
0.011,0.419,-0.052,-9.999,-3.545,-0.310,622981916.000
0.011,0.421,-0.052,-9.970,-3.569,-0.329,622982016.000
0.011,0.421,-0.050,-9.998,-3.585,-0.301,622982116.000
0.011,0.424,-0.052,-9.982,-3.569,-0.320,622982216.000
0.014,0.425,-0.052,-9.975,-3.582,-0.329,622982316.000
0.014,0.423,-0.050,-10.032,-3.574,-0.338,622982416.000
0.012,0.427,-0.055,-10.050,-3.603,-0.311,622982516.000
0.011,0.424,-0.047,-10.065,-3.602,-0.293,622982616.000
0.014,0.425,-0.050,-10.071,-3.623,-0.330,622982716.000
0.012,0.424,-0.055,-10.106,-3.627,-0.321,622982816.000
0.012,0.427,-0.047,-10.133,-3.603,-0.312,622982916.000
0.014,0.425,-0.057,-10.140,-3.649,-0.331,622983017.000
0.009,0.430,-0.052,-10.111,-3.607,-0.340,622983116.000
0.009,0.428,-0.052,-10.167,-3.631,-0.322,622983216.000
0.014,0.428,-0.055,-10.180,-3.665,-0.322,622983317.000
0.012,0.429,-0.052,-10.186,-3.644,-0.304,622983417.000
0.014,0.436,-0.045,-10.149,-3.656,-0.294,622983517.000
0.012,0.432,-0.052,-10.199,-3.693,-0.323,622983616.000
0.010,0.431,-0.050,-10.249,-3.672,-0.342,622983716.000
0.007,0.434,-0.040,-10.213,-3.651,-0.314,622983816.000
0.010,0.438,-0.050,-10.231,-3.721,-0.342,622983917.000
0.012,0.435,-0.050,-10.267,-3.710,-0.342,622984017.000
0.014,0.431,-0.050,-10.290,-3.723,-0.342,622984116.000
0.010,0.436,-0.052,-10.301,-3.706,-0.352,622984217.000
0.010,0.433,-0.055,-10.330,-3.714,-0.334,622984317.000
0.010,0.436,-0.050,-10.329,-3.722,-0.352,622984416.000
0.010,0.439,-0.047,-10.355,-3.714,-0.343,622984516.000
0.010,0.438,-0.050,-10.341,-3.722,-0.343,622984617.000
0.008,0.440,-0.050,-10.334,-3.710,-0.325,622984717.000
0.008,0.435,-0.053,-10.419,-3.743,-0.317,622984816.000
0.012,0.435,-0.047,-10.405,-3.776,-0.344,622984916.000
0.010,0.439,-0.045,-10.424,-3.755,-0.344,622985016.000
0.010,0.439,-0.062,-10.437,-3.765,-0.372,622985117.000
0.012,0.440,-0.055,-10.458,-3.825,-0.382,622985216.000
0.008,0.442,-0.055,-10.429,-3.776,-0.373,622985317.000
0.010,0.441,-0.045,-10.478,-3.828,-0.336,622985416.000
0.012,0.443,-0.048,-10.470,-3.825,-0.345,622985516.000
0.010,0.441,-0.053,-10.505,-3.829,-0.364,622985617.000
0.012,0.445,-0.053,-10.510,-3.842,-0.337,622985716.000
0.008,0.445,-0.055,-10.538,-3.801,-0.337,622985816.000
0.006,0.444,-0.048,-10.533,-3.812,-0.356,622985916.000
0.012,0.445,-0.048,-10.552,-3.850,-0.365,622986016.000
0.010,0.449,-0.053,-10.543,-3.830,-0.365,622986116.000
0.010,0.447,-0.043,-10.558,-3.845,-0.346,622986217.000
0.010,0.449,-0.048,-10.570,-3.862,-0.338,622986317.000
0.010,0.449,-0.048,-10.598,-3.862,-0.366,622986417.000
0.008,0.448,-0.050,-10.620,-3.858,-0.357,622986516.000
0.008,0.448,-0.053,-10.634,-3.867,-0.385,622986617.000
0.008,0.451,-0.043,-10.633,-3.858,-0.348,622986716.000
0.008,0.448,-0.053,-10.661,-3.867,-0.357,622986817.000
0.006,0.449,-0.050,-10.654,-3.870,-0.367,622986917.000
0.008,0.448,-0.050,-10.689,-3.883,-0.385,622987016.000
0.010,0.452,-0.055,-10.707,-3.889,-0.358,622987116.000
0.008,0.453,-0.048,-10.700,-3.875,-0.339,622987216.000
0.010,0.452,-0.050,-10.721,-3.896,-0.358,622987316.000
0.008,0.451,-0.055,-10.742,-3.925,-0.377,622987417.000
0.008,0.453,-0.048,-10.769,-3.900,-0.368,622987516.000
0.006,0.460,-0.055,-10.772,-3.913,-0.387,622987617.000
0.008,0.456,-0.055,-10.781,-3.901,-0.387,622987717.000
0.004,0.459,-0.041,-10.781,-3.899,-0.350,622987817.000
0.013,0.453,-0.048,-10.810,-3.950,-0.368,622987916.000
0.008,0.459,-0.045,-10.794,-3.965,-0.378,622988016.000
0.008,0.459,-0.043,-10.822,-3.933,-0.378,622988116.000
0.008,0.456,-0.050,-10.850,-3.958,-0.360,622988217.000
0.008,0.459,-0.050,-10.863,-3.958,-0.379,622988317.000
0.006,0.457,-0.048,-10.871,-3.961,-0.370,622988416.000
0.008,0.456,-0.048,-10.892,-3.950,-0.360,622988517.000
0.006,0.457,-0.048,-10.926,-3.962,-0.370,622988616.000
0.015,0.460,-0.055,-10.909,-4.013,-0.388,622988716.000
0.004,0.461,-0.048,-10.903,-3.949,-0.370,622988817.000
0.009,0.461,-0.046,-10.917,-4.015,-0.370,622988915.000
0.009,0.459,-0.048,-10.946,-3.975,-0.379,622989016.000
0.006,0.460,-0.051,-10.938,-3.995,-0.361,622989116.000
0.009,0.461,-0.045,-10.959,-3.991,-0.398,622989215.000
0.006,0.460,-0.043,-10.994,-3.994,-0.362,622989317.000
0.007,0.465,-0.050,-10.978,-4.019,-0.427,622989416.000
0.004,0.467,-0.048,-10.984,-3.999,-0.381,622989517.000
0.009,0.461,-0.053,-11.013,-3.992,-0.399,622989615.000
0.009,0.464,-0.046,-11.054,-4.040,-0.390,622989715.000
0.004,0.464,-0.048,-11.026,-3.999,-0.390,622989815.000
0.009,0.469,-0.048,-11.023,-4.024,-0.399,622989915.000
0.007,0.465,-0.046,-11.088,-4.004,-0.400,622990017.000
0.009,0.464,-0.051,-11.067,-4.033,-0.390,622990115.000
0.007,0.465,-0.048,-11.087,-4.037,-0.373,622990215.000
0.009,0.467,-0.048,-11.107,-4.049,-0.409,622990315.000
0.007,0.468,-0.048,-11.086,-4.012,-0.391,622990415.000
0.005,0.469,-0.048,-11.107,-4.048,-0.401,622990516.000
0.005,0.467,-0.051,-11.135,-4.057,-0.410,622990616.000
0.005,0.474,-0.051,-11.104,-4.033,-0.410,622990715.000
0.011,0.471,-0.053,-11.125,-4.103,-0.382,622990815.000
0.011,0.473,-0.048,-11.152,-4.112,-0.373,622990916.000
0.009,0.474,-0.048,-11.145,-4.099,-0.411,622991016.000
0.004,0.472,-0.043,-11.174,-4.033,-0.392,622991115.000
0.009,0.472,-0.038,-11.160,-4.114,-0.392,622991215.000
0.007,0.471,-0.048,-11.223,-4.087,-0.384,622991315.000
0.007,0.473,-0.053,-11.180,-4.103,-0.402,622991415.000
0.007,0.478,-0.051,-11.191,-4.095,-0.411,622991516.000
0.007,0.473,-0.046,-11.249,-4.127,-0.375,622991615.000
0.005,0.472,-0.046,-11.257,-4.114,-0.394,622991715.000
0.007,0.473,-0.048,-11.249,-4.111,-0.403,622991816.000
0.009,0.480,-0.043,-11.239,-4.156,-0.394,622991916.000
0.009,0.472,-0.046,-11.284,-4.140,-0.421,622992016.000
0.007,0.479,-0.046,-11.260,-4.152,-0.412,622992116.000
0.009,0.475,-0.046,-11.297,-4.140,-0.412,622992215.000
0.007,0.479,-0.048,-11.315,-4.136,-0.413,622992315.000
0.009,0.477,-0.048,-11.309,-4.173,-0.403,622992415.000
0.005,0.477,-0.053,-11.337,-4.165,-0.404,622992516.000
0.007,0.479,-0.048,-11.357,-4.161,-0.413,622992615.000
0.005,0.477,-0.048,-11.337,-4.148,-0.432,622992715.000
0.007,0.481,-0.048,-11.328,-4.185,-0.404,622992815.000
0.001,0.480,-0.046,-11.364,-4.115,-0.396,622992916.000
0.007,0.481,-0.046,-11.369,-4.177,-0.404,622993015.000
0.005,0.477,-0.041,-11.407,-4.172,-0.405,622993116.000
0.009,0.483,-0.053,-11.375,-4.215,-0.414,622993215.000
0.005,0.483,-0.051,-11.389,-4.181,-0.414,622993315.000
0.005,0.485,-0.048,-11.402,-4.198,-0.405,622993416.000
0.007,0.481,-0.048,-11.410,-4.186,-0.405,622993516.000
0.005,0.480,-0.051,-11.446,-4.206,-0.396,622993616.000
0.005,0.483,-0.043,-11.404,-4.205,-0.415,622993716.000
0.005,0.485,-0.044,-11.430,-4.230,-0.406,622993815.000
0.005,0.485,-0.046,-11.458,-4.214,-0.434,622993915.000
0.005,0.483,-0.044,-11.459,-4.206,-0.415,622994016.000
0.007,0.481,-0.046,-11.480,-4.227,-0.433,622994115.000
0.003,0.486,-0.051,-11.478,-4.218,-0.444,622994216.000
0.007,0.482,-0.046,-11.549,-4.252,-0.407,622994316.000
0.007,0.487,-0.046,-11.505,-4.276,-0.444,622994415.000
0.005,0.485,-0.041,-11.513,-4.246,-0.434,622994515.000
0.003,0.489,-0.051,-11.531,-4.243,-0.435,622994615.000
0.003,0.489,-0.044,-11.518,-4.266,-0.435,622994716.000
0.005,0.485,-0.044,-11.540,-4.279,-0.407,622994816.000
0.001,0.485,-0.041,-11.582,-4.246,-0.408,622994916.000
0.007,0.487,-0.046,-11.574,-4.301,-0.417,622995015.000
0.003,0.487,-0.046,-11.574,-4.275,-0.417,622995115.000
0.003,0.487,-0.056,-11.615,-4.285,-0.418,622995215.000
0.003,0.492,-0.049,-11.558,-4.283,-0.454,622995315.000
0.001,0.491,-0.049,-11.593,-4.271,-0.418,622995416.000
0.008,0.492,-0.049,-11.598,-4.334,-0.399,622995516.000
0.005,0.493,-0.041,-11.605,-4.345,-0.409,622995616.000
0.003,0.492,-0.041,-11.613,-4.332,-0.427,622995716.000
0.008,0.492,-0.044,-11.626,-4.366,-0.399,622995815.000
0.003,0.492,-0.044,-11.654,-4.341,-0.400,622995916.000
0.003,0.495,-0.041,-11.653,-4.332,-0.419,622996017.000
0.003,0.497,-0.041,-11.652,-4.357,-0.437,622996116.000
0.001,0.488,-0.041,-11.719,-4.320,-0.428,622996216.000
0.004,0.497,-0.044,-11.680,-4.390,-0.438,622996316.000
0.006,0.493,-0.044,-11.702,-4.354,-0.437,622996417.000
0.001,0.496,-0.041,-11.702,-4.369,-0.457,622996517.000
0.003,0.500,-0.046,-11.678,-4.350,-0.428,622996617.000
0.003,0.497,-0.044,-11.693,-4.366,-0.410,622996717.000
0.001,0.496,-0.046,-11.729,-4.386,-0.429,622996816.000
0.008,0.497,-0.044,-11.734,-4.416,-0.410,622996917.000
0.001,0.496,-0.051,-11.769,-4.378,-0.430,622997016.000
-0.001,0.500,-0.046,-11.734,-4.373,-0.430,622997117.000
0.006,0.496,-0.051,-11.769,-4.404,-0.429,622997217.000
0.004,0.500,-0.046,-11.761,-4.447,-0.458,622997317.000
-0.001,0.495,-0.041,-11.792,-4.357,-0.448,622997417.000
0.001,0.501,-0.046,-11.795,-4.411,-0.440,622997516.000
0.001,0.496,-0.044,-11.825,-4.427,-0.430,622997617.000
0.001,0.499,-0.039,-11.810,-4.410,-0.421,622997717.000
-0.001,0.500,-0.046,-11.816,-4.422,-0.431,622997817.000
0.004,0.505,-0.044,-11.786,-4.464,-0.440,622997917.000
-0.001,0.503,-0.039,-11.829,-4.422,-0.422,622998017.000
0.002,0.499,-0.046,-11.824,-4.435,-0.449,622998116.000
-0.001,0.505,-0.044,-11.814,-4.439,-0.440,622998216.000
0.002,0.501,-0.041,-11.850,-4.443,-0.440,622998316.000
0.002,0.504,-0.044,-11.849,-4.452,-0.459,622998416.000
0.004,0.503,-0.041,-11.857,-4.480,-0.450,622998516.000
0.004,0.503,-0.041,-11.870,-4.456,-0.449,622998617.000
-0.000,0.505,-0.041,-11.856,-4.479,-0.441,622998716.000
0.004,0.505,-0.041,-11.869,-4.481,-0.441,622998816.000
0.004,0.503,-0.046,-11.911,-4.497,-0.450,622998916.000
0.002,0.504,-0.046,-11.918,-4.461,-0.460,622999016.000
0.002,0.501,-0.039,-11.947,-4.484,-0.441,622999117.000
0.002,0.509,-0.042,-11.888,-4.492,-0.441,622999216.000
0.002,0.501,-0.052,-11.974,-4.502,-0.442,622999316.000
-0.000,0.505,-0.049,-11.966,-4.481,-0.470,622999416.000
-0.000,0.508,-0.046,-11.951,-4.497,-0.461,622999517.000
0.002,0.504,-0.042,-11.987,-4.517,-0.433,622999616.000
-0.002,0.507,-0.047,-11.972,-4.509,-0.452,622999717.000
-0.000,0.503,-0.049,-11.994,-4.505,-0.452,622999816.000
-0.005,0.508,-0.044,-11.979,-4.488,-0.434,622999916.000
-0.002,0.509,-0.047,-12.012,-4.509,-0.443,623000017.000
-0.000,0.508,-0.047,-11.978,-4.546,-0.461,623000117.000
-0.000,0.508,-0.044,-12.019,-4.538,-0.434,623000217.000
-0.002,0.512,-0.047,-11.997,-4.509,-0.434,623000316.000
0.002,0.509,-0.049,-12.026,-4.591,-0.471,623000416.000
-0.000,0.511,-0.047,-12.018,-4.546,-0.453,623000516.000
-0.005,0.508,-0.042,-12.048,-4.528,-0.462,623000616.000
-0.002,0.509,-0.044,-12.054,-4.550,-0.444,623000716.000
0.004,0.511,-0.039,-12.060,-4.596,-0.453,623000817.000
0.002,0.515,-0.044,-12.050,-4.575,-0.453,623000916.000
-0.000,0.513,-0.039,-12.045,-4.570,-0.444,623001016.000
-0.005,0.513,-0.044,-12.087,-4.537,-0.472,623001117.000
-0.000,0.511,-0.047,-12.101,-4.595,-0.454,623001216.000
-0.000,0.513,-0.044,-12.114,-4.612,-0.472,623001317.000
-0.000,0.513,-0.044,-12.113,-4.563,-0.444,623001416.000
-0.002,0.515,-0.042,-12.093,-4.590,-0.454,623001517.000
0.002,0.515,-0.042,-12.119,-4.616,-0.426,623001617.000
-0.004,0.519,-0.042,-12.112,-4.602,-0.455,623001716.000
-0.000,0.513,-0.047,-12.141,-4.596,-0.445,623001816.000
-0.004,0.518,-0.044,-12.126,-4.611,-0.483,623001917.000
-0.006,0.517,-0.047,-12.161,-4.582,-0.474,623002016.000
-0.002,0.515,-0.049,-12.162,-4.616,-0.510,623002116.000
-0.002,0.517,-0.049,-12.173,-4.616,-0.446,623002216.000
0.002,0.515,-0.042,-12.189,-4.641,-0.455,623002316.000
-0.002,0.517,-0.044,-12.188,-4.673,-0.474,623002417.000
-0.002,0.515,-0.037,-12.204,-4.623,-0.483,623002516.000
-0.002,0.517,-0.042,-12.202,-4.616,-0.474,623002616.000
0.000,0.519,-0.044,-12.207,-4.637,-0.455,623002716.000
-0.002,0.517,-0.042,-12.202,-4.664,-0.474,623002817.000
0.000,0.513,-0.042,-12.238,-4.653,-0.474,623002916.000
-0.002,0.522,-0.042,-12.172,-4.664,-0.483,623003017.000
-0.006,0.517,-0.039,-12.244,-4.631,-0.447,623003117.000
0.000,0.516,-0.039,-12.251,-4.669,-0.465,623003216.000
-0.004,0.519,-0.047,-12.235,-4.644,-0.456,623003317.000
0.002,0.520,-0.044,-12.255,-4.699,-0.465,623003417.000
-0.004,0.521,-0.044,-12.220,-4.660,-0.447,623003517.000
0.002,0.523,-0.042,-12.226,-4.690,-0.456,623003617.000
-0.002,0.520,-0.049,-12.268,-4.666,-0.438,623003716.000
-0.002,0.523,-0.044,-12.254,-4.698,-0.457,623003816.000
-0.002,0.523,-0.042,-12.268,-4.690,-0.457,623003916.000
-0.002,0.517,-0.042,-12.298,-4.690,-0.475,623004017.000
0.000,0.524,-0.037,-12.274,-4.710,-0.438,623004116.000
-0.002,0.523,-0.042,-12.310,-4.714,-0.485,623004217.000
-0.002,0.523,-0.044,-12.323,-4.674,-0.485,623004317.000
0.000,0.521,-0.042,-12.317,-4.727,-0.475,623004416.000
-0.004,0.521,-0.047,-12.331,-4.694,-0.476,623004516.000
-0.002,0.520,-0.039,-12.339,-4.706,-0.466,623004616.000
0.000,0.521,-0.042,-12.344,-4.727,-0.476,623004716.000
-0.004,0.524,-0.040,-12.344,-4.694,-0.467,623004816.000
-0.004,0.527,-0.037,-12.343,-4.685,-0.485,623004916.000
0.000,0.527,-0.042,-12.314,-4.727,-0.457,623005016.000
-0.002,0.520,-0.042,-12.408,-4.715,-0.495,623005117.000
0.000,0.524,-0.042,-12.384,-4.728,-0.467,623005216.000
-0.002,0.525,-0.042,-12.404,-4.715,-0.449,623005317.000
-0.004,0.527,-0.042,-12.398,-4.702,-0.486,623005416.000
-0.004,0.527,-0.049,-12.397,-4.752,-0.486,623005516.000
-0.002,0.528,-0.045,-12.431,-4.724,-0.468,623005616.000
-0.006,0.528,-0.042,-12.431,-4.714,-0.468,623005716.000
-0.002,0.531,-0.047,-12.416,-4.756,-0.487,623005816.000
-0.004,0.527,-0.049,-12.438,-4.728,-0.487,623005917.000
-0.002,0.525,-0.042,-12.432,-4.715,-0.477,623006016.000
-0.004,0.527,-0.045,-12.466,-4.760,-0.487,623006117.000
-0.002,0.528,-0.042,-12.472,-4.765,-0.468,623006216.000
-0.004,0.527,-0.042,-12.467,-4.776,-0.487,623006316.000
0.001,0.529,-0.049,-12.450,-4.802,-0.478,623006416.000
-0.004,0.529,-0.040,-12.465,-4.768,-0.450,623006517.000
-0.006,0.528,-0.042,-12.501,-4.739,-0.497,623006617.000
-0.004,0.527,-0.040,-12.494,-4.744,-0.487,623006716.000
-0.004,0.527,-0.040,-12.508,-4.768,-0.460,623006817.000
-0.006,0.528,-0.037,-12.528,-4.771,-0.470,623006917.000
-0.004,0.529,-0.042,-12.493,-4.801,-0.478,623007016.000
-0.004,0.529,-0.045,-12.506,-4.809,-0.479,623007117.000
0.001,0.529,-0.047,-12.506,-4.818,-0.506,623007216.000
0.001,0.532,-0.050,-12.532,-4.827,-0.497,623007316.000
-0.006,0.528,-0.042,-12.542,-4.764,-0.497,623007416.000
-0.006,0.531,-0.040,-12.527,-4.780,-0.488,623007517.000
-0.004,0.529,-0.047,-12.561,-4.794,-0.479,623007616.000
-0.004,0.535,-0.045,-12.531,-4.809,-0.488,623007717.000
-0.002,0.528,-0.040,-12.597,-4.806,-0.497,623007816.000
-0.004,0.535,-0.040,-12.559,-4.793,-0.488,623007916.000
-0.001,0.533,-0.040,-12.553,-4.830,-0.479,623008017.000
-0.004,0.532,-0.045,-12.574,-4.810,-0.498,623008117.000
-0.001,0.533,-0.040,-12.580,-4.830,-0.479,623008217.000
-0.006,0.533,-0.035,-12.594,-4.813,-0.452,623008317.000
-0.006,0.533,-0.042,-12.608,-4.838,-0.480,623008416.000
0.001,0.537,-0.042,-12.599,-4.852,-0.507,623008516.000
0.001,0.532,-0.042,-12.628,-4.852,-0.470,623008617.000
-0.006,0.533,-0.045,-12.608,-4.822,-0.480,623008717.000
-0.001,0.533,-0.040,-12.622,-4.855,-0.508,623008816.000
-0.003,0.540,-0.045,-12.584,-4.859,-0.499,623008917.000
-0.003,0.535,-0.045,-12.642,-4.859,-0.490,623009017.000
-0.001,0.536,-0.045,-12.648,-4.896,-0.499,623009117.000
-0.003,0.535,-0.035,-12.670,-4.875,-0.490,623009216.000
-0.003,0.540,-0.047,-12.639,-4.892,-0.499,623009316.000
-0.001,0.539,-0.042,-12.633,-4.912,-0.490,623009416.000
-0.006,0.541,-0.045,-12.645,-4.871,-0.481,623009516.000
-0.003,0.537,-0.040,-12.682,-4.891,-0.481,623009617.000
-0.003,0.535,-0.037,-12.684,-4.883,-0.490,623009716.000
-0.008,0.537,-0.035,-12.669,-4.874,-0.482,623009816.000
-0.006,0.539,-0.037,-12.689,-4.871,-0.491,623009916.000
-0.003,0.537,-0.040,-12.696,-4.916,-0.509,623010017.000
-0.005,0.544,-0.035,-12.672,-4.911,-0.500,623010117.000
-0.003,0.538,-0.047,-12.736,-4.893,-0.482,623010217.000
-0.001,0.534,-0.047,-12.759,-4.905,-0.481,623010317.000
-0.008,0.540,-0.040,-12.722,-4.867,-0.473,623010416.000
-0.008,0.545,-0.037,-12.679,-4.906,-0.510,623010517.000
-0.005,0.541,-0.040,-12.701,-4.903,-0.482,623010616.000
-0.008,0.543,-0.040,-12.708,-4.915,-0.519,623010716.000
-0.003,0.540,-0.040,-12.764,-4.965,-0.501,623010816.000
-0.003,0.540,-0.045,-12.749,-4.957,-0.501,623010917.000
-0.007,0.545,-0.047,-12.733,-4.940,-0.511,623011016.000
-0.008,0.537,-0.042,-12.779,-4.924,-0.511,623011116.000
-0.005,0.539,-0.042,-12.785,-4.961,-0.492,623011216.000
-0.008,0.535,-0.040,-12.822,-4.940,-0.520,623011316.000
-0.003,0.538,-0.040,-12.806,-4.965,-0.483,623011417.000
-0.007,0.540,-0.040,-12.805,-4.964,-0.474,623011517.000
-0.007,0.545,-0.040,-12.775,-4.964,-0.484,623011617.000
-0.003,0.543,-0.045,-12.803,-4.982,-0.492,623011716.000
-0.003,0.543,-0.040,-12.817,-4.990,-0.493,623011817.000
-0.007,0.548,-0.037,-12.802,-4.956,-0.502,623011916.000
-0.010,0.547,-0.045,-12.781,-4.944,-0.493,623012017.000
-0.007,0.548,-0.037,-12.815,-4.981,-0.503,623012116.000
-0.005,0.544,-0.045,-12.837,-4.994,-0.475,623012216.000
-0.010,0.547,-0.043,-12.836,-4.961,-0.494,623012317.000
-0.005,0.544,-0.040,-12.852,-5.002,-0.530,623012416.000
-0.005,0.547,-0.035,-12.850,-5.010,-0.494,623012517.000
-0.005,0.542,-0.038,-12.881,-4.994,-0.512,623012617.000
-0.009,0.549,-0.040,-12.849,-4.977,-0.485,623012716.000
-0.012,0.548,-0.035,-12.885,-4.996,-0.476,623012816.000
-0.007,0.548,-0.035,-12.871,-4.997,-0.503,623012917.000
-0.007,0.545,-0.040,-12.886,-5.014,-0.513,623013017.000
-0.009,0.549,-0.035,-12.877,-5.009,-0.513,623013117.000
-0.007,0.545,-0.040,-12.913,-5.014,-0.513,623013217.000
-0.005,0.552,-0.038,-12.889,-5.067,-0.504,623013316.000
-0.009,0.549,-0.035,-12.891,-5.033,-0.486,623013418.000
-0.012,0.551,-0.038,-12.897,-4.980,-0.495,623013517.000
-0.009,0.544,-0.035,-12.949,-5.034,-0.477,623013618.000
-0.009,0.549,-0.038,-12.919,-5.018,-0.513,623013718.000
-0.007,0.546,-0.043,-12.968,-5.047,-0.514,623013817.000
-0.007,0.551,-0.045,-12.924,-5.055,-0.523,623013918.000
-0.007,0.548,-0.035,-12.940,-5.071,-0.504,623014017.000
-0.011,0.551,-0.043,-12.939,-5.022,-0.523,623014117.000
-0.007,0.548,-0.030,-12.968,-5.054,-0.504,623014217.000
-0.007,0.551,-0.040,-12.979,-5.039,-0.495,623014317.000
-0.009,0.552,-0.043,-12.972,-5.059,-0.505,623014417.000
-0.012,0.551,-0.038,-12.994,-5.006,-0.496,623014518.000
-0.009,0.549,-0.040,-12.974,-5.051,-0.514,623014618.000
-0.009,0.552,-0.040,-12.972,-5.075,-0.505,623014718.000
-0.011,0.548,-0.043,-13.022,-5.047,-0.506,623014817.000
-0.011,0.551,-0.035,-13.022,-5.070,-0.497,623014917.000
-0.009,0.552,-0.038,-13.000,-5.091,-0.506,623015018.000
-0.009,0.552,-0.035,-13.014,-5.083,-0.506,623015117.000
-0.011,0.551,-0.038,-13.035,-5.079,-0.497,623015218.000
-0.009,0.552,-0.030,-13.028,-5.091,-0.506,623015318.000
-0.011,0.556,-0.040,-13.032,-5.063,-0.506,623015418.000
-0.009,0.555,-0.040,-13.026,-5.100,-0.497,623015518.000
-0.007,0.553,-0.035,-13.061,-5.096,-0.515,623015617.000
-0.009,0.552,-0.040,-13.069,-5.100,-0.506,623015717.000
-0.009,0.555,-0.035,-13.054,-5.084,-0.524,623015818.000
-0.009,0.555,-0.038,-13.068,-5.092,-0.525,623015918.000
-0.011,0.553,-0.038,-13.089,-5.104,-0.516,623016016.000
-0.009,0.557,-0.038,-13.052,-5.092,-0.516,623016117.000
-0.009,0.557,-0.040,-13.066,-5.100,-0.516,623016217.000
-0.009,0.555,-0.038,-13.082,-5.116,-0.525,623016317.000
-0.013,0.555,-0.033,-13.096,-5.099,-0.498,623016417.000
-0.011,0.559,-0.038,-13.086,-5.104,-0.498,623016516.000
-0.009,0.555,-0.038,-13.123,-5.141,-0.498,623016617.000
-0.011,0.553,-0.040,-13.117,-5.136,-0.544,623016717.000
-0.005,0.555,-0.038,-13.108,-5.142,-0.497,623016817.000
-0.013,0.557,-0.035,-13.108,-5.132,-0.517,623016916.000
-0.011,0.556,-0.038,-13.102,-5.104,-0.507,623017016.000
-0.009,0.560,-0.040,-13.120,-5.125,-0.507,623017116.000
-0.011,0.559,-0.040,-13.127,-5.113,-0.498,623017216.000
-0.013,0.560,-0.035,-13.121,-5.132,-0.508,623017317.000
-0.011,0.561,-0.043,-13.112,-5.145,-0.517,623017417.000
-0.013,0.557,-0.035,-13.136,-5.132,-0.517,623017517.000
-0.009,0.560,-0.035,-13.134,-5.182,-0.535,623017616.000
-0.009,0.557,-0.038,-13.149,-5.166,-0.517,623017716.000
-0.011,0.559,-0.035,-13.156,-5.145,-0.526,623017816.000
-0.009,0.558,-0.035,-13.163,-5.158,-0.517,623017916.000
-0.011,0.559,-0.038,-13.156,-5.177,-0.527,623018017.000
-0.013,0.560,-0.040,-13.175,-5.149,-0.509,623018116.000
-0.009,0.560,-0.043,-13.189,-5.183,-0.508,623018216.000
-0.011,0.564,-0.038,-13.125,-5.177,-0.536,623018317.000
-0.009,0.560,-0.035,-13.203,-5.158,-0.508,623018417.000
-0.009,0.560,-0.040,-13.189,-5.150,-0.536,623018517.000
-0.011,0.567,-0.033,-13.152,-5.185,-0.499,623018616.000
-0.011,0.561,-0.040,-13.209,-5.186,-0.518,623018717.000
-0.011,0.559,-0.040,-13.238,-5.162,-0.527,623018817.000
-0.011,0.561,-0.040,-13.195,-5.162,-0.518,623018917.000
-0.013,0.563,-0.033,-13.216,-5.149,-0.527,623019017.000
-0.011,0.561,-0.033,-13.196,-5.161,-0.518,623019116.000
-0.009,0.560,-0.035,-13.258,-5.159,-0.509,623019217.000
-0.011,0.564,-0.035,-13.236,-5.194,-0.537,623019317.000
-0.009,0.565,-0.030,-13.228,-5.190,-0.518,623019417.000
-0.013,0.563,-0.038,-13.244,-5.166,-0.528,623019517.000
-0.011,0.564,-0.033,-13.250,-5.186,-0.537,623019617.000
-0.011,0.564,-0.040,-13.263,-5.163,-0.509,623019717.000
-0.011,0.562,-0.035,-13.278,-5.195,-0.519,623019817.000
-0.011,0.561,-0.038,-13.265,-5.203,-0.546,623019917.000
-0.013,0.565,-0.040,-13.242,-5.174,-0.546,623020016.000
-0.009,0.563,-0.036,-13.284,-5.183,-0.500,623020117.000
-0.011,0.564,-0.036,-13.263,-5.195,-0.510,623020216.000
-0.007,0.564,-0.040,-13.248,-5.212,-0.509,623020317.000
-0.013,0.563,-0.035,-13.258,-5.157,-0.555,623020416.000
-0.009,0.563,-0.035,-13.243,-5.159,-0.499,623020516.000
-0.007,0.564,-0.035,-13.208,-5.219,-0.536,623020617.000
-0.011,0.561,-0.033,-13.223,-5.161,-0.518,623020717.000
-0.009,0.563,-0.035,-13.188,-5.158,-0.527,623020816.000
-0.009,0.565,-0.040,-13.200,-5.175,-0.518,623020916.000
-0.009,0.563,-0.035,-13.174,-5.182,-0.527,623021016.000
-0.009,0.563,-0.033,-13.202,-5.150,-0.527,623021116.000
-0.007,0.561,-0.040,-13.168,-5.187,-0.545,623021216.000
-0.009,0.558,-0.035,-13.191,-5.158,-0.517,623021316.000
-0.009,0.557,-0.038,-13.177,-5.117,-0.517,623021416.000
-0.007,0.562,-0.040,-13.181,-5.163,-0.489,623021517.000
-0.011,0.561,-0.038,-13.140,-5.129,-0.517,623021616.000
-0.011,0.559,-0.038,-13.169,-5.105,-0.526,623021716.000
-0.007,0.561,-0.038,-13.126,-5.130,-0.516,623021817.000
-0.011,0.559,-0.035,-13.156,-5.096,-0.526,623021917.000
-0.009,0.560,-0.035,-13.134,-5.133,-0.535,623022017.000
-0.007,0.556,-0.043,-13.170,-5.122,-0.535,623022116.000
-0.007,0.559,-0.033,-13.142,-5.113,-0.525,623022216.000
-0.009,0.560,-0.035,-13.148,-5.109,-0.507,623022317.000
-0.007,0.559,-0.048,-13.141,-5.115,-0.553,623022416.000
-0.009,0.560,-0.033,-13.120,-5.076,-0.507,623022517.000
-0.009,0.563,-0.035,-13.091,-5.084,-0.525,623022617.000
-0.003,0.559,-0.030,-13.141,-5.155,-0.497,623022716.000
-0.007,0.559,-0.033,-13.142,-5.113,-0.525,623022817.000
-0.009,0.562,-0.038,-13.105,-5.093,-0.553,623022916.000
-0.003,0.556,-0.033,-13.170,-5.115,-0.534,623023016.000
-0.007,0.556,-0.033,-13.171,-5.089,-0.534,623023117.000
-0.007,0.556,-0.038,-13.142,-5.106,-0.507,623023216.000
-0.007,0.559,-0.040,-13.127,-5.090,-0.525,623023317.000
-0.009,0.563,-0.035,-13.105,-5.060,-0.525,623023416.000
-0.005,0.557,-0.038,-13.135,-5.070,-0.515,623023517.000
-0.005,0.557,-0.030,-13.121,-5.093,-0.515,623023617.000
-0.005,0.557,-0.033,-13.121,-5.077,-0.515,623023716.000
-0.005,0.560,-0.038,-13.119,-5.070,-0.506,623023816.000
-0.005,0.557,-0.035,-13.121,-5.061,-0.515,623023916.000
-0.007,0.559,-0.035,-13.141,-5.049,-0.525,623024016.000
-0.009,0.555,-0.033,-13.137,-5.052,-0.525,623024117.000
-0.007,0.554,-0.033,-13.144,-5.065,-0.515,623024216.000
-0.007,0.556,-0.030,-13.157,-5.032,-0.506,623024316.000
-0.003,0.556,-0.035,-13.115,-5.098,-0.533,623024416.000
-0.009,0.555,-0.043,-13.136,-5.037,-0.525,623024517.000
-0.005,0.555,-0.033,-13.123,-5.053,-0.524,623024616.000
-0.001,0.555,-0.038,-13.149,-5.095,-0.524,623024716.000
-0.009,0.560,-0.038,-13.092,-5.044,-0.506,623024816.000
-0.009,0.560,-0.038,-13.120,-5.044,-0.507,623024917.000
-0.005,0.560,-0.040,-13.106,-5.078,-0.534,623025016.000
-0.007,0.561,-0.030,-13.113,-5.056,-0.516,623025116.000
-0.007,0.561,-0.033,-13.126,-5.065,-0.516,623025217.000
-0.009,0.560,-0.033,-13.121,-5.028,-0.534,623025317.000
-0.005,0.557,-0.038,-13.176,-5.046,-0.543,623025417.000
-0.005,0.555,-0.033,-13.150,-5.053,-0.524,623025516.000
-0.003,0.559,-0.030,-13.141,-5.058,-0.524,623025616.000
-0.001,0.552,-0.040,-13.206,-5.055,-0.533,623025716.000
-0.005,0.563,-0.035,-13.132,-5.037,-0.525,623025817.000
-0.005,0.560,-0.033,-13.161,-5.029,-0.534,623025917.000
-0.001,0.555,-0.035,-13.177,-5.063,-0.524,623026016.000
-0.009,0.557,-0.033,-13.163,-5.028,-0.516,623026116.000
-0.007,0.559,-0.035,-13.197,-5.001,-0.553,623026216.000
-0.003,0.561,-0.033,-13.167,-5.066,-0.516,623026316.000
-0.007,0.559,-0.030,-13.169,-5.032,-0.525,623026416.000
-0.007,0.559,-0.035,-13.210,-5.025,-0.525,623026516.000
-0.005,0.557,-0.030,-13.218,-5.021,-0.516,623026617.000
-0.007,0.559,-0.035,-13.196,-5.001,-0.525,623026716.000
-0.003,0.559,-0.035,-13.223,-5.027,-0.525,623026816.000
-0.007,0.564,-0.035,-13.166,-5.001,-0.534,623026916.000
-0.005,0.560,-0.038,-13.230,-5.022,-0.534,623027017.000
-0.009,0.565,-0.038,-13.186,-5.021,-0.544,623027116.000
-0.007,0.556,-0.030,-13.254,-5.009,-0.534,623027217.000
-0.007,0.559,-0.028,-13.238,-4.976,-0.525,623027316.000
-0.005,0.563,-0.035,-13.214,-5.038,-0.498,623027417.000
-0.003,0.559,-0.038,-13.265,-5.035,-0.525,623027517.000
-0.009,0.563,-0.035,-13.229,-4.989,-0.526,623027616.000
-0.005,0.560,-0.040,-13.244,-5.031,-0.535,623027716.000
-0.005,0.560,-0.033,-13.272,-5.030,-0.535,623027817.000
-0.003,0.561,-0.033,-13.250,-5.019,-0.516,623027916.000
-0.005,0.560,-0.038,-13.285,-5.023,-0.535,623028017.000
-0.007,0.561,-0.035,-13.278,-5.026,-0.517,623028116.000
-0.007,0.564,-0.035,-13.277,-5.002,-0.535,623028216.000
-0.007,0.564,-0.038,-13.263,-5.010,-0.535,623028316.000
-0.003,0.564,-0.033,-13.290,-5.019,-0.535,623028417.000
-0.003,0.564,-0.038,-13.317,-5.036,-0.535,623028517.000
-0.007,0.564,-0.033,-13.304,-5.018,-0.535,623028616.000
-0.003,0.567,-0.033,-13.275,-5.019,-0.526,623028717.000
-0.003,0.564,-0.038,-13.331,-5.012,-0.535,623028816.000
-0.005,0.563,-0.035,-13.325,-4.991,-0.526,623028917.000
-0.003,0.561,-0.038,-13.360,-5.036,-0.545,623029016.000
-0.005,0.563,-0.035,-13.353,-4.991,-0.526,623029116.000
-0.003,0.564,-0.026,-13.387,-4.995,-0.508,623029217.000
-0.005,0.568,-0.028,-13.310,-5.014,-0.563,623029317.000
-0.003,0.569,-0.040,-13.356,-5.045,-0.545,623029417.000
-0.003,0.564,-0.035,-13.386,-5.028,-0.536,623029516.000
-0.003,0.567,-0.033,-13.385,-5.020,-0.554,623029616.000
-0.003,0.569,-0.035,-13.342,-5.004,-0.545,623029716.000
-0.003,0.567,-0.035,-13.399,-5.029,-0.554,623029816.000
-0.001,0.563,-0.031,-13.421,-5.025,-0.526,623029917.000
-0.003,0.564,-0.035,-13.442,-5.029,-0.564,623030017.000
-0.003,0.567,-0.035,-13.399,-5.029,-0.554,623030116.000
-0.005,0.565,-0.031,-13.421,-5.024,-0.545,623030216.000
-0.005,0.565,-0.028,-13.435,-5.015,-0.573,623030317.000
-0.007,0.572,-0.031,-13.383,-5.011,-0.536,623030416.000
-0.001,0.571,-0.033,-13.418,-5.033,-0.554,623030516.000
-0.007,0.564,-0.031,-13.442,-4.987,-0.536,623030616.000
-0.007,0.569,-0.033,-13.453,-4.996,-0.518,623030717.000
0.001,0.567,-0.033,-13.454,-5.022,-0.554,623030816.000
-0.001,0.563,-0.033,-13.491,-5.034,-0.555,623030918.000
-0.005,0.568,-0.033,-13.489,-5.008,-0.564,623031017.000
-0.001,0.568,-0.040,-13.487,-5.035,-0.564,623031117.000
-0.005,0.568,-0.033,-13.461,-5.008,-0.537,623031218.000
-0.000,0.571,-0.043,-13.459,-5.043,-0.583,623031317.000
-0.003,0.567,-0.021,-13.496,-5.004,-0.527,623031418.000
-0.001,0.571,-0.040,-13.472,-5.035,-0.555,623031518.000
-0.003,0.567,-0.033,-13.496,-5.021,-0.555,623031618.000
-0.001,0.568,-0.031,-13.502,-5.026,-0.536,623031718.000
-0.003,0.567,-0.031,-13.509,-5.013,-0.527,623031817.000
-0.003,0.569,-0.033,-13.480,-5.021,-0.546,623031917.000
-0.001,0.571,-0.033,-13.500,-5.034,-0.527,623032017.000
-0.003,0.569,-0.031,-13.508,-5.037,-0.546,623032117.000
0.002,0.574,-0.033,-13.478,-5.047,-0.583,623032218.000
-0.001,0.568,-0.035,-13.515,-5.018,-0.564,623032317.000
-0.003,0.569,-0.033,-13.536,-5.022,-0.546,623032418.000
-0.003,0.569,-0.028,-13.508,-5.005,-0.546,623032518.000
-0.001,0.573,-0.033,-13.513,-5.035,-0.546,623032618.000
-0.001,0.571,-0.031,-13.528,-5.002,-0.555,623032718.000
-0.007,0.567,-0.033,-13.551,-4.996,-0.556,623032817.000
-0.003,0.572,-0.036,-13.534,-5.030,-0.565,623032918.000
-0.001,0.571,-0.033,-13.528,-5.034,-0.555,623033018.000
-0.005,0.573,-0.036,-13.527,-5.017,-0.574,623033117.000
0.002,0.572,-0.035,-13.534,-5.007,-0.564,623033217.000
-0.005,0.571,-0.031,-13.542,-5.001,-0.556,623033318.000
0.002,0.569,-0.036,-13.576,-5.056,-0.546,623033418.000
-0.003,0.569,-0.031,-13.550,-5.014,-0.546,623033517.000
-0.003,0.575,-0.036,-13.533,-5.006,-0.556,623033618.000
-0.005,0.576,-0.026,-13.526,-5.009,-0.565,623033718.000
0.004,0.573,-0.035,-13.567,-5.044,-0.574,623033818.000
-0.001,0.573,-0.036,-13.554,-4.995,-0.546,623033917.000
-0.003,0.572,-0.031,-13.589,-5.014,-0.538,623034017.000
-0.001,0.573,-0.033,-13.581,-5.011,-0.547,623034117.000
-0.001,0.568,-0.036,-13.653,-5.020,-0.565,623034218.000
0.002,0.572,-0.028,-13.603,-5.031,-0.537,623034318.000
-0.001,0.571,-0.031,-13.611,-4.954,-0.555,623034417.000
-0.001,0.573,-0.036,-13.568,-5.019,-0.574,623034517.000
0.004,0.573,-0.038,-13.594,-5.029,-0.546,623034617.000
-0.001,0.576,-0.033,-13.580,-5.035,-0.538,623034717.000
-0.001,0.571,-0.036,-13.624,-4.995,-0.556,623034817.000
-0.001,0.573,-0.031,-13.595,-5.003,-0.547,623034918.000
-0.001,0.571,-0.033,-13.611,-4.987,-0.583,623035017.000
-0.001,0.576,-0.031,-13.581,-5.003,-0.565,623035117.000
0.002,0.575,-0.033,-13.574,-5.024,-0.556,623035217.000
-0.007,0.574,-0.033,-13.589,-4.949,-0.556,623035318.000
0.001,0.572,-0.031,-13.617,-4.991,-0.565,623035417.000
-0.001,0.576,-0.028,-13.595,-4.994,-0.565,623035517.000
-0.001,0.573,-0.028,-13.596,-4.970,-0.574,623035617.000
0.002,0.570,-0.033,-13.659,-5.024,-0.547,623035717.000
-0.001,0.576,-0.028,-13.567,-4.994,-0.565,623035817.000
0.002,0.572,-0.041,-13.602,-5.000,-0.565,623035918.000
-0.001,0.568,-0.031,-13.626,-5.003,-0.537,623036018.000
-0.001,0.576,-0.033,-13.580,-4.987,-0.565,623036117.000
-0.003,0.575,-0.028,-13.575,-4.982,-0.556,623036217.000
-0.003,0.572,-0.036,-13.631,-5.007,-0.566,623036317.000
-0.001,0.571,-0.036,-13.625,-4.995,-0.583,623036418.000
0.001,0.575,-0.028,-13.588,-4.983,-0.555,623036518.000
0.001,0.572,-0.036,-13.630,-4.984,-0.565,623036617.000
-0.001,0.578,-0.041,-13.592,-4.988,-0.556,623036717.000
-0.001,0.576,-0.031,-13.594,-4.979,-0.537,623036817.000
-0.003,0.572,-0.036,-13.617,-4.982,-0.565,623036917.000
0.001,0.575,-0.028,-13.615,-4.983,-0.556,623037018.000
-0.001,0.571,-0.026,-13.625,-4.962,-0.555,623037117.000
-0.003,0.572,-0.023,-13.631,-4.941,-0.537,623037217.000
0.001,0.575,-0.031,-13.615,-4.967,-0.555,623037317.000
-0.003,0.572,-0.031,-13.617,-4.966,-0.565,623037417.000
0.004,0.576,-0.028,-13.594,-4.971,-0.564,623037517.000
0.001,0.572,-0.031,-13.603,-4.967,-0.564,623037617.000
0.004,0.571,-0.031,-13.638,-4.980,-0.555,623037717.000
-0.001,0.578,-0.033,-13.593,-4.987,-0.556,623037817.000
-0.003,0.575,-0.031,-13.602,-4.966,-0.556,623037917.000
0.006,0.575,-0.028,-13.601,-4.984,-0.555,623038017.000
-0.001,0.576,-0.031,-13.580,-4.954,-0.565,623038118.000
0.001,0.572,-0.033,-13.603,-4.951,-0.564,623038217.000
0.006,0.572,-0.031,-13.602,-4.992,-0.564,623038318.000
0.004,0.573,-0.031,-13.623,-4.980,-0.574,623038418.000
0.001,0.572,-0.033,-13.589,-4.975,-0.564,623038517.000
0.001,0.572,-0.036,-13.603,-4.935,-0.564,623038616.000
-0.001,0.576,-0.031,-13.553,-4.954,-0.564,623038717.000
0.006,0.572,-0.033,-13.602,-4.976,-0.564,623038818.000
0.001,0.574,-0.038,-13.587,-4.968,-0.583,623038917.000
0.006,0.572,-0.028,-13.616,-4.936,-0.536,623039018.000
-0.001,0.576,-0.026,-13.580,-4.938,-0.537,623039118.000
0.001,0.575,-0.033,-13.587,-4.951,-0.555,623039217.000
0.004,0.571,-0.031,-13.610,-4.980,-0.555,623039317.000
0.001,0.569,-0.031,-13.618,-4.918,-0.573,623039417.000
0.001,0.572,-0.041,-13.602,-4.952,-0.564,623039518.000
-0.001,0.573,-0.028,-13.582,-4.946,-0.546,623039618.000
0.004,0.573,-0.035,-13.567,-4.947,-0.573,623039718.000
0.004,0.571,-0.031,-13.596,-4.955,-0.555,623039818.000
0.001,0.572,-0.031,-13.603,-4.919,-0.536,623039918.000
0.004,0.573,-0.035,-13.567,-4.947,-0.573,623040018.000
0.001,0.575,-0.028,-13.588,-4.934,-0.555,623040117.000
0.003,0.573,-0.035,-13.581,-4.923,-0.573,623040217.000
0.001,0.575,-0.028,-13.560,-4.934,-0.555,623040317.000
-0.001,0.570,-0.040,-13.583,-4.890,-0.582,623040417.000
0.001,0.572,-0.033,-13.603,-4.902,-0.564,623040517.000
0.003,0.571,-0.033,-13.596,-4.939,-0.555,623040617.000
-0.001,0.571,-0.031,-13.611,-4.906,-0.555,623040718.000
0.006,0.569,-0.033,-13.603,-4.952,-0.545,623040817.000
0.003,0.571,-0.033,-13.582,-4.915,-0.554,623040917.000
0.001,0.572,-0.033,-13.589,-4.927,-0.564,623041018.000
0.003,0.573,-0.038,-13.553,-4.907,-0.573,623041117.000
-0.001,0.565,-0.031,-13.599,-4.881,-0.545,623041218.000
0.001,0.572,-0.031,-13.589,-4.894,-0.536,623041316.000
0.003,0.568,-0.033,-13.625,-4.915,-0.564,623041416.000
0.003,0.571,-0.033,-13.610,-4.915,-0.554,623041516.000
0.006,0.572,-0.028,-13.575,-4.911,-0.563,623041617.000
0.001,0.569,-0.031,-13.590,-4.870,-0.545,623041718.000
0.005,0.572,-0.035,-13.561,-4.887,-0.563,623041817.000
0.003,0.571,-0.031,-13.582,-4.882,-0.554,623041916.000
0.003,0.571,-0.033,-13.582,-4.915,-0.554,623042016.000
0.001,0.572,-0.033,-13.547,-4.853,-0.563,623042117.000
0.001,0.572,-0.033,-13.548,-4.902,-0.591,623042217.000
0.001,0.569,-0.026,-13.577,-4.877,-0.545,623042317.000
0.003,0.571,-0.026,-13.541,-4.890,-0.554,623042417.000
0.006,0.572,-0.038,-13.546,-4.896,-0.535,623042516.000
0.006,0.569,-0.035,-13.576,-4.936,-0.572,623042617.000
0.003,0.571,-0.033,-13.582,-4.866,-0.554,623042717.000
0.005,0.569,-0.033,-13.562,-4.879,-0.572,623042816.000
0.005,0.569,-0.031,-13.562,-4.895,-0.544,623042917.000
0.005,0.569,-0.028,-13.563,-4.862,-0.572,623043017.000
0.003,0.570,-0.033,-13.541,-4.890,-0.581,623043116.000
-0.001,0.568,-0.031,-13.543,-4.856,-0.535,623043216.000
0.003,0.568,-0.033,-13.570,-4.866,-0.563,623043317.000
0.005,0.572,-0.035,-13.533,-4.839,-0.562,623043416.000
0.003,0.568,-0.035,-13.570,-4.850,-0.563,623043516.000
0.003,0.565,-0.031,-13.572,-4.858,-0.572,623043617.000
0.005,0.569,-0.035,-13.534,-4.863,-0.571,623043716.000
0.003,0.571,-0.033,-13.541,-4.842,-0.553,623043816.000
0.005,0.567,-0.040,-13.549,-4.831,-0.553,623043916.000
0.005,0.564,-0.028,-13.579,-4.838,-0.534,623044017.000
0.005,0.572,-0.030,-13.520,-4.846,-0.562,623044117.000
0.003,0.565,-0.030,-13.530,-4.833,-0.571,623044217.000
0.003,0.565,-0.033,-13.543,-4.842,-0.544,623044317.000
0.005,0.569,-0.030,-13.507,-4.846,-0.571,623044416.000
0.005,0.569,-0.038,-13.534,-4.847,-0.571,623044517.000
0.003,0.570,-0.035,-13.513,-4.826,-0.553,623044616.000
0.007,0.565,-0.031,-13.529,-4.859,-0.543,623044716.000
0.001,0.572,-0.031,-13.506,-4.796,-0.535,623044816.000
0.007,0.571,-0.033,-13.526,-4.843,-0.553,623044916.000
0.005,0.567,-0.031,-13.536,-4.822,-0.553,623045016.000
0.007,0.570,-0.038,-13.499,-4.811,-0.580,623045117.000
0.005,0.567,-0.031,-13.550,-4.846,-0.553,623045217.000
0.001,0.569,-0.030,-13.522,-4.796,-0.571,623045317.000
0.005,0.572,-0.035,-13.492,-4.814,-0.562,623045417.000
0.005,0.567,-0.030,-13.522,-4.797,-0.552,623045517.000
0.003,0.570,-0.033,-13.513,-4.793,-0.553,623045617.000
0.007,0.565,-0.035,-13.529,-4.827,-0.571,623045717.000
0.005,0.572,-0.028,-13.465,-4.813,-0.561,623045816.000
0.007,0.568,-0.038,-13.486,-4.810,-0.561,623045916.000
0.007,0.570,-0.028,-13.458,-4.801,-0.552,623046016.000
0.010,0.567,-0.030,-13.494,-4.823,-0.552,623046117.000
0.005,0.569,-0.033,-13.479,-4.781,-0.570,623046217.000
0.005,0.567,-0.028,-13.508,-4.789,-0.552,623046317.000
0.007,0.565,-0.030,-13.502,-4.810,-0.543,623046417.000
0.003,0.565,-0.028,-13.489,-4.776,-0.543,623046517.000
0.005,0.567,-0.025,-13.467,-4.780,-0.552,623046617.000
0.003,0.563,-0.030,-13.504,-4.760,-0.552,623046716.000
0.005,0.564,-0.028,-13.510,-4.764,-0.561,623046817.000
0.005,0.567,-0.033,-13.494,-4.781,-0.552,623046916.000
0.005,0.569,-0.023,-13.494,-4.772,-0.543,623047016.000
0.012,0.565,-0.030,-13.474,-4.786,-0.569,623047117.000
0.007,0.563,-0.030,-13.489,-4.761,-0.551,623047217.000
0.007,0.565,-0.028,-13.475,-4.777,-0.570,623047317.000
0.007,0.565,-0.033,-13.488,-4.769,-0.570,623047416.000
0.007,0.565,-0.028,-13.460,-4.753,-0.542,623047517.000
0.007,0.568,-0.028,-13.446,-4.753,-0.560,623047616.000
0.007,0.563,-0.025,-13.476,-4.769,-0.551,623047716.000
0.003,0.568,-0.028,-13.460,-4.751,-0.561,623047817.000
0.007,0.560,-0.030,-13.505,-4.761,-0.560,623047916.000
0.005,0.566,-0.030,-13.425,-4.724,-0.551,623048017.000
0.005,0.566,-0.025,-13.440,-4.731,-0.579,623048116.000
0.007,0.568,-0.038,-13.417,-4.737,-0.560,623048217.000
0.011,0.565,-0.033,-13.459,-4.746,-0.541,623048316.000
0.009,0.564,-0.033,-13.481,-4.758,-0.532,623048418.000
0.012,0.563,-0.038,-13.474,-4.763,-0.551,623048517.000
0.005,0.564,-0.038,-13.454,-4.749,-0.560,623048618.000
0.007,0.563,-0.028,-13.462,-4.728,-0.551,623048717.000
0.012,0.568,-0.030,-13.445,-4.762,-0.560,623048817.000
0.007,0.565,-0.035,-13.446,-4.729,-0.569,623048918.000
0.009,0.567,-0.033,-13.466,-4.758,-0.551,623049017.000
0.007,0.568,-0.035,-13.459,-4.729,-0.560,623049117.000
0.009,0.561,-0.028,-13.469,-4.741,-0.541,623049217.000
0.011,0.568,-0.030,-13.459,-4.738,-0.560,623049317.000
0.007,0.568,-0.030,-13.473,-4.737,-0.560,623049418.000
0.007,0.568,-0.026,-13.473,-4.720,-0.533,623049517.000
0.012,0.565,-0.035,-13.501,-4.755,-0.569,623049618.000
0.005,0.569,-0.028,-13.480,-4.716,-0.570,623049718.000
0.009,0.566,-0.035,-13.494,-4.742,-0.579,623049817.000
0.007,0.563,-0.030,-13.544,-4.713,-0.551,623049918.000
0.007,0.565,-0.030,-13.515,-4.737,-0.542,623050018.000
0.009,0.569,-0.028,-13.479,-4.742,-0.542,623050117.000
0.012,0.570,-0.028,-13.499,-4.754,-0.579,623050217.000
0.012,0.563,-0.035,-13.571,-4.755,-0.551,623050317.000
0.009,0.566,-0.033,-13.535,-4.734,-0.579,623050418.000
0.007,0.568,-0.030,-13.542,-4.713,-0.561,623050518.000
0.009,0.567,-0.030,-13.549,-4.726,-0.551,623050617.000
0.005,0.567,-0.026,-13.536,-4.708,-0.552,623050717.000
0.009,0.572,-0.038,-13.518,-4.727,-0.561,623050818.000
0.007,0.563,-0.031,-13.585,-4.738,-0.524,623050918.000
0.009,0.572,-0.030,-13.519,-4.726,-0.561,623051017.000
0.009,0.569,-0.030,-13.548,-4.702,-0.570,623051118.000
0.009,0.567,-0.026,-13.563,-4.734,-0.551,623051217.000
0.007,0.570,-0.030,-13.554,-4.714,-0.552,623051317.000
0.007,0.565,-0.023,-13.557,-4.713,-0.542,623051417.000
0.009,0.572,-0.030,-13.533,-4.750,-0.561,623051518.000
0.005,0.569,-0.033,-13.534,-4.685,-0.570,623051618.000
0.007,0.568,-0.033,-13.555,-4.722,-0.561,623051717.000
0.009,0.572,-0.033,-13.532,-4.686,-0.560,623051818.000
0.007,0.565,-0.030,-13.571,-4.689,-0.570,623051917.000
0.011,0.570,-0.028,-13.485,-4.730,-0.551,623052018.000
0.009,0.567,-0.030,-13.549,-4.678,-0.551,623052117.000
0.009,0.572,-0.033,-13.532,-4.686,-0.560,623052217.000
0.009,0.564,-0.028,-13.564,-4.693,-0.560,623052317.000
0.007,0.568,-0.033,-13.528,-4.673,-0.560,623052417.000
0.005,0.569,-0.033,-13.493,-4.660,-0.542,623052517.000
0.009,0.561,-0.035,-13.538,-4.670,-0.569,623052618.000
0.011,0.568,-0.030,-13.486,-4.690,-0.559,623052718.000
0.009,0.566,-0.030,-13.494,-4.677,-0.550,623052818.000
0.005,0.566,-0.033,-13.494,-4.636,-0.551,623052918.000
0.007,0.563,-0.025,-13.490,-4.647,-0.550,623053017.000
0.013,0.564,-0.030,-13.494,-4.678,-0.531,623053118.000
0.009,0.564,-0.033,-13.481,-4.661,-0.559,623053218.000
0.007,0.562,-0.028,-13.407,-4.631,-0.549,623053317.000
0.013,0.559,-0.030,-13.346,-4.652,-0.548,623053417.000
0.009,0.556,-0.025,-13.265,-4.585,-0.529,623053517.000
0.011,0.552,-0.030,-13.204,-4.565,-0.528,623053617.000
0.013,0.550,-0.032,-13.087,-4.536,-0.544,623053717.000
0.013,0.548,-0.030,-12.965,-4.502,-0.525,623053818.000
0.013,0.540,-0.027,-12.941,-4.445,-0.496,623053918.000
0.008,0.535,-0.035,-12.834,-4.419,-0.514,623054018.000
0.015,0.533,-0.032,-12.730,-4.424,-0.503,623054118.000
0.012,0.527,-0.027,-12.672,-4.417,-0.511,623054218.000
0.012,0.527,-0.027,-12.561,-4.320,-0.482,623054318.000
0.014,0.525,-0.034,-12.472,-4.308,-0.499,623054417.000
0.012,0.521,-0.032,-12.412,-4.262,-0.471,623054518.000
0.012,0.519,-0.029,-12.317,-4.277,-0.451,623054618.000
0.012,0.516,-0.039,-12.276,-4.212,-0.460,623054717.000
0.016,0.511,-0.032,-12.182,-4.212,-0.449,623054818.000
0.016,0.508,-0.034,-12.114,-4.195,-0.457,623054917.000
0.011,0.505,-0.032,-12.047,-4.136,-0.438,623055017.000
0.016,0.502,-0.036,-11.993,-4.153,-0.474,623055118.000
0.011,0.508,-0.039,-11.866,-4.087,-0.455,623055217.000
0.011,0.497,-0.034,-11.858,-4.045,-0.435,623055317.000
0.011,0.497,-0.041,-11.761,-4.021,-0.434,623055418.000
0.015,0.494,-0.034,-11.721,-4.045,-0.443,623055517.000
0.015,0.492,-0.029,-11.681,-4.028,-0.424,623055618.000
0.013,0.490,-0.036,-11.592,-3.991,-0.414,623055717.000
0.015,0.484,-0.036,-11.547,-3.954,-0.421,623055817.000
0.015,0.484,-0.038,-11.450,-3.961,-0.421,623055918.000
0.015,0.484,-0.033,-11.382,-3.920,-0.420,623056018.000
0.015,0.478,-0.036,-11.357,-3.903,-0.438,623056118.000
0.017,0.475,-0.031,-11.324,-3.899,-0.409,623056217.000
0.012,0.472,-0.028,-11.243,-3.816,-0.390,623056318.000
0.015,0.473,-0.031,-11.180,-3.812,-0.398,623056417.000
0.019,0.468,-0.031,-11.154,-3.837,-0.388,623056518.000
0.017,0.472,-0.038,-11.062,-3.800,-0.388,623056617.000
0.017,0.461,-0.038,-11.040,-3.799,-0.396,623056717.000
0.021,0.464,-0.038,-10.969,-3.776,-0.386,623056817.000
0.019,0.465,-0.035,-10.894,-3.754,-0.394,623056917.000
0.016,0.461,-0.038,-10.861,-3.725,-0.394,623057017.000
0.016,0.456,-0.030,-10.836,-3.675,-0.356,623057117.000
0.012,0.456,-0.038,-10.782,-3.650,-0.384,623057218.000
0.016,0.456,-0.030,-10.740,-3.650,-0.355,623057318.000
0.023,0.452,-0.035,-10.692,-3.680,-0.354,623057417.000
0.018,0.446,-0.038,-10.627,-3.613,-0.399,623057517.000
0.016,0.445,-0.038,-10.607,-3.600,-0.362,623057618.000
0.020,0.445,-0.035,-10.537,-3.617,-0.334,623057717.000
0.014,0.444,-0.038,-10.477,-3.538,-0.352,623057817.000
0.018,0.441,-0.037,-10.409,-3.563,-0.360,623057917.000
0.022,0.439,-0.040,-10.423,-3.572,-0.341,623058018.000
0.020,0.440,-0.037,-10.347,-3.502,-0.349,623058118.000
0.018,0.436,-0.035,-10.287,-3.504,-0.321,623058217.000
0.018,0.436,-0.032,-10.260,-3.472,-0.321,623058318.000
0.015,0.432,-0.037,-10.241,-3.451,-0.321,623058418.000
0.015,0.429,-0.037,-10.187,-3.426,-0.329,623058517.000
0.022,0.425,-0.037,-10.168,-3.439,-0.328,623058617.000
0.020,0.429,-0.035,-10.076,-3.418,-0.327,623058717.000
0.022,0.425,-0.037,-10.071,-3.414,-0.299,623058817.000
0.019,0.421,-0.035,-10.025,-3.393,-0.326,623058918.000
0.019,0.424,-0.037,-9.968,-3.400,-0.317,623059018.000
0.022,0.420,-0.042,-9.963,-3.381,-0.316,623059118.000
0.019,0.416,-0.035,-9.918,-3.343,-0.315,623059218.000
0.019,0.418,-0.039,-9.847,-3.359,-0.306,623059317.000
0.017,0.417,-0.037,-9.799,-3.313,-0.296,623059418.000
0.017,0.412,-0.032,-9.789,-3.272,-0.286,623059517.000
0.021,0.412,-0.039,-9.746,-3.273,-0.285,623059617.000
0.025,0.407,-0.039,-9.735,-3.274,-0.303,623059717.000
0.026,0.409,-0.044,-9.678,-3.315,-0.294,623059817.000
0.023,0.403,-0.037,-9.661,-3.252,-0.302,623059918.000
0.019,0.405,-0.037,-9.592,-3.226,-0.293,623060018.000
0.019,0.403,-0.032,-9.565,-3.233,-0.274,623060118.000
0.023,0.400,-0.037,-9.552,-3.178,-0.254,623060217.000
0.021,0.396,-0.039,-9.520,-3.198,-0.282,623060317.000
0.021,0.396,-0.037,-9.479,-3.189,-0.282,623060417.000
0.019,0.397,-0.034,-9.389,-3.143,-0.262,623060517.000
0.021,0.396,-0.034,-9.382,-3.131,-0.253,623060617.000
0.023,0.395,-0.034,-9.348,-3.168,-0.243,623060717.000
0.023,0.397,-0.034,-9.264,-3.143,-0.288,623060818.000
0.023,0.389,-0.044,-9.295,-3.103,-0.288,623060918.000
0.023,0.392,-0.041,-9.197,-3.070,-0.250,623061017.000
0.025,0.388,-0.039,-9.178,-3.122,-0.250,623061118.000
0.025,0.385,-0.039,-9.111,-3.073,-0.258,623061217.000
0.020,0.380,-0.034,-9.156,-3.007,-0.249,623061318.000
0.022,0.381,-0.036,-9.078,-3.027,-0.230,623061417.000
0.025,0.380,-0.039,-9.017,-3.048,-0.247,623061518.000
0.027,0.381,-0.039,-8.995,-3.036,-0.256,623061617.000
0.024,0.380,-0.041,-8.961,-2.983,-0.219,623061717.000
0.022,0.373,-0.041,-8.944,-2.970,-0.228,623061818.000
0.022,0.373,-0.048,-8.930,-2.946,-0.255,623061918.000
0.024,0.369,-0.048,-8.897,-2.958,-0.255,623062018.000
0.022,0.373,-0.036,-8.807,-2.952,-0.226,623062117.000
0.024,0.369,-0.041,-8.815,-2.908,-0.253,623062218.000
0.024,0.369,-0.039,-8.732,-2.923,-0.197,623062317.000
0.024,0.372,-0.041,-8.703,-2.883,-0.216,623062417.000
0.024,0.369,-0.043,-8.691,-2.867,-0.224,623062518.000
0.022,0.368,-0.048,-8.629,-2.846,-0.215,623062617.000
0.024,0.361,-0.046,-8.653,-2.850,-0.224,623062717.000
0.024,0.359,-0.043,-8.613,-2.865,-0.205,623062817.000
0.028,0.366,-0.043,-8.512,-2.842,-0.231,623062917.000
0.026,0.362,-0.041,-8.522,-2.821,-0.231,623063017.000
0.026,0.360,-0.043,-8.495,-2.829,-0.212,623063117.000
0.024,0.361,-0.043,-8.419,-2.791,-0.221,623063217.000
0.030,0.355,-0.043,-8.456,-2.781,-0.202,623063317.000
0.024,0.356,-0.043,-8.394,-2.742,-0.211,623063418.000
0.030,0.352,-0.045,-8.374,-2.788,-0.210,623063517.000
0.032,0.351,-0.048,-8.340,-2.760,-0.200,623063617.000
0.026,0.349,-0.043,-8.321,-2.705,-0.191,623063717.000
0.025,0.346,-0.036,-8.295,-2.680,-0.200,623063817.000
0.023,0.348,-0.036,-8.219,-2.691,-0.181,623063917.000
0.023,0.345,-0.043,-8.233,-2.643,-0.190,623064018.000
0.028,0.345,-0.043,-8.178,-2.668,-0.189,623064118.000
0.025,0.344,-0.048,-8.158,-2.671,-0.180,623064216.000
0.030,0.346,-0.040,-8.074,-2.671,-0.197,623064318.000
0.030,0.339,-0.043,-8.119,-2.655,-0.169,623064418.000
0.027,0.342,-0.040,-8.027,-2.585,-0.168,623064517.000
0.027,0.340,-0.043,-8.001,-2.593,-0.177,623064617.000
0.027,0.340,-0.043,-7.987,-2.569,-0.177,623064717.000
0.032,0.340,-0.043,-7.945,-2.618,-0.177,623064818.000
0.029,0.338,-0.047,-7.912,-2.597,-0.195,623064917.000
0.029,0.331,-0.043,-7.902,-2.532,-0.166,623065018.000
0.029,0.333,-0.038,-7.873,-2.539,-0.157,623065118.000
0.027,0.332,-0.043,-7.840,-2.518,-0.175,623065218.000
0.027,0.332,-0.048,-7.770,-2.510,-0.147,623065317.000
0.029,0.330,-0.042,-7.764,-2.530,-0.165,623065417.000
0.027,0.329,-0.045,-7.730,-2.477,-0.155,623065517.000
0.029,0.323,-0.042,-7.754,-2.481,-0.164,623065617.000
0.029,0.328,-0.040,-7.669,-2.497,-0.145,623065717.000
0.029,0.328,-0.045,-7.614,-2.464,-0.172,623065819.000
0.031,0.324,-0.047,-7.608,-2.461,-0.144,623065919.000
0.029,0.322,-0.042,-7.588,-2.431,-0.135,623066018.000
0.035,0.319,-0.037,-7.556,-2.452,-0.133,623066118.000
0.031,0.318,-0.045,-7.500,-2.427,-0.133,623066219.000
0.031,0.316,-0.042,-7.488,-2.394,-0.142,623066318.000
0.033,0.317,-0.045,-7.466,-2.415,-0.123,623066419.000
0.029,0.314,-0.042,-7.399,-2.405,-0.132,623066518.000
0.033,0.314,-0.047,-7.398,-2.398,-0.132,623066618.000
0.029,0.312,-0.047,-7.373,-2.348,-0.141,623066718.000
0.033,0.312,-0.042,-7.331,-2.381,-0.140,623066817.000
0.033,0.312,-0.042,-7.304,-2.332,-0.139,623066918.000
0.033,0.306,-0.037,-7.293,-2.339,-0.130,623067018.000
0.033,0.309,-0.042,-7.250,-2.307,-0.120,623067118.000
0.033,0.306,-0.045,-7.223,-2.315,-0.101,623067217.000
0.035,0.308,-0.047,-7.174,-2.287,-0.110,623067317.000
0.033,0.304,-0.047,-7.169,-2.323,-0.110,623067418.000
0.030,0.308,-0.044,-7.105,-2.253,-0.082,623067517.000
0.032,0.299,-0.044,-7.158,-2.266,-0.100,623067619.000
0.032,0.306,-0.047,-7.058,-2.249,-0.127,623067718.000
0.032,0.301,-0.037,-7.074,-2.240,-0.090,623067818.000
0.035,0.300,-0.042,-7.013,-2.244,-0.108,623067918.000
0.028,0.298,-0.042,-6.993,-2.206,-0.099,623068018.000
0.030,0.300,-0.049,-6.944,-2.195,-0.107,623068118.000
0.030,0.292,-0.044,-6.962,-2.178,-0.079,623068219.000
0.037,0.296,-0.047,-6.883,-2.200,-0.106,623068317.000
0.041,0.291,-0.047,-6.885,-2.225,-0.096,623068418.000
0.032,0.288,-0.047,-6.860,-2.149,-0.078,623068518.000
0.034,0.294,-0.049,-6.780,-2.170,-0.096,623068618.000
0.034,0.287,-0.044,-6.798,-2.153,-0.068,623068718.000
0.032,0.288,-0.044,-6.750,-2.116,-0.077,623068818.000
0.034,0.286,-0.044,-6.730,-2.128,-0.094,623068918.000
0.032,0.282,-0.039,-6.712,-2.074,-0.094,623069017.000
0.036,0.283,-0.051,-6.682,-2.117,-0.066,623069118.000
0.034,0.278,-0.046,-6.664,-2.063,-0.093,623069217.000
0.034,0.281,-0.046,-6.649,-2.063,-0.084,623069317.000
0.032,0.280,-0.039,-6.602,-2.049,-0.074,623069418.000
0.034,0.278,-0.049,-6.581,-2.046,-0.065,623069518.000
0.032,0.280,-0.046,-6.533,-2.025,-0.074,623069617.000
0.036,0.277,-0.044,-6.506,-2.041,-0.082,623069718.000
0.034,0.276,-0.044,-6.500,-2.004,-0.073,623069817.000
0.034,0.276,-0.039,-6.459,-2.011,-0.072,623069917.000
0.034,0.273,-0.044,-6.460,-2.004,-0.054,623070017.000
0.036,0.274,-0.051,-6.383,-1.992,-0.062,623070117.000
0.034,0.270,-0.046,-6.379,-1.962,-0.089,623070217.000
0.036,0.267,-0.044,-6.401,-1.991,-0.062,623070318.000
0.033,0.273,-0.044,-6.294,-1.954,-0.052,623070417.000
0.036,0.269,-0.046,-6.289,-1.950,-0.051,623070517.000
0.038,0.265,-0.049,-6.284,-1.947,-0.051,623070617.000
0.038,0.263,-0.046,-6.285,-1.938,-0.032,623070717.000
0.040,0.266,-0.046,-6.221,-1.926,-0.031,623070817.000
0.035,0.264,-0.048,-6.195,-1.909,-0.041,623070917.000
0.038,0.262,-0.048,-6.134,-1.897,-0.058,623071017.000
0.033,0.262,-0.048,-6.134,-1.871,-0.059,623071117.000
0.031,0.258,-0.044,-6.130,-1.842,-0.031,623071218.000
0.033,0.260,-0.051,-6.093,-1.855,-0.012,623071317.000
0.037,0.257,-0.046,-6.067,-1.839,-0.020,623071418.000
0.037,0.260,-0.048,-6.024,-1.871,-0.038,623071517.000
0.037,0.257,-0.048,-5.998,-1.846,-0.047,623071617.000
0.033,0.252,-0.046,-6.002,-1.788,-0.038,623071717.000
0.037,0.252,-0.038,-5.974,-1.813,-0.009,623071817.000
0.037,0.247,-0.046,-5.935,-1.789,-0.027,623071918.000
0.037,0.249,-0.046,-5.920,-1.788,-0.046,623072017.000
0.039,0.250,-0.046,-5.912,-1.801,-0.027,623072118.000
0.037,0.246,-0.051,-5.879,-1.756,-0.026,623072217.000
0.037,0.249,-0.046,-5.837,-1.739,-0.017,623072318.000
0.037,0.246,-0.051,-5.796,-1.755,-0.026,623072417.000
0.035,0.248,-0.053,-5.761,-1.727,-0.007,623072517.000
0.037,0.241,-0.056,-5.771,-1.723,-0.016,623072617.000
0.039,0.242,-0.053,-5.708,-1.703,0.004,623072718.000
0.039,0.242,-0.051,-5.681,-1.718,0.004,623072817.000
0.037,0.239,-0.048,-5.662,-1.697,0.004,623072918.000
0.032,0.241,-0.048,-5.620,-1.671,-0.015,623073017.000
0.035,0.240,-0.048,-5.614,-1.660,-0.005,623073118.000
0.037,0.236,-0.053,-5.595,-1.664,-0.032,623073217.000
0.039,0.237,-0.053,-5.559,-1.677,-0.013,623073318.000
0.034,0.237,-0.048,-5.519,-1.610,-0.013,623073417.000
0.039,0.234,-0.053,-5.519,-1.628,0.006,623073517.000
0.037,0.231,-0.050,-5.501,-1.606,0.006,623073618.000
0.039,0.232,-0.048,-5.452,-1.610,-0.002,623073717.000
0.041,0.228,-0.043,-5.447,-1.606,0.026,623073818.000
0.043,0.232,-0.048,-5.382,-1.611,-0.001,623073917.000
0.041,0.230,-0.050,-5.376,-1.606,0.008,623074018.000
0.041,0.230,-0.053,-5.348,-1.590,0.008,623074118.000
0.036,0.228,-0.048,-5.323,-1.572,0.027,623074217.000
0.038,0.226,-0.043,-5.276,-1.567,0.009,623074317.000
0.038,0.226,-0.053,-5.247,-1.552,0.009,623074417.000
0.041,0.228,-0.057,-5.239,-1.533,0.001,623074517.000
0.036,0.220,-0.053,-5.244,-1.466,0.001,623074617.000
0.038,0.221,-0.048,-5.181,-1.510,0.020,623074718.000
0.043,0.219,-0.050,-5.168,-1.519,0.039,623074818.000
0.036,0.217,-0.045,-5.135,-1.489,0.048,623074917.000
0.040,0.220,-0.047,-5.092,-1.498,0.030,623075018.000
0.036,0.222,-0.047,-5.063,-1.448,0.039,623075117.000
0.036,0.220,-0.050,-5.037,-1.456,0.030,623075218.000
0.038,0.213,-0.052,-5.033,-1.428,0.050,623075317.000
0.040,0.214,-0.052,-4.984,-1.465,0.041,623075418.000
0.042,0.216,-0.055,-4.976,-1.461,0.032,623075518.000
0.040,0.209,-0.050,-4.945,-1.456,0.051,623075617.000
0.042,0.213,-0.057,-4.908,-1.445,0.051,623075718.000
0.042,0.208,-0.047,-4.898,-1.387,0.034,623075818.000
0.040,0.209,-0.052,-4.890,-1.391,0.052,623075917.000
0.042,0.208,-0.052,-4.856,-1.427,0.034,623076018.000
0.040,0.209,-0.052,-4.807,-1.390,0.053,623076118.000
0.044,0.204,-0.052,-4.823,-1.391,0.063,623076218.000
0.040,0.206,-0.057,-4.794,-1.358,0.044,623076318.000
0.038,0.202,-0.050,-4.776,-1.320,0.072,623076418.000
0.040,0.198,-0.052,-4.730,-1.340,0.045,623076517.000
0.042,0.205,-0.052,-4.664,-1.352,0.055,623076617.000
0.044,0.204,-0.052,-4.658,-1.341,0.037,623076717.000
0.042,0.200,-0.045,-4.667,-1.303,0.064,623076817.000
0.040,0.196,-0.050,-4.648,-1.282,0.065,623076918.000
0.042,0.197,-0.052,-4.571,-1.303,0.084,623077018.000
0.040,0.193,-0.057,-4.622,-1.258,0.056,623077118.000
0.042,0.202,-0.052,-4.513,-1.302,0.075,623077217.000
0.039,0.193,-0.052,-4.539,-1.241,0.084,623077317.000
0.044,0.196,-0.049,-4.482,-1.258,0.067,623077418.000
0.042,0.189,-0.052,-4.493,-1.229,0.058,623077517.000
0.044,0.190,-0.052,-4.471,-1.217,0.077,623077617.000
0.039,0.190,-0.052,-4.416,-1.191,0.104,623077717.000
0.042,0.189,-0.054,-4.409,-1.212,0.086,623077817.000
0.044,0.185,-0.052,-4.418,-1.216,0.087,623077918.000
0.046,0.189,-0.049,-4.327,-1.220,0.088,623078018.000
0.041,0.184,-0.052,-4.330,-1.178,0.069,623078118.000
0.046,0.186,-0.054,-4.314,-1.188,0.079,623078218.000
0.043,0.182,-0.049,-4.268,-1.134,0.080,623078318.000
0.043,0.182,-0.047,-4.240,-1.149,0.107,623078417.000
0.046,0.186,-0.049,-4.162,-1.146,0.108,623078517.000
0.043,0.180,-0.052,-4.214,-1.141,0.126,623078617.000
0.045,0.178,-0.049,-4.180,-1.145,0.081,623078717.000
0.043,0.180,-0.044,-4.118,-1.115,0.100,623078817.000
0.043,0.180,-0.047,-4.104,-1.124,0.100,623078917.000
0.043,0.177,-0.054,-4.091,-1.076,0.091,623079017.000
0.039,0.180,-0.052,-4.090,-1.042,0.100,623079117.000
0.043,0.174,-0.056,-4.051,-1.059,0.110,623079217.000
0.045,0.176,-0.051,-4.029,-1.031,0.101,623079318.000
0.043,0.177,-0.051,-3.981,-1.042,0.092,623079417.000
0.043,0.174,-0.051,-3.941,-1.041,0.111,623079517.000
0.043,0.172,-0.049,-3.929,-1.009,0.102,623079617.000
0.041,0.170,-0.054,-3.922,-0.988,0.112,623079717.000
0.043,0.172,-0.046,-3.887,-1.000,0.103,623079817.000
0.041,0.165,-0.054,-3.897,-0.988,0.121,623079918.000
0.045,0.170,-0.051,-3.825,-1.004,0.113,623080018.000
0.045,0.170,-0.056,-3.811,-0.997,0.141,623080118.000
0.045,0.165,-0.056,-3.828,-0.972,0.095,623080217.000
0.045,0.165,-0.061,-3.786,-0.964,0.123,623080318.000
0.043,0.164,-0.054,-3.739,-0.950,0.132,623080418.000
0.045,0.162,-0.056,-3.719,-0.947,0.115,623080517.000
0.047,0.161,-0.054,-3.712,-0.951,0.124,623080618.000
0.045,0.162,-0.051,-3.664,-0.930,0.115,623080717.000
0.045,0.157,-0.056,-3.666,-0.898,0.125,623080817.000
0.045,0.160,-0.049,-3.623,-0.897,0.162,623080917.000
0.045,0.162,-0.049,-3.595,-0.872,0.144,623081018.000
0.047,0.150,-0.053,-3.607,-0.901,0.117,623081117.000
0.040,0.157,-0.056,-3.556,-0.823,0.153,623081217.000
0.047,0.158,-0.051,-3.534,-0.868,0.173,623081317.000
0.044,0.152,-0.051,-3.517,-0.855,0.136,623081417.000
0.044,0.154,-0.053,-3.474,-0.839,0.146,623081518.000
0.047,0.150,-0.053,-3.483,-0.827,0.146,623081618.000
0.042,0.150,-0.058,-3.442,-0.794,0.146,623081717.000
0.047,0.148,-0.051,-3.416,-0.842,0.138,623081818.000
0.049,0.149,-0.046,-3.366,-0.814,0.157,623081918.000
0.046,0.150,-0.048,-3.373,-0.810,0.175,623082017.000
0.042,0.148,-0.048,-3.361,-0.784,0.166,623082118.000
0.044,0.149,-0.051,-3.298,-0.780,0.157,623082218.000
0.049,0.146,-0.053,-3.285,-0.789,0.149,623082318.000
0.042,0.147,-0.046,-3.237,-0.726,0.167,623082417.000
0.051,0.140,-0.056,-3.267,-0.786,0.168,623082518.000
0.048,0.144,-0.056,-3.217,-0.773,0.168,623082617.000
0.046,0.140,-0.056,-3.171,-0.735,0.168,623082718.000
0.046,0.140,-0.048,-3.157,-0.710,0.196,623082817.000
0.048,0.141,-0.048,-3.149,-0.723,0.187,623082918.000
0.046,0.140,-0.056,-3.115,-0.686,0.169,623083018.000
0.048,0.138,-0.060,-3.095,-0.715,0.151,623083118.000
0.050,0.140,-0.053,-3.046,-0.702,0.170,623083218.000
0.053,0.133,-0.055,-3.042,-0.723,0.189,623083318.000
0.048,0.136,-0.058,-3.000,-0.681,0.171,623083419.000
0.046,0.132,-0.053,-3.023,-0.652,0.198,623083519.000
0.046,0.134,-0.050,-2.939,-0.643,0.181,623083618.000
0.046,0.129,-0.053,-2.942,-0.627,0.190,623083718.000
0.046,0.134,-0.050,-2.898,-0.618,0.181,623083818.000
0.048,0.128,-0.053,-2.908,-0.615,0.173,623083919.000
0.046,0.129,-0.050,-2.887,-0.594,0.191,623084018.000
0.046,0.129,-0.055,-2.831,-0.610,0.191,623084118.000
0.050,0.126,-0.060,-2.845,-0.604,0.183,623084218.000
0.048,0.122,-0.055,-2.827,-0.550,0.211,623084319.000
0.050,0.124,-0.055,-2.778,-0.586,0.202,623084418.000
0.046,0.118,-0.055,-2.781,-0.560,0.183,623084519.000
0.048,0.120,-0.053,-2.760,-0.565,0.202,623084618.000
0.050,0.121,-0.055,-2.697,-0.561,0.194,623084718.000
0.048,0.125,-0.050,-2.661,-0.556,0.194,623084818.000
0.045,0.118,-0.055,-2.657,-0.535,0.185,623084918.000
0.050,0.116,-0.060,-2.644,-0.528,0.204,623085019.000
0.050,0.116,-0.055,-2.630,-0.536,0.232,623085118.000
0.048,0.122,-0.053,-2.551,-0.514,0.214,623085219.000
0.047,0.114,-0.055,-2.583,-0.474,0.214,623085319.000
0.047,0.112,-0.055,-2.571,-0.474,0.205,623085418.000
0.050,0.116,-0.053,-2.561,-0.478,0.233,623085519.000
0.047,0.112,-0.058,-2.515,-0.457,0.233,623085618.000
0.050,0.110,-0.052,-2.481,-0.477,0.215,623085719.000
0.052,0.112,-0.055,-2.445,-0.474,0.234,623085818.000
0.049,0.110,-0.062,-2.440,-0.437,0.188,623085918.000
0.052,0.109,-0.060,-2.405,-0.441,0.226,623086018.000
0.052,0.109,-0.055,-2.378,-0.425,0.226,623086119.000
0.049,0.105,-0.057,-2.387,-0.420,0.226,623086218.000
0.052,0.106,-0.057,-2.351,-0.433,0.245,623086318.000
0.047,0.106,-0.057,-2.324,-0.407,0.245,623086418.000
0.051,0.101,-0.062,-2.340,-0.424,0.227,623086519.000
0.051,0.101,-0.047,-2.300,-0.399,0.255,623086618.000
0.049,0.100,-0.057,-2.279,-0.370,0.237,623086718.000
0.054,0.100,-0.055,-2.251,-0.411,0.237,623086819.000
0.049,0.105,-0.057,-2.207,-0.394,0.255,623086918.000
0.047,0.098,-0.057,-2.204,-0.357,0.247,623087019.000
0.049,0.102,-0.055,-2.154,-0.337,0.247,623087119.000
0.051,0.098,-0.060,-2.162,-0.342,0.248,623087218.000
0.051,0.096,-0.055,-2.136,-0.349,0.266,623087318.000
0.049,0.097,-0.057,-2.129,-0.320,0.229,623087418.000
0.051,0.096,-0.052,-2.109,-0.316,0.239,623087518.000
0.053,0.092,-0.052,-2.104,-0.328,0.240,623087618.000
0.053,0.094,-0.060,-2.074,-0.305,0.249,623087719.000
0.053,0.094,-0.064,-2.033,-0.297,0.222,623087819.000
0.047,0.090,-0.060,-2.015,-0.266,0.249,623087918.000
0.049,0.089,-0.057,-2.009,-0.270,0.259,623088018.000
0.051,0.088,-0.062,-2.002,-0.275,0.241,623088118.000
0.053,0.089,-0.059,-1.939,-0.303,0.260,623088219.000
0.051,0.090,-0.059,-1.946,-0.266,0.250,623088318.000
0.046,0.082,-0.057,-1.950,-0.184,0.251,623088418.000
0.051,0.085,-0.059,-1.907,-0.241,0.260,623088519.000
0.051,0.085,-0.057,-1.894,-0.233,0.233,623088618.000
0.049,0.084,-0.059,-1.873,-0.253,0.270,623088719.000
0.051,0.085,-0.054,-1.838,-0.200,0.261,623088818.000
0.053,0.084,-0.057,-1.804,-0.221,0.271,623088919.000
0.051,0.082,-0.057,-1.784,-0.208,0.253,623089018.000
0.051,0.080,-0.059,-1.771,-0.191,0.272,623089118.000
0.051,0.082,-0.054,-1.715,-0.199,0.281,623089219.000
0.048,0.076,-0.054,-1.712,-0.161,0.272,623089319.000
0.055,0.082,-0.052,-1.673,-0.215,0.282,623089418.000
0.051,0.077,-0.052,-1.649,-0.189,0.291,623089518.000
0.053,0.078,-0.059,-1.668,-0.155,0.282,623089618.000
0.051,0.080,-0.054,-1.606,-0.173,0.301,623089718.000
0.053,0.076,-0.054,-1.628,-0.138,0.301,623089819.000
0.050,0.077,-0.052,-1.594,-0.092,0.292,623089918.000
0.053,0.076,-0.054,-1.574,-0.137,0.274,623090018.000
0.050,0.072,-0.057,-1.569,-0.108,0.274,623090118.000
0.053,0.073,-0.057,-1.506,-0.120,0.293,623090219.000
0.050,0.069,-0.052,-1.529,-0.091,0.293,623090318.000
0.050,0.069,-0.054,-1.487,-0.099,0.294,623090418.000
0.052,0.068,-0.062,-1.480,-0.088,0.303,623090519.000
0.050,0.066,-0.064,-1.460,-0.059,0.285,623090619.000
0.055,0.066,-0.057,-1.460,-0.084,0.313,623090717.000
0.052,0.068,-0.054,-1.426,-0.087,0.304,623090819.000
0.052,0.068,-0.057,-1.397,-0.071,0.332,623090918.000
0.057,0.068,-0.061,-1.369,-0.064,0.305,623091019.000
0.052,0.065,-0.059,-1.371,-0.030,0.296,623091118.000
0.057,0.063,-0.061,-1.372,-0.064,0.315,623091219.000
0.054,0.066,-0.061,-1.308,-0.026,0.315,623091319.000
0.054,0.064,-0.059,-1.323,-0.042,0.306,623091418.000
0.052,0.062,-0.066,-1.275,0.019,0.315,623091519.000
0.050,0.056,-0.059,-1.273,0.009,0.306,623091618.000
0.052,0.062,-0.059,-1.221,0.020,0.316,623091718.000
0.056,0.060,-0.061,-1.194,-0.013,0.307,623091818.000
0.052,0.060,-0.064,-1.194,0.028,0.307,623091918.000
0.054,0.061,-0.056,-1.145,0.041,0.326,623092019.000
0.050,0.058,-0.061,-1.147,0.026,0.316,623092118.000
0.050,0.056,-0.059,-1.135,0.058,0.335,623092218.000
0.052,0.057,-0.054,-1.114,0.038,0.326,623092318.000
0.054,0.053,-0.056,-1.108,0.042,0.327,623092418.000
0.052,0.057,-0.056,-1.086,0.054,0.327,623092517.000
0.054,0.053,-0.059,-1.053,0.058,0.328,623092617.000
0.054,0.050,-0.056,-1.068,0.091,0.319,623092717.000
0.054,0.053,-0.064,-1.025,0.090,0.328,623092818.000
0.054,0.048,-0.056,-1.028,0.091,0.338,623092917.000
0.047,0.049,-0.064,-1.007,0.153,0.328,623093018.000
0.054,0.048,-0.066,-0.972,0.107,0.310,623093117.000
0.054,0.050,-0.056,-0.930,0.092,0.320,623093217.000
0.054,0.045,-0.054,-0.947,0.149,0.357,623093317.000
0.056,0.049,-0.058,-0.910,0.095,0.330,623093419.000
0.054,0.048,-0.059,-0.904,0.133,0.339,623093518.000
0.054,0.042,-0.063,-0.893,0.141,0.321,623093618.000
0.054,0.045,-0.059,-0.877,0.157,0.358,623093717.000
0.056,0.039,-0.056,-0.874,0.153,0.349,623093818.000
0.056,0.041,-0.063,-0.844,0.177,0.331,623093919.000
0.056,0.044,-0.061,-0.802,0.161,0.341,623094018.000
0.058,0.042,-0.061,-0.795,0.173,0.350,623094117.000
0.054,0.040,-0.063,-0.783,0.166,0.341,623094217.000
0.053,0.042,-0.056,-0.741,0.215,0.351,623094318.000
0.056,0.038,-0.058,-0.736,0.219,0.351,623094417.000
0.054,0.040,-0.068,-0.728,0.198,0.341,623094517.000
0.056,0.036,-0.058,-0.723,0.219,0.342,623094618.000
0.058,0.032,-0.058,-0.745,0.206,0.370,623094717.000
0.056,0.038,-0.061,-0.666,0.211,0.379,623094818.000
0.053,0.037,-0.063,-0.646,0.240,0.361,623094917.000
0.055,0.033,-0.063,-0.655,0.252,0.361,623095017.000
0.058,0.032,-0.058,-0.677,0.231,0.343,623095118.000
0.055,0.030,-0.061,-0.629,0.260,0.353,623095217.000
0.055,0.033,-0.056,-0.587,0.277,0.362,623095317.000
0.055,0.030,-0.066,-0.588,0.269,0.325,623095418.000
0.055,0.030,-0.063,-0.588,0.301,0.353,623095518.000
0.055,0.028,-0.063,-0.562,0.277,0.344,623095618.000
0.055,0.030,-0.063,-0.546,0.277,0.354,623095717.000
0.053,0.026,-0.063,-0.527,0.314,0.382,623095818.000
0.055,0.025,-0.061,-0.521,0.310,0.364,623095917.000
0.057,0.026,-0.063,-0.499,0.289,0.382,623096018.000
0.057,0.029,-0.061,-0.471,0.298,0.364,623096118.000
0.057,0.026,-0.068,-0.458,0.297,0.355,623096217.000
0.053,0.024,-0.065,-0.446,0.356,0.346,623096317.000
0.057,0.021,-0.063,-0.447,0.339,0.365,623096417.000
0.051,0.028,-0.056,-0.383,0.378,0.374,623096517.000
0.055,0.020,-0.061,-0.400,0.336,0.374,623096617.000
0.055,0.022,-0.061,-0.371,0.360,0.384,623096718.000
0.057,0.019,-0.058,-0.380,0.356,0.384,623096817.000
0.053,0.024,-0.058,-0.309,0.358,0.375,623096918.000
0.057,0.024,-0.063,-0.307,0.364,0.403,623097017.000
0.057,0.021,-0.065,-0.295,0.380,0.366,623097117.000
0.055,0.020,-0.063,-0.262,0.402,0.376,623097217.000
0.053,0.016,-0.068,-0.298,0.422,0.403,623097318.000
0.059,0.020,-0.063,-0.247,0.352,0.376,623097417.000
0.059,0.020,-0.055,-0.234,0.377,0.377,623097517.000
0.057,0.021,-0.063,-0.198,0.389,0.395,623097617.000
0.057,0.016,-0.063,-0.202,0.390,0.377,623097718.000
0.055,0.014,-0.058,-0.196,0.444,0.386,623097818.000
0.057,0.016,-0.060,-0.174,0.423,0.405,623097917.000
0.057,0.016,-0.063,-0.160,0.414,0.377,623098017.000
0.057,0.013,-0.058,-0.148,0.431,0.396,623098117.000
0.061,0.013,-0.060,-0.147,0.422,0.397,623098217.000
0.059,0.009,-0.063,-0.156,0.426,0.397,623098317.000
0.055,0.009,-0.063,-0.129,0.452,0.396,623098417.000
0.057,0.010,-0.060,-0.053,0.448,0.388,623098518.000
0.057,0.010,-0.065,-0.080,0.480,0.388,623098617.000
0.057,0.010,-0.068,-0.066,0.472,0.388,623098717.000
0.059,0.009,-0.065,-0.059,0.467,0.398,623098818.000
0.057,0.010,-0.063,-0.011,0.489,0.389,623098917.000
0.059,0.009,-0.058,-0.005,0.469,0.398,623099017.000
0.054,0.006,-0.058,-0.006,0.518,0.417,623099118.000
0.057,0.005,-0.068,0.001,0.497,0.398,623099217.000
0.057,0.008,-0.065,0.070,0.530,0.381,623099317.000
0.057,0.008,-0.065,0.070,0.530,0.381,623099417.000
0.054,0.006,-0.063,0.077,0.551,0.417,623099517.000
0.061,0.002,-0.060,0.082,0.497,0.418,623099617.000
0.061,0.005,-0.065,0.098,0.529,0.400,623099718.000
0.061,-0.000,-0.063,0.095,0.513,0.409,623099818.000
0.057,0.002,-0.065,0.110,0.555,0.418,623099917.000
0.059,0.001,-0.062,0.129,0.526,0.400,623100017.000
0.059,0.004,-0.058,0.172,0.543,0.437,623100117.000
0.061,0.002,-0.065,0.165,0.530,0.419,623100218.000
0.059,-0.002,-0.062,0.184,0.551,0.419,623100317.000
0.056,0.002,-0.060,0.220,0.572,0.447,623100418.000
0.059,0.001,-0.065,0.240,0.592,0.429,623100517.000
0.061,-0.003,-0.067,0.218,0.547,0.402,623100617.000
0.056,-0.003,-0.065,0.259,0.629,0.430,623100717.000
0.056,-0.003,-0.060,0.245,0.621,0.429,623100819.000
0.058,-0.004,-0.057,0.264,0.593,0.411,623100919.000
0.061,-0.003,-0.065,0.301,0.580,0.430,623101018.000
0.056,-0.006,-0.065,0.312,0.654,0.421,623101119.000
0.058,-0.002,-0.062,0.336,0.625,0.449,623101219.000
0.056,-0.006,-0.067,0.326,0.646,0.421,623101319.000
0.058,-0.004,-0.065,0.348,0.642,0.440,623101419.000
0.058,-0.007,-0.065,0.388,0.642,0.431,623101519.000
0.058,-0.004,-0.060,0.389,0.634,0.440,623101618.000
0.058,-0.012,-0.067,0.344,0.634,0.413,623101718.000
0.060,-0.011,-0.060,0.393,0.646,0.432,623101818.000
0.060,-0.008,-0.062,0.422,0.638,0.441,623101919.000
0.058,-0.012,-0.072,0.413,0.691,0.414,623102018.000
0.058,-0.012,-0.065,0.427,0.667,0.441,623102118.000
0.058,-0.010,-0.065,0.456,0.692,0.423,623102219.000
0.056,-0.014,-0.067,0.446,0.696,0.423,623102319.000
0.056,-0.014,-0.070,0.474,0.712,0.423,623102419.000
0.060,-0.014,-0.072,0.475,0.703,0.424,623102518.000
0.062,-0.012,-0.060,0.510,0.708,0.443,623102618.000
0.058,-0.012,-0.067,0.538,0.732,0.470,623102719.000
0.058,-0.012,-0.067,0.565,0.733,0.443,623102819.000
0.058,-0.020,-0.065,0.533,0.741,0.471,623102918.000
0.058,-0.015,-0.062,0.535,0.725,0.434,623103018.000
0.058,-0.018,-0.065,0.590,0.717,0.453,623103119.000
0.060,-0.014,-0.067,0.613,0.721,0.425,623103218.000
0.056,-0.019,-0.062,0.582,0.763,0.462,623103319.000
0.062,-0.020,-0.065,0.603,0.741,0.472,623103419.000
0.060,-0.019,-0.067,0.638,0.721,0.463,623103518.000
0.056,-0.022,-0.065,0.622,0.779,0.453,623103619.000
0.058,-0.020,-0.067,0.630,0.734,0.444,623103718.000
0.058,-0.023,-0.065,0.642,0.767,0.463,623103818.000
0.060,-0.017,-0.067,0.736,0.770,0.445,623103918.000
0.060,-0.014,-0.062,0.737,0.763,0.454,623104018.000
0.060,-0.022,-0.067,0.733,0.771,0.482,623104118.000
0.060,-0.024,-0.062,0.731,0.763,0.473,623104218.000
0.058,-0.026,-0.067,0.738,0.784,0.455,623104318.000
0.060,-0.024,-0.067,0.759,0.795,0.474,623104418.000
0.064,-0.027,-0.069,0.773,0.786,0.465,623104519.000
0.060,-0.030,-0.062,0.784,0.813,0.456,623104619.000
0.056,-0.024,-0.067,0.814,0.821,0.474,623104718.000
0.056,-0.027,-0.069,0.827,0.838,0.465,623104819.000
0.060,-0.027,-0.067,0.841,0.820,0.466,623104919.000
0.055,-0.027,-0.062,0.854,0.838,0.465,623105018.000
0.060,-0.027,-0.069,0.882,0.813,0.466,623105119.000
0.060,-0.027,-0.059,0.882,0.846,0.466,623105218.000
0.060,-0.030,-0.064,0.881,0.854,0.485,623105318.000
0.058,-0.028,-0.062,0.888,0.850,0.475,623105419.000
0.058,-0.031,-0.064,0.928,0.867,0.494,623105518.000
0.055,-0.032,-0.064,0.920,0.880,0.476,623105619.000
0.060,-0.030,-0.067,0.963,0.870,0.458,623105718.000
0.060,-0.032,-0.064,0.962,0.879,0.477,623105819.000
0.060,-0.032,-0.069,1.004,0.887,0.477,623105918.000
0.059,-0.035,-0.064,1.002,0.928,0.468,623106018.000
0.060,-0.032,-0.069,1.031,0.887,0.477,623106119.000
0.060,-0.038,-0.069,1.029,0.887,0.487,623106218.000
0.057,-0.031,-0.062,1.066,0.949,0.468,623106318.000
0.060,-0.032,-0.064,1.086,0.904,0.478,623106418.000
0.057,-0.036,-0.072,1.091,0.916,0.478,623106519.000
0.060,-0.040,-0.069,1.110,0.912,0.478,623106618.000
0.062,-0.036,-0.064,1.106,0.916,0.506,623106718.000
0.057,-0.039,-0.072,1.131,0.966,0.469,623106818.000
0.059,-0.035,-0.062,1.140,0.913,0.497,623106919.000
0.059,-0.040,-0.069,1.151,0.937,0.479,623107019.000
0.059,-0.040,-0.059,1.179,0.971,0.507,623107118.000
0.057,-0.037,-0.071,1.216,0.990,0.479,623107218.000
0.062,-0.042,-0.069,1.199,0.925,0.489,623107318.000
0.059,-0.045,-0.062,1.204,0.938,0.517,623107419.000
0.061,-0.047,-0.072,1.211,0.965,0.499,623107518.000
0.061,-0.047,-0.064,1.224,0.991,0.499,623107618.000
0.057,-0.039,-0.071,1.283,0.991,0.499,623107719.000
0.057,-0.042,-0.069,1.295,1.024,0.490,623107818.000
0.061,-0.039,-0.071,1.325,0.990,0.499,623107919.000
0.059,-0.043,-0.062,1.316,1.012,0.527,623108018.000
0.057,-0.047,-0.066,1.320,1.009,0.499,623108119.000
0.057,-0.047,-0.064,1.334,1.017,0.500,623108219.000
0.057,-0.050,-0.071,1.305,1.040,0.490,623108319.000
0.061,-0.044,-0.066,1.377,1.008,0.510,623108419.000
0.059,-0.046,-0.071,1.369,1.004,0.463,623108518.000
0.061,-0.052,-0.071,1.360,1.040,0.510,623108619.000
0.059,-0.048,-0.069,1.396,1.061,0.482,623108719.000
0.061,-0.047,-0.069,1.431,1.049,0.501,623108819.000
0.057,-0.047,-0.074,1.417,1.082,0.501,623108918.000
0.061,-0.050,-0.071,1.444,1.016,0.520,623109018.000
0.061,-0.052,-0.074,1.415,1.056,0.483,623109118.000
0.059,-0.048,-0.069,1.479,1.062,0.511,623109219.000
0.059,-0.051,-0.066,1.463,1.094,0.502,623109319.000
0.063,-0.051,-0.066,1.491,1.069,0.502,623109418.000
0.057,-0.055,-0.069,1.455,1.099,0.529,623109518.000
0.063,-0.054,-0.066,1.477,1.069,0.521,623109618.000
0.059,-0.051,-0.071,1.505,1.102,0.502,623109719.000
0.057,-0.052,-0.066,1.538,1.108,0.512,623109818.000
0.059,-0.054,-0.066,1.545,1.120,0.521,623109919.000
0.059,-0.056,-0.069,1.530,1.136,0.485,623110019.000
0.061,-0.052,-0.066,1.553,1.107,0.540,623110118.000
0.059,-0.051,-0.066,1.588,1.120,0.531,623110218.000
0.061,-0.053,-0.069,1.608,1.123,0.513,623110318.000
0.059,-0.054,-0.069,1.587,1.160,0.522,623110418.000
0.061,-0.060,-0.071,1.549,1.115,0.513,623110518.000
0.061,-0.058,-0.074,1.592,1.131,0.495,623110618.000
0.059,-0.056,-0.069,1.599,1.160,0.541,623110719.000
0.059,-0.054,-0.076,1.642,1.160,0.495,623110818.000
0.061,-0.055,-0.066,1.621,1.156,0.532,623110918.000
0.059,-0.059,-0.066,1.625,1.169,0.532,623111019.000
0.061,-0.058,-0.071,1.647,1.164,0.523,623111118.000
0.061,-0.063,-0.064,1.616,1.165,0.532,623111219.000
0.056,-0.058,-0.064,1.646,1.190,0.523,623111318.000
0.065,-0.055,-0.074,1.704,1.131,0.533,623111418.000
0.059,-0.064,-0.069,1.650,1.186,0.514,623111519.000
0.061,-0.063,-0.069,1.658,1.173,0.505,623111618.000
0.061,-0.063,-0.071,1.699,1.165,0.505,623111718.000
0.061,-0.058,-0.071,1.716,1.189,0.524,623111818.000
0.065,-0.060,-0.071,1.729,1.164,0.515,623111918.000
0.063,-0.067,-0.069,1.690,1.161,0.506,623112018.000
0.061,-0.063,-0.071,1.727,1.214,0.534,623112118.000
0.065,-0.063,-0.078,1.742,1.163,0.534,623112218.000
0.063,-0.059,-0.064,1.763,1.178,0.534,623112318.000
0.061,-0.066,-0.061,1.766,1.199,0.525,623112419.000
0.061,-0.063,-0.066,1.754,1.231,0.534,623112519.000
0.063,-0.067,-0.073,1.746,1.193,0.506,623112618.000
0.063,-0.064,-0.074,1.762,1.193,0.543,623112719.000
0.063,-0.067,-0.073,1.760,1.217,0.534,623112819.000
0.065,-0.063,-0.068,1.810,1.222,0.535,623112919.000
0.065,-0.063,-0.066,1.824,1.181,0.562,623113019.000
0.063,-0.062,-0.068,1.846,1.235,0.553,623113119.000
0.063,-0.064,-0.068,1.844,1.210,0.544,623113219.000
0.058,-0.070,-0.068,1.813,1.284,0.526,623113319.000
0.063,-0.064,-0.066,1.830,1.219,0.544,623113418.000
0.063,-0.067,-0.068,1.815,1.235,0.535,623113519.000
0.063,-0.067,-0.068,1.870,1.235,0.535,623113618.000
0.063,-0.067,-0.071,1.843,1.251,0.535,623113719.000
0.060,-0.068,-0.066,1.876,1.256,0.572,623113818.000
0.063,-0.070,-0.066,1.855,1.268,0.554,623113918.000
0.060,-0.071,-0.066,1.847,1.280,0.563,623114019.000
0.060,-0.068,-0.071,1.890,1.264,0.545,623114118.000
0.065,-0.068,-0.068,1.918,1.271,0.546,623114218.000
0.065,-0.074,-0.066,1.888,1.255,0.555,623114319.000
0.065,-0.071,-0.071,1.903,1.287,0.537,623114419.000
0.060,-0.074,-0.066,1.887,1.281,0.554,623114518.000
0.067,-0.072,-0.068,1.909,1.235,0.546,623114618.000
0.062,-0.077,-0.068,1.892,1.284,0.555,623114718.000
0.067,-0.072,-0.073,1.924,1.242,0.546,623114819.000
0.065,-0.076,-0.063,1.886,1.264,0.546,623114918.000
0.062,-0.072,-0.071,1.950,1.301,0.518,623115019.000
0.062,-0.075,-0.073,1.922,1.292,0.537,623115119.000
0.065,-0.074,-0.066,1.957,1.280,0.583,623115219.000
0.062,-0.073,-0.073,2.005,1.317,0.519,623115318.000
0.062,-0.075,-0.061,1.948,1.310,0.537,623115419.000
0.065,-0.071,-0.068,1.999,1.297,0.538,623115519.000
0.067,-0.078,-0.068,1.962,1.284,0.556,623115619.000
0.065,-0.071,-0.071,2.027,1.313,0.538,623115719.000
0.062,-0.073,-0.071,2.019,1.326,0.519,623115819.000
0.065,-0.076,-0.063,2.010,1.289,0.547,623115918.000
0.065,-0.079,-0.068,1.981,1.297,0.538,623116018.000
0.065,-0.076,-0.071,2.025,1.313,0.547,623116119.000
0.067,-0.080,-0.071,2.002,1.300,0.575,623116219.000
0.060,-0.076,-0.071,2.010,1.314,0.547,623116319.000
0.064,-0.076,-0.068,2.052,1.346,0.548,623116418.000
0.065,-0.079,-0.071,2.037,1.313,0.538,623116518.000
0.065,-0.074,-0.071,2.067,1.313,0.557,623116618.000
0.067,-0.078,-0.071,2.045,1.349,0.557,623116718.000
0.064,-0.079,-0.071,2.064,1.362,0.539,623116818.000
0.062,-0.078,-0.068,2.086,1.383,0.557,623116919.000
0.067,-0.080,-0.071,2.071,1.325,0.576,623117018.000
0.064,-0.079,-0.071,2.078,1.338,0.539,623117118.000
0.064,-0.079,-0.066,2.120,1.379,0.567,623117218.000
0.067,-0.080,-0.063,2.098,1.326,0.549,623117319.000
0.066,-0.080,-0.066,2.112,1.366,0.549,623117419.000
0.066,-0.080,-0.066,2.140,1.367,0.549,623117519.000
0.066,-0.083,-0.071,2.111,1.374,0.540,623117619.000
0.066,-0.080,-0.068,2.126,1.358,0.549,623117718.000
0.064,-0.082,-0.071,2.146,1.387,0.558,623117818.000
0.066,-0.080,-0.073,2.154,1.390,0.577,623117918.000
0.069,-0.082,-0.071,2.160,1.386,0.559,623118018.000
0.060,-0.084,-0.068,2.130,1.397,0.576,623118118.000
0.064,-0.084,-0.068,2.144,1.396,0.549,623118218.000
0.066,-0.080,-0.075,2.196,1.382,0.550,623118319.000
0.062,-0.083,-0.071,2.180,1.425,0.568,623118418.000
0.062,-0.081,-0.071,2.222,1.425,0.550,623118519.000
0.069,-0.082,-0.068,2.202,1.395,0.560,623118618.000
0.062,-0.083,-0.066,2.193,1.417,0.568,623118718.000
0.062,-0.088,-0.071,2.150,1.424,0.577,623118820.000
0.066,-0.083,-0.073,2.208,1.415,0.569,623118919.000
0.064,-0.084,-0.068,2.214,1.420,0.578,623119018.000
0.064,-0.087,-0.068,2.185,1.396,0.568,623119119.000
0.062,-0.086,-0.073,2.234,1.465,0.587,623119218.000
0.064,-0.087,-0.068,2.240,1.445,0.569,623119318.000
0.066,-0.088,-0.071,2.205,1.448,0.551,623119418.000
0.068,-0.084,-0.070,2.269,1.412,0.551,623119519.000
0.064,-0.085,-0.068,2.282,1.445,0.551,623119618.000
0.064,-0.087,-0.073,2.254,1.453,0.569,623119718.000
0.066,-0.083,-0.063,2.290,1.449,0.570,623119818.000
0.066,-0.086,-0.073,2.276,1.465,0.561,623119918.000
0.066,-0.086,-0.065,2.303,1.466,0.561,623120018.000
0.068,-0.092,-0.063,2.265,1.437,0.580,623120119.000
0.066,-0.091,-0.071,2.245,1.449,0.570,623120218.000
0.066,-0.088,-0.068,2.274,1.457,0.579,623120318.000
0.066,-0.091,-0.070,2.287,1.473,0.570,623120419.000
0.066,-0.091,-0.070,2.287,1.473,0.570,623120518.000
0.066,-0.096,-0.068,2.256,1.506,0.580,623120619.000
0.070,-0.094,-0.075,2.272,1.480,0.562,623120719.000
0.070,-0.088,-0.068,2.316,1.456,0.553,623120819.000
0.066,-0.091,-0.070,2.314,1.474,0.571,623120919.000
0.064,-0.092,-0.078,2.320,1.510,0.552,623121019.000
0.066,-0.094,-0.073,2.327,1.490,0.562,623121118.000
0.064,-0.090,-0.070,2.363,1.511,0.562,623121218.000
0.066,-0.088,-0.070,2.371,1.498,0.580,623121319.000
0.066,-0.088,-0.063,2.370,1.499,0.580,623121418.000
0.068,-0.092,-0.073,2.376,1.502,0.581,623121519.000
0.070,-0.091,-0.073,2.384,1.489,0.600,623121619.000
0.066,-0.089,-0.075,2.426,1.531,0.581,623121719.000
0.068,-0.092,-0.070,2.404,1.486,0.581,623121819.000
0.068,-0.090,-0.073,2.405,1.526,0.590,623121919.000
0.068,-0.095,-0.070,2.374,1.510,0.572,623122018.000
0.064,-0.090,-0.070,2.405,1.535,0.590,623122119.000
0.066,-0.091,-0.075,2.411,1.531,0.572,623122219.000
0.068,-0.098,-0.068,2.373,1.518,0.591,623122318.000
0.062,-0.091,-0.070,2.438,1.573,0.599,623122419.000
0.068,-0.092,-0.068,2.445,1.543,0.582,623122518.000
0.066,-0.099,-0.068,2.407,1.556,0.600,623122618.000
0.070,-0.094,-0.073,2.465,1.514,0.564,623122718.000
0.066,-0.096,-0.070,2.422,1.572,0.582,623122818.000
0.064,-0.098,-0.070,2.428,1.560,0.591,623122919.000
0.066,-0.096,-0.073,2.464,1.564,0.582,623123019.000
0.072,-0.095,-0.070,2.458,1.485,0.573,623123119.000
0.064,-0.095,-0.075,2.498,1.593,0.573,623123218.000
0.068,-0.095,-0.073,2.499,1.551,0.601,623123318.000
0.068,-0.095,-0.073,2.513,1.576,0.574,623123418.000
0.068,-0.100,-0.070,2.482,1.560,0.583,623123518.000
0.070,-0.096,-0.070,2.505,1.547,0.583,623123618.000
0.066,-0.102,-0.073,2.475,1.588,0.592,623123719.000
0.068,-0.100,-0.070,2.482,1.560,0.583,623123818.000
0.070,-0.099,-0.073,2.504,1.587,0.574,623123918.000
0.068,-0.095,-0.073,2.554,1.600,0.602,623124018.000
0.068,-0.103,-0.070,2.523,1.609,0.602,623124119.000
0.068,-0.100,-0.068,2.551,1.617,0.584,623124218.000
0.070,-0.099,-0.068,2.545,1.580,0.574,623124319.000
0.068,-0.100,-0.073,2.551,1.601,0.584,623124418.000
0.068,-0.103,-0.073,2.509,1.600,0.602,623124519.000
0.070,-0.097,-0.078,2.574,1.571,0.556,623124619.000
0.068,-0.100,-0.065,2.565,1.626,0.584,623124718.000
