-0.011,0.035,0.012,-0.592,-0.666,0.023,620693375.000
-0.009,0.029,0.014,-0.615,-0.670,0.070,620693475.000
-0.007,0.033,0.011,-0.606,-0.691,0.070,620693574.000
-0.007,0.030,0.009,-0.607,-0.699,0.033,620693675.000
-0.011,0.027,0.019,-0.610,-0.665,0.051,620693775.000
-0.007,0.030,0.014,-0.607,-0.683,0.061,620693875.000
-0.009,0.031,0.014,-0.600,-0.670,0.051,620693974.000
-0.011,0.032,0.016,-0.607,-0.649,0.042,620694074.000
-0.011,0.032,0.007,-0.579,-0.634,0.042,620694175.000
-0.009,0.029,0.016,-0.629,-0.662,0.070,620694274.000
-0.011,0.030,0.011,-0.580,-0.641,0.061,620694374.000
-0.011,0.030,0.009,-0.594,-0.650,0.060,620694474.000
-0.011,0.027,0.009,-0.609,-0.650,0.051,620694574.000
-0.011,0.027,0.011,-0.582,-0.665,0.051,620694675.000
-0.011,0.032,0.011,-0.565,-0.641,0.042,620694774.000
-0.007,0.032,0.007,-0.578,-0.659,0.042,620694875.000
-0.009,0.031,0.009,-0.600,-0.638,0.051,620694975.000
-0.007,0.027,0.011,-0.609,-0.642,0.052,620695075.000
-0.007,0.030,0.006,-0.593,-0.659,0.061,620695174.000
-0.011,0.032,0.006,-0.606,-0.634,0.042,620695274.000
-0.011,0.030,0.009,-0.622,-0.650,0.032,620695375.000
-0.009,0.031,0.011,-0.586,-0.630,0.052,620695474.000
-0.011,0.030,0.014,-0.595,-0.633,0.033,620695575.000
-0.013,0.031,0.019,-0.587,-0.604,0.051,620695675.000
-0.011,0.032,0.009,-0.606,-0.650,0.042,620695774.000
-0.011,0.030,0.014,-0.677,-0.634,0.032,620695875.000
-0.011,0.033,0.014,-0.675,-0.658,0.069,620695975.000
-0.009,0.036,0.014,-0.680,-0.671,0.041,620696074.000
-0.009,0.036,0.009,-0.708,-0.688,0.013,620696174.000
-0.009,0.036,0.009,-0.749,-0.713,0.012,620696275.000
-0.009,0.037,0.011,-0.791,-0.705,0.040,620696374.000
-0.009,0.037,0.014,-0.846,-0.721,0.012,620696474.000
-0.011,0.043,0.009,-0.836,-0.725,0.020,620696574.000
-0.011,0.046,0.014,-0.890,-0.734,0.029,620696675.000
-0.011,0.043,0.014,-0.933,-0.734,0.019,620696774.000
-0.011,0.048,0.014,-0.957,-0.734,0.037,620696875.000
-0.011,0.048,0.011,-0.971,-0.743,0.009,620696975.000
-0.013,0.047,0.014,-1.062,-0.747,0.018,620697075.000
-0.013,0.055,0.014,-1.044,-0.796,0.017,620697175.000
-0.013,0.050,0.011,-1.130,-0.780,-0.002,620697274.000
-0.010,0.054,0.014,-1.134,-0.809,-0.002,620697375.000
-0.015,0.056,0.008,-1.147,-0.800,0.006,620697474.000
-0.015,0.056,0.016,-1.216,-0.825,0.006,620697574.000
-0.012,0.053,0.016,-1.253,-0.862,0.006,620697674.000
-0.010,0.057,0.021,-1.313,-0.859,0.005,620697775.000
-0.010,0.059,0.011,-1.297,-0.892,-0.014,620697874.000
-0.008,0.058,0.013,-1.373,-0.897,-0.005,620697974.000
-0.010,0.059,0.011,-1.422,-0.917,-0.042,620698075.000
-0.012,0.063,0.013,-1.427,-0.921,-0.015,620698175.000
-0.010,0.065,0.011,-1.460,-0.942,-0.025,620698275.000
-0.014,0.067,0.013,-1.459,-0.909,-0.016,620698374.000
-0.012,0.066,0.016,-1.494,-0.938,-0.007,620698474.000
-0.010,0.072,0.018,-1.511,-0.967,0.002,620698574.000
-0.012,0.069,0.011,-1.603,-0.980,-0.027,620698675.000
-0.012,0.066,0.006,-1.646,-0.996,-0.036,620698774.000
-0.014,0.073,0.018,-1.650,-0.991,-0.000,620698875.000
-0.014,0.075,0.008,-1.676,-1.000,-0.047,620698975.000
-0.012,0.074,0.013,-1.697,-1.021,-0.037,620699074.000
-0.012,0.076,0.013,-1.709,-1.021,-0.028,620699175.000
-0.009,0.080,0.015,-1.756,-1.075,-0.057,620699274.000
-0.012,0.079,0.015,-1.819,-1.063,-0.048,620699375.000
-0.014,0.078,0.010,-1.840,-1.042,-0.067,620699475.000
-0.016,0.082,0.013,-1.860,-1.070,-0.068,620699574.000
-0.014,0.083,0.018,-1.879,-1.067,-0.049,620699675.000
-0.016,0.084,0.018,-1.886,-1.078,-0.031,620699775.000
-0.016,0.085,0.015,-1.982,-1.088,-0.032,620699875.000
-0.009,0.086,0.015,-1.988,-1.150,-0.069,620699974.000
-0.009,0.086,0.018,-2.029,-1.142,-0.069,620700074.000
-0.011,0.087,0.018,-2.036,-1.154,-0.051,620700175.000
-0.013,0.089,0.013,-2.069,-1.134,-0.033,620700274.000
-0.013,0.094,0.010,-2.067,-1.167,-0.071,620700375.000
-0.013,0.091,0.017,-2.137,-1.166,-0.053,620700474.000
-0.013,0.091,0.013,-2.165,-1.183,-0.081,620700575.000
-0.015,0.095,0.015,-2.156,-1.162,-0.053,620700674.000
-0.018,0.094,0.017,-2.206,-1.190,-0.073,620700775.000
-0.018,0.099,0.017,-2.244,-1.167,-0.082,620700874.000
-0.018,0.094,0.020,-2.261,-1.158,-0.045,620700974.000
-0.011,0.095,0.017,-2.307,-1.230,-0.055,620701075.000
-0.013,0.097,0.022,-2.314,-1.225,-0.064,620701174.000
-0.015,0.095,0.012,-2.391,-1.221,-0.083,620701274.000
-0.013,0.104,0.015,-2.351,-1.275,-0.065,620701374.000
-0.017,0.099,0.015,-2.410,-1.249,-0.084,620701474.000
-0.017,0.105,0.015,-2.434,-1.250,-0.066,620701574.000
-0.017,0.104,0.015,-2.463,-1.250,-0.122,620701674.000
-0.015,0.103,0.015,-2.483,-1.287,-0.085,620701774.000
-0.013,0.107,0.017,-2.516,-1.316,-0.086,620701874.000
-0.017,0.110,0.017,-2.529,-1.291,-0.077,620701975.000
-0.015,0.106,0.020,-2.579,-1.320,-0.105,620702074.000
-0.015,0.109,0.015,-2.619,-1.289,-0.096,620702174.000
-0.013,0.112,0.017,-2.582,-1.342,-0.096,620702275.000
-0.017,0.107,0.012,-2.696,-1.333,-0.115,620702375.000
-0.015,0.111,0.010,-2.686,-1.355,-0.116,620702474.000
-0.015,0.116,0.020,-2.712,-1.370,-0.125,620702574.000
-0.012,0.115,0.015,-2.719,-1.400,-0.116,620702674.000
-0.017,0.115,0.014,-2.747,-1.375,-0.117,620702774.000
-0.015,0.119,0.019,-2.766,-1.395,-0.117,620702874.000
-0.017,0.118,0.019,-2.801,-1.383,-0.108,620702974.000
-0.015,0.119,0.022,-2.862,-1.436,-0.090,620703074.000
-0.014,0.119,0.017,-2.889,-1.453,-0.091,620703175.000
-0.017,0.123,0.017,-2.908,-1.417,-0.119,620703275.000
-0.019,0.122,0.017,-2.958,-1.429,-0.110,620703375.000
-0.016,0.126,0.012,-2.948,-1.482,-0.138,620703475.000
-0.014,0.127,0.024,-2.996,-1.478,-0.120,620703574.000
-0.014,0.127,0.022,-3.010,-1.487,-0.120,620703674.000
-0.016,0.131,0.017,-3.029,-1.515,-0.121,620703774.000
-0.019,0.127,0.017,-3.093,-1.479,-0.149,620703875.000
-0.014,0.133,0.019,-3.090,-1.520,-0.130,620703974.000
-0.016,0.134,0.022,-3.138,-1.524,-0.140,620704074.000
-0.018,0.130,0.017,-3.161,-1.528,-0.141,620704174.000
-0.016,0.131,0.022,-3.209,-1.573,-0.151,620704275.000
-0.018,0.133,0.016,-3.242,-1.553,-0.133,620704375.000
-0.018,0.130,0.016,-3.271,-1.578,-0.142,620704474.000
-0.016,0.134,0.019,-3.290,-1.582,-0.170,620704575.000
-0.016,0.139,0.016,-3.287,-1.615,-0.152,620704674.000
-0.018,0.140,0.014,-3.335,-1.587,-0.162,620704775.000
-0.018,0.135,0.019,-3.407,-1.595,-0.153,620704875.000
-0.016,0.139,0.009,-3.383,-1.641,-0.181,620704975.000
-0.020,0.142,0.014,-3.424,-1.648,-0.173,620705074.000
-0.018,0.141,0.021,-3.473,-1.636,-0.163,620705174.000
-0.018,0.146,0.024,-3.470,-1.652,-0.145,620705275.000
-0.016,0.145,0.019,-3.519,-1.706,-0.164,620705375.000
-0.022,0.148,0.019,-3.525,-1.668,-0.165,620705474.000
-0.016,0.152,0.021,-3.529,-1.723,-0.165,620705576.000
-0.020,0.152,0.016,-3.584,-1.714,-0.166,620705676.000
-0.020,0.147,0.021,-3.656,-1.722,-0.157,620705776.000
-0.018,0.151,0.019,-3.661,-1.719,-0.185,620705875.000
-0.018,0.151,0.019,-3.675,-1.744,-0.185,620705976.000
-0.020,0.150,0.021,-3.724,-1.723,-0.176,620706076.000
-0.022,0.151,0.021,-3.744,-1.759,-0.186,620706175.000
-0.020,0.155,0.024,-3.749,-1.788,-0.186,620706276.000
-0.015,0.161,0.016,-3.759,-1.839,-0.196,620706376.000
-0.020,0.158,0.021,-3.803,-1.797,-0.178,620706476.000
-0.017,0.157,0.018,-3.865,-1.843,-0.197,620706576.000
-0.022,0.159,0.018,-3.864,-1.793,-0.188,620706676.000
-0.022,0.162,0.023,-3.877,-1.826,-0.179,620706776.000
-0.019,0.158,0.018,-3.954,-1.855,-0.179,620706875.000
-0.022,0.167,0.021,-3.888,-1.834,-0.189,620706976.000
-0.024,0.163,0.013,-3.952,-1.847,-0.190,620707075.000
-0.019,0.163,0.021,-4.007,-1.872,-0.190,620707176.000
-0.019,0.166,0.021,-4.020,-1.872,-0.208,620707275.000
-0.021,0.170,0.021,-4.025,-1.860,-0.209,620707376.000
-0.019,0.163,0.016,-4.089,-1.890,-0.190,620707475.000
-0.021,0.170,0.016,-4.107,-1.926,-0.210,620707575.000
-0.021,0.175,0.013,-4.077,-1.910,-0.247,620707676.000
-0.021,0.170,0.016,-4.149,-1.950,-0.238,620707775.000
-0.021,0.173,0.018,-4.175,-1.942,-0.229,620707875.000
-0.023,0.171,0.018,-4.211,-1.930,-0.220,620707975.000
-0.019,0.177,0.018,-4.221,-1.980,-0.202,620708076.000
-0.021,0.180,0.013,-4.226,-1.984,-0.230,620708175.000
-0.021,0.178,0.016,-4.282,-1.976,-0.212,620708276.000
-0.021,0.181,0.018,-4.281,-2.017,-0.231,620708376.000
-0.021,0.181,0.021,-4.295,-2.008,-0.231,620708476.000
-0.021,0.181,0.023,-4.350,-2.025,-0.204,620708576.000
-0.019,0.179,0.018,-4.371,-2.030,-0.222,620708676.000
-0.021,0.181,0.020,-4.420,-2.082,-0.233,620708775.000
-0.021,0.186,0.023,-4.390,-2.050,-0.242,620708876.000
-0.025,0.183,0.025,-4.447,-2.065,-0.224,620708975.000
-0.025,0.183,0.020,-4.488,-2.058,-0.252,620709075.000
-0.023,0.187,0.023,-4.492,-2.087,-0.225,620709176.000
-0.023,0.187,0.023,-4.506,-2.111,-0.225,620709276.000
-0.023,0.187,0.013,-4.547,-2.072,-0.253,620709376.000
-0.025,0.191,0.023,-4.553,-2.075,-0.253,620709475.000
-0.027,0.187,0.018,-4.617,-2.103,-0.227,620709576.000
-0.025,0.189,0.020,-4.637,-2.132,-0.236,620709675.000
-0.021,0.191,0.028,-4.649,-2.157,-0.227,620709775.000
-0.027,0.193,0.023,-4.670,-2.136,-0.264,620709876.000
-0.020,0.197,0.020,-4.674,-2.207,-0.264,620709975.000
-0.023,0.188,0.028,-4.769,-2.170,-0.255,620710075.000
-0.023,0.195,0.020,-4.695,-2.170,-0.228,620710175.000
-0.018,0.193,0.023,-4.779,-2.236,-0.265,620710276.000
-0.027,0.201,0.018,-4.762,-2.202,-0.239,620710376.000
-0.025,0.197,0.025,-4.812,-2.215,-0.239,620710476.000
-0.027,0.198,0.025,-4.860,-2.202,-0.248,620710576.000
-0.022,0.203,0.023,-4.816,-2.236,-0.257,620710675.000
-0.020,0.199,0.027,-4.880,-2.257,-0.257,620710776.000
-0.027,0.201,0.017,-4.941,-2.228,-0.268,620710876.000
-0.024,0.199,0.025,-4.949,-2.240,-0.258,620710976.000
-0.024,0.200,0.022,-4.990,-2.249,-0.259,620711075.000
-0.026,0.209,0.025,-4.952,-2.277,-0.269,620711176.000
-0.026,0.206,0.022,-4.994,-2.261,-0.250,620711275.000
-0.029,0.205,0.022,-5.030,-2.249,-0.269,620711376.000
-0.024,0.207,0.027,-5.042,-2.306,-0.260,620711475.000
-0.022,0.206,0.020,-5.076,-2.320,-0.279,620711575.000
-0.026,0.214,0.020,-5.072,-2.319,-0.252,620711676.000
-0.022,0.211,0.020,-5.115,-2.345,-0.289,620711776.000
-0.026,0.211,0.027,-5.116,-2.319,-0.261,620711875.000
-0.026,0.211,0.022,-5.144,-2.335,-0.289,620711975.000
-0.026,0.214,0.025,-5.184,-2.352,-0.281,620712076.000
-0.026,0.214,0.017,-5.197,-2.377,-0.281,620712175.000
-0.026,0.217,0.022,-5.224,-2.385,-0.300,620712275.000
-0.026,0.219,0.022,-5.250,-2.410,-0.291,620712376.000
-0.024,0.218,0.015,-5.256,-2.375,-0.282,620712476.000
-0.026,0.217,0.027,-5.334,-2.418,-0.301,620712575.000
-0.030,0.217,0.029,-5.321,-2.384,-0.301,620712676.000
-0.026,0.217,0.027,-5.362,-2.418,-0.301,620712776.000
-0.030,0.222,0.017,-5.359,-2.426,-0.312,620712875.000
-0.026,0.230,0.020,-5.327,-2.443,-0.311,620712975.000
-0.026,0.222,0.022,-5.428,-2.460,-0.312,620713075.000
-0.028,0.223,0.027,-5.435,-2.455,-0.321,620713176.000
-0.028,0.221,0.019,-5.463,-2.480,-0.303,620713275.000
-0.028,0.223,0.029,-5.504,-2.496,-0.295,620713376.000
-0.026,0.225,0.024,-5.482,-2.501,-0.303,620713476.000
-0.023,0.226,0.022,-5.515,-2.522,-0.313,620713576.000
-0.028,0.223,0.029,-5.573,-2.521,-0.323,620713675.000
-0.028,0.234,0.022,-5.526,-2.546,-0.314,620713775.000
-0.028,0.229,0.022,-5.611,-2.546,-0.333,620713875.000
-0.025,0.230,0.024,-5.603,-2.575,-0.315,620713975.000
-0.025,0.235,0.027,-5.615,-2.567,-0.324,620714075.000
-0.025,0.230,0.027,-5.645,-2.567,-0.315,620714176.000
-0.028,0.231,0.024,-5.679,-2.563,-0.325,620714276.000
-0.028,0.234,0.027,-5.692,-2.579,-0.316,620714376.000
-0.027,0.234,0.019,-5.705,-2.604,-0.316,620714476.000
-0.030,0.235,0.024,-5.739,-2.600,-0.298,620714575.000
-0.027,0.237,0.027,-5.745,-2.604,-0.307,620714676.000
-0.027,0.237,0.024,-5.801,-2.637,-0.336,620714775.000
-0.027,0.234,0.026,-5.843,-2.653,-0.318,620714876.000
-0.027,0.237,0.024,-5.828,-2.637,-0.336,620714975.000
-0.027,0.242,0.029,-5.812,-2.645,-0.345,620715075.000
-0.027,0.242,0.024,-5.839,-2.662,-0.346,620715175.000
-0.027,0.240,0.029,-5.896,-2.670,-0.328,620715276.000
-0.027,0.242,0.019,-5.936,-2.704,-0.347,620715375.000
-0.031,0.242,0.026,-5.936,-2.678,-0.320,620715475.000
-0.029,0.241,0.021,-5.985,-2.683,-0.366,620715576.000
-0.027,0.247,0.026,-5.947,-2.728,-0.357,620715676.000
-0.031,0.250,0.024,-5.973,-2.711,-0.321,620715775.000
-0.029,0.249,0.034,-6.009,-2.691,-0.339,620715876.000
-0.029,0.251,0.026,-6.008,-2.716,-0.358,620715975.000
-0.033,0.246,0.021,-6.079,-2.732,-0.350,620716075.000
-0.029,0.246,0.021,-6.120,-2.733,-0.349,620716175.000
-0.027,0.253,0.029,-6.096,-2.770,-0.340,620716276.000
-0.029,0.254,0.029,-6.103,-2.781,-0.350,620716376.000
-0.029,0.251,0.024,-6.131,-2.774,-0.332,620716475.000
-0.033,0.259,0.031,-6.129,-2.772,-0.360,620716575.000
-0.031,0.255,0.024,-6.164,-2.810,-0.360,620716676.000
-0.031,0.253,0.026,-6.180,-2.778,-0.369,620716776.000
-0.031,0.258,0.029,-6.219,-2.818,-0.379,620716876.000
-0.027,0.261,0.026,-6.216,-2.852,-0.370,620716976.000
-0.033,0.254,0.026,-6.283,-2.814,-0.380,620717076.000
-0.031,0.258,0.026,-6.260,-2.827,-0.352,620717174.000
-0.029,0.259,0.029,-6.280,-2.856,-0.361,620717276.000
-0.029,0.262,0.019,-6.319,-2.890,-0.381,620717375.000
-0.033,0.259,0.031,-6.336,-2.847,-0.362,620717474.000
-0.031,0.263,0.026,-6.326,-2.852,-0.362,620717574.000
-0.033,0.267,0.026,-6.359,-2.840,-0.363,620717675.000
-0.029,0.262,0.031,-6.389,-2.897,-0.381,620717775.000
-0.033,0.265,0.031,-6.415,-2.848,-0.345,620717874.000
-0.031,0.263,0.026,-6.436,-2.902,-0.364,620717974.000
-0.026,0.266,0.031,-6.435,-2.935,-0.382,620718074.000
-0.033,0.265,0.021,-6.484,-2.906,-0.374,620718175.000
-0.033,0.267,0.028,-6.497,-2.906,-0.365,620718276.000
-0.035,0.266,0.021,-6.532,-2.894,-0.384,620718375.000
-0.031,0.269,0.023,-6.544,-2.936,-0.402,620718475.000
-0.028,0.273,0.023,-6.535,-2.973,-0.375,620718574.000
-0.030,0.269,0.023,-6.558,-2.960,-0.375,620718675.000
-0.033,0.275,0.031,-6.589,-2.972,-0.366,620718775.000
-0.033,0.270,0.028,-6.647,-2.956,-0.357,620718874.000
-0.030,0.272,0.031,-6.639,-2.985,-0.366,620718974.000
-0.035,0.274,0.023,-6.666,-2.984,-0.414,620719074.000
-0.035,0.274,0.031,-6.666,-2.984,-0.386,620719175.000
-0.035,0.274,0.026,-6.694,-3.001,-0.386,620719274.000
-0.030,0.272,0.028,-6.722,-3.018,-0.395,620719375.000
-0.030,0.277,0.026,-6.733,-3.027,-0.377,620719475.000
-0.030,0.277,0.028,-6.734,-3.042,-0.405,620719574.000
-0.032,0.281,0.033,-6.725,-3.037,-0.405,620719675.000
-0.030,0.277,0.026,-6.802,-3.051,-0.406,620719774.000
-0.032,0.281,0.031,-6.822,-3.047,-0.406,620719874.000
-0.032,0.283,0.021,-6.792,-3.056,-0.397,620719975.000
-0.032,0.278,0.028,-6.864,-3.080,-0.416,620720074.000
-0.034,0.282,0.031,-6.870,-3.083,-0.416,620720175.000
-0.034,0.282,0.031,-6.870,-3.083,-0.416,620720275.000
-0.032,0.281,0.033,-6.932,-3.112,-0.408,620720374.000
-0.032,0.281,0.028,-6.932,-3.129,-0.408,620720474.000
-0.032,0.286,0.020,-6.942,-3.106,-0.390,620720574.000
-0.032,0.286,0.023,-6.943,-3.122,-0.417,620720675.000
-0.032,0.286,0.028,-6.956,-3.129,-0.390,620720775.000
-0.034,0.285,0.033,-7.020,-3.149,-0.409,620720874.000
-0.030,0.285,0.026,-7.033,-3.151,-0.436,620720975.000
-0.034,0.285,0.033,-7.048,-3.149,-0.409,620721075.000
-0.036,0.289,0.028,-7.080,-3.154,-0.410,620721175.000
-0.036,0.289,0.025,-7.108,-3.138,-0.438,620721274.000
-0.036,0.291,0.030,-7.107,-3.194,-0.429,620721374.000
-0.032,0.294,0.023,-7.104,-3.196,-0.420,620721474.000
-0.034,0.290,0.030,-7.155,-3.183,-0.420,620721574.000
-0.034,0.293,0.030,-7.154,-3.207,-0.439,620721674.000
-0.034,0.293,0.030,-7.181,-3.208,-0.411,620721774.000
-0.034,0.298,0.030,-7.179,-3.208,-0.421,620721875.000
-0.032,0.294,0.023,-7.229,-3.270,-0.449,620721974.000
-0.036,0.299,0.030,-7.199,-3.244,-0.431,620722075.000
-0.036,0.299,0.035,-7.255,-3.228,-0.431,620722175.000
-0.034,0.301,0.030,-7.274,-3.258,-0.441,620722275.000
-0.036,0.297,0.030,-7.311,-3.269,-0.441,620722375.000
-0.036,0.297,0.028,-7.338,-3.254,-0.441,620722474.000
-0.034,0.303,0.028,-7.341,-3.291,-0.432,620722575.000
-0.034,0.306,0.028,-7.326,-3.291,-0.423,620722674.000
-0.036,0.307,0.027,-7.360,-3.303,-0.406,620722774.000
-0.036,0.302,0.032,-7.419,-3.287,-0.424,620722875.000
-0.036,0.305,0.025,-7.417,-3.312,-0.443,620722974.000
-0.036,0.305,0.030,-7.472,-3.295,-0.443,620723076.000
-0.036,0.305,0.030,-7.486,-3.320,-0.443,620723176.000
-0.036,0.305,0.030,-7.514,-3.320,-0.444,620723276.000
-0.038,0.311,0.027,-7.504,-3.340,-0.463,620723375.000
-0.033,0.309,0.030,-7.560,-3.358,-0.444,620723476.000
-0.038,0.311,0.030,-7.545,-3.332,-0.463,620723575.000
-0.031,0.308,0.027,-7.595,-3.403,-0.463,620723675.000
-0.038,0.309,0.027,-7.616,-3.365,-0.473,620723776.000
-0.038,0.317,0.032,-7.598,-3.349,-0.446,620723876.000
-0.038,0.312,0.030,-7.655,-3.382,-0.437,620723976.000
-0.040,0.318,0.030,-7.632,-3.393,-0.456,620724076.000
-0.037,0.314,0.030,-7.682,-3.406,-0.456,620724176.000
-0.035,0.310,0.032,-7.732,-3.435,-0.456,620724276.000
-0.035,0.318,0.030,-7.714,-3.420,-0.456,620724375.000
-0.037,0.317,0.032,-7.736,-3.447,-0.475,620724476.000
-0.037,0.322,0.032,-7.733,-3.399,-0.429,620724576.000
-0.037,0.320,0.030,-7.775,-3.432,-0.439,620724675.000
-0.035,0.318,0.035,-7.811,-3.477,-0.457,620724775.000
-0.037,0.322,0.035,-7.816,-3.464,-0.458,620724875.000
-0.039,0.323,0.032,-7.809,-3.436,-0.467,620724975.000
-0.035,0.323,0.030,-7.849,-3.470,-0.467,620725075.000
-0.037,0.322,0.035,-7.857,-3.489,-0.458,620725175.000
-0.039,0.324,0.032,-7.919,-3.485,-0.468,620725275.000
-0.037,0.325,0.035,-7.898,-3.489,-0.477,620725376.000
-0.035,0.324,0.027,-7.946,-3.528,-0.468,620725476.000
-0.037,0.322,0.030,-7.968,-3.507,-0.487,620725576.000
-0.039,0.329,0.029,-7.958,-3.494,-0.478,620725676.000
-0.037,0.325,0.032,-8.008,-3.523,-0.506,620725775.000
-0.037,0.327,0.030,-8.007,-3.531,-0.497,620725876.000
-0.037,0.330,0.029,-8.018,-3.532,-0.460,620725975.000
-0.039,0.331,0.034,-8.039,-3.551,-0.470,620726075.000
-0.039,0.329,0.032,-8.054,-3.535,-0.479,620726176.000
-0.039,0.332,0.034,-8.053,-3.576,-0.471,620726276.000
-0.035,0.332,0.029,-8.135,-3.618,-0.499,620726376.000
-0.039,0.337,0.032,-8.092,-3.585,-0.481,620726475.000
-0.035,0.337,0.034,-8.119,-3.626,-0.480,620726575.000
-0.037,0.336,0.034,-8.154,-3.614,-0.472,620726675.000
-0.035,0.339,0.022,-8.131,-3.595,-0.499,620726775.000
-0.041,0.341,0.027,-8.179,-3.589,-0.482,620726875.000
-0.037,0.338,0.032,-8.208,-3.623,-0.491,620726975.000
-0.041,0.338,0.034,-8.237,-3.613,-0.519,620727075.000
-0.034,0.340,0.029,-8.242,-3.644,-0.500,620727175.000
-0.039,0.337,0.027,-8.285,-3.651,-0.510,620727275.000
-0.034,0.342,0.029,-8.282,-3.693,-0.520,620727375.000
-0.041,0.341,0.037,-8.318,-3.654,-0.511,620727476.000
-0.041,0.341,0.022,-8.317,-3.656,-0.511,620727575.000
-0.039,0.345,0.039,-8.337,-3.708,-0.512,620727675.000
-0.036,0.346,0.029,-8.356,-3.705,-0.521,620727775.000
-0.041,0.343,0.029,-8.372,-3.680,-0.530,620727876.000
-0.039,0.350,0.034,-8.348,-3.700,-0.521,620727975.000
-0.036,0.344,0.027,-8.440,-3.715,-0.503,620728075.000
-0.041,0.344,0.034,-8.455,-3.713,-0.531,620728176.000
-0.038,0.348,0.034,-8.432,-3.725,-0.503,620728275.000
-0.036,0.349,0.034,-8.465,-3.763,-0.513,620728375.000
-0.038,0.348,0.034,-8.473,-3.750,-0.504,620728476.000
-0.038,0.350,0.034,-8.513,-3.751,-0.523,620728576.000
-0.041,0.354,0.031,-8.504,-3.746,-0.496,620728675.000
-0.036,0.354,0.036,-8.518,-3.780,-0.523,620728775.000
-0.040,0.349,0.034,-8.562,-3.763,-0.514,620728875.000
-0.038,0.353,0.031,-8.553,-3.784,-0.514,620728976.000
-0.043,0.353,0.034,-8.595,-3.750,-0.543,620729076.000
-0.040,0.354,0.026,-8.628,-3.788,-0.525,620729175.000
-0.040,0.354,0.031,-8.615,-3.796,-0.525,620729276.000
-0.040,0.357,0.036,-8.614,-3.804,-0.516,620729375.000
-0.040,0.357,0.029,-8.627,-3.829,-0.544,620729475.000
-0.038,0.353,0.034,-8.678,-3.825,-0.543,620729576.000
-0.040,0.357,0.036,-8.696,-3.804,-0.516,620729675.000
-0.040,0.352,0.034,-8.768,-3.813,-0.535,620729776.000
-0.040,0.357,0.034,-8.752,-3.837,-0.545,620729876.000
-0.040,0.357,0.034,-8.765,-3.862,-0.545,620729975.000
-0.038,0.361,0.034,-8.756,-3.851,-0.517,620730075.000
-0.042,0.358,0.036,-8.786,-3.865,-0.527,620730176.000
-0.038,0.361,0.029,-8.825,-3.892,-0.546,620730276.000
-0.040,0.362,0.039,-8.818,-3.895,-0.528,620730375.000
-0.040,0.362,0.036,-8.818,-3.879,-0.527,620730475.000
-0.040,0.360,0.034,-8.889,-3.912,-0.565,620730576.000
-0.042,0.364,0.034,-8.879,-3.875,-0.538,620730676.000
-0.033,0.361,0.034,-8.907,-3.950,-0.546,620730776.000
-0.038,0.364,0.034,-8.907,-3.949,-0.565,620730876.000
-0.044,0.365,0.031,-8.900,-3.895,-0.575,620730975.000
-0.040,0.365,0.036,-8.955,-3.953,-0.548,620731075.000
-0.044,0.367,0.036,-8.954,-3.903,-0.566,620731175.000
-0.038,0.364,0.031,-8.989,-3.982,-0.539,620731276.000
-0.042,0.371,0.039,-8.973,-3.956,-0.567,620731375.000
-0.044,0.370,0.038,-8.980,-3.944,-0.530,620731475.000
-0.042,0.369,0.036,-9.001,-3.965,-0.549,620731575.000
-0.042,0.366,0.026,-9.030,-3.974,-0.586,620731676.000
-0.044,0.370,0.029,-9.021,-3.953,-0.586,620731776.000
-0.038,0.372,0.036,-9.055,-4.015,-0.568,620731875.000
-0.040,0.370,0.033,-9.090,-3.987,-0.559,620731975.000
-0.042,0.369,0.031,-9.098,-4.007,-0.605,620732076.000
-0.040,0.373,0.033,-9.116,-4.012,-0.550,620732175.000
-0.044,0.370,0.036,-9.160,-4.002,-0.560,620732275.000
-0.046,0.377,0.038,-9.122,-4.006,-0.551,620732376.000
-0.042,0.374,0.031,-9.164,-4.032,-0.588,620732475.000
-0.044,0.378,0.031,-9.141,-4.019,-0.560,620732575.000
-0.044,0.378,0.038,-9.197,-4.019,-0.561,620732675.000
-0.044,0.378,0.028,-9.196,-4.052,-0.561,620732775.000
-0.037,0.377,0.036,-9.217,-4.066,-0.551,620732876.000
-0.044,0.378,0.036,-9.224,-4.052,-0.561,620732975.000
-0.042,0.380,0.036,-9.244,-4.065,-0.571,620733075.000
-0.044,0.378,0.038,-9.280,-4.068,-0.562,620733176.000
-0.044,0.378,0.036,-9.266,-4.076,-0.562,620733275.000
-0.044,0.378,0.036,-9.307,-4.101,-0.562,620733376.000
-0.041,0.385,0.033,-9.297,-4.098,-0.581,620733476.000
-0.041,0.382,0.038,-9.353,-4.106,-0.563,620733575.000
-0.044,0.378,0.033,-9.362,-4.086,-0.563,620733676.000
-0.039,0.389,0.033,-9.315,-4.135,-0.581,620733775.000
-0.039,0.381,0.043,-9.375,-4.127,-0.581,620733875.000
-0.039,0.386,0.036,-9.358,-4.152,-0.591,620733976.000
-0.041,0.382,0.031,-9.395,-4.131,-0.591,620734076.000
-0.043,0.381,0.031,-9.443,-4.144,-0.555,620734176.000
-0.044,0.386,0.038,-9.427,-4.119,-0.564,620734276.000
-0.041,0.388,0.038,-9.406,-4.155,-0.573,620734376.000
-0.041,0.385,0.033,-9.448,-4.172,-0.583,620734475.000
-0.043,0.384,0.033,-9.498,-4.184,-0.574,620734576.000
-0.041,0.390,0.033,-9.487,-4.197,-0.565,620734676.000
-0.045,0.390,0.030,-9.487,-4.156,-0.565,620734776.000
-0.043,0.391,0.033,-9.494,-4.160,-0.602,620734876.000
-0.043,0.394,0.043,-9.479,-4.176,-0.593,620734975.000
-0.043,0.392,0.038,-9.549,-4.193,-0.603,620735075.000
-0.043,0.392,0.035,-9.563,-4.201,-0.603,620735175.000
-0.045,0.393,0.035,-9.569,-4.213,-0.585,620735275.000
-0.045,0.390,0.038,-9.598,-4.205,-0.567,620735375.000
-0.045,0.390,0.033,-9.598,-4.173,-0.594,620735476.000
-0.043,0.394,0.040,-9.603,-4.234,-0.567,620735575.000
-0.043,0.397,0.038,-9.588,-4.218,-0.613,620735675.000
-0.043,0.397,0.038,-9.588,-4.218,-0.585,620735775.000
-0.043,0.394,0.033,-9.644,-4.259,-0.595,620735875.000
-0.043,0.397,0.040,-9.643,-4.234,-0.586,620735975.000
-0.043,0.394,0.038,-9.658,-4.267,-0.595,620736076.000
-0.045,0.396,0.038,-9.706,-4.255,-0.577,620736175.000
-0.045,0.396,0.035,-9.665,-4.262,-0.605,620736275.000
-0.043,0.397,0.043,-9.713,-4.275,-0.614,620736375.000
-0.041,0.398,0.040,-9.732,-4.272,-0.596,620736476.000
-0.045,0.401,0.038,-9.717,-4.279,-0.587,620736576.000
-0.045,0.398,0.040,-9.746,-4.271,-0.596,620736675.000
-0.041,0.401,0.033,-9.717,-4.321,-0.615,620736775.000
-0.039,0.400,0.040,-9.738,-4.309,-0.605,620736876.000
-0.043,0.402,0.035,-9.723,-4.300,-0.596,620736976.000
-0.047,0.402,0.038,-9.793,-4.267,-0.597,620737075.000
-0.045,0.396,0.038,-9.845,-4.304,-0.634,620737176.000
-0.043,0.405,0.038,-9.777,-4.341,-0.616,620737276.000
-0.045,0.404,0.040,-9.826,-4.320,-0.607,620737375.000
-0.043,0.405,0.035,-9.846,-4.302,-0.616,620737476.000
-0.043,0.408,0.043,-9.858,-4.301,-0.579,620737576.000
-0.045,0.406,0.040,-9.881,-4.345,-0.626,620737675.000
-0.043,0.400,0.038,-9.918,-4.342,-0.607,620737776.000
-0.047,0.408,0.035,-9.873,-4.349,-0.608,620737876.000
-0.047,0.410,0.038,-9.871,-4.341,-0.599,620737975.000
-0.045,0.406,0.035,-9.935,-4.363,-0.627,620738076.000
-0.047,0.405,0.042,-9.971,-4.349,-0.618,620738175.000
-0.049,0.411,0.045,-9.947,-4.328,-0.609,620738275.000
-0.043,0.405,0.038,-9.984,-4.367,-0.618,620738375.000
-0.045,0.412,0.040,-9.961,-4.395,-0.637,620738475.000
-0.045,0.414,0.033,-9.945,-4.396,-0.628,620738575.000
-0.045,0.404,0.038,-10.020,-4.403,-0.637,620738675.000
-0.047,0.413,0.040,-9.967,-4.358,-0.618,620738776.000
-0.045,0.409,0.035,-10.030,-4.412,-0.619,620738876.000
-0.047,0.413,0.040,-10.009,-4.383,-0.647,620738976.000
-0.045,0.412,0.040,-10.057,-4.420,-0.610,620739076.000
-0.047,0.410,0.037,-10.051,-4.416,-0.629,620739175.000
-0.045,0.412,0.042,-10.057,-4.436,-0.610,620739276.000
-0.047,0.413,0.045,-10.050,-4.391,-0.592,620739376.000
-0.045,0.412,0.035,-10.084,-4.437,-0.638,620739475.000
-0.044,0.412,0.037,-10.071,-4.477,-0.611,620739575.000
-0.045,0.414,0.037,-10.069,-4.453,-0.629,620739676.000
-0.047,0.416,0.037,-10.090,-4.440,-0.639,620739775.000
-0.045,0.412,0.037,-10.112,-4.453,-0.638,620739876.000
-0.044,0.414,0.035,-10.124,-4.486,-0.630,620739975.000
-0.047,0.416,0.037,-10.104,-4.465,-0.639,620740076.000
-0.044,0.417,0.035,-10.123,-4.462,-0.621,620740176.000
-0.049,0.419,0.037,-10.109,-4.452,-0.639,620740275.000
-0.047,0.416,0.037,-10.159,-4.465,-0.639,620740376.000
-0.047,0.416,0.037,-10.173,-4.490,-0.640,620740475.000
-0.049,0.417,0.045,-10.207,-4.452,-0.622,620740576.000
-0.042,0.418,0.027,-10.225,-4.525,-0.659,620740677.000
-0.047,0.421,0.045,-10.198,-4.490,-0.622,620740776.000
-0.047,0.421,0.047,-10.198,-4.506,-0.622,620740876.000
-0.049,0.415,0.045,-10.277,-4.501,-0.632,620740977.000
-0.040,0.420,0.035,-10.259,-4.562,-0.640,620741076.000
-0.044,0.420,0.042,-10.288,-4.536,-0.641,620741177.000
-0.046,0.424,0.035,-10.264,-4.524,-0.614,620741276.000
-0.046,0.424,0.040,-10.320,-4.556,-0.614,620741376.000
-0.048,0.422,0.040,-10.356,-4.543,-0.661,620741476.000
-0.046,0.421,0.037,-10.376,-4.565,-0.624,620741576.000
-0.044,0.428,0.040,-10.353,-4.569,-0.642,620741676.000
-0.044,0.425,0.037,-10.381,-4.578,-0.652,620741776.000
-0.051,0.426,0.042,-10.389,-4.547,-0.634,620741876.000
-0.046,0.426,0.045,-10.416,-4.589,-0.634,620741977.000
-0.046,0.429,0.040,-10.428,-4.606,-0.653,620742076.000
-0.048,0.430,0.042,-10.435,-4.585,-0.662,620742177.000
-0.048,0.428,0.042,-10.450,-4.585,-0.644,620742276.000
-0.048,0.430,0.044,-10.490,-4.601,-0.635,620742377.000
-0.048,0.425,0.042,-10.548,-4.634,-0.654,620742477.000
-0.046,0.434,0.037,-10.481,-4.639,-0.663,620742576.000
-0.048,0.433,0.037,-10.543,-4.627,-0.654,620742676.000
-0.046,0.427,0.034,-10.581,-4.624,-0.636,620742776.000
-0.048,0.431,0.044,-10.586,-4.627,-0.636,620742875.000
-0.052,0.436,0.044,-10.571,-4.625,-0.646,620742976.000
-0.046,0.432,0.042,-10.634,-4.672,-0.646,620743076.000
-0.046,0.437,0.044,-10.618,-4.664,-0.655,620743176.000
-0.052,0.430,0.039,-10.642,-4.667,-0.665,620743275.000
-0.050,0.437,0.044,-10.632,-4.663,-0.656,620743376.000
-0.050,0.442,0.042,-10.629,-4.647,-0.638,620743475.000
-0.048,0.436,0.039,-10.680,-4.717,-0.647,620743575.000
-0.048,0.438,0.037,-10.679,-4.677,-0.665,620743677.000
-0.050,0.440,0.042,-10.699,-4.696,-0.648,620743775.000
-0.048,0.438,0.042,-10.707,-4.709,-0.666,620743876.000
-0.050,0.440,0.044,-10.727,-4.713,-0.676,620743976.000
-0.050,0.442,0.049,-10.740,-4.696,-0.639,620744075.000
-0.048,0.441,0.039,-10.746,-4.742,-0.657,620744176.000
-0.048,0.438,0.042,-10.776,-4.734,-0.667,620744275.000
-0.048,0.446,0.042,-10.757,-4.734,-0.639,620744376.000
-0.050,0.440,0.042,-10.796,-4.770,-0.677,620744476.000
-0.048,0.439,0.039,-10.831,-4.767,-0.667,620744575.000
-0.050,0.442,0.042,-10.822,-4.746,-0.668,620744677.000
-0.048,0.441,0.044,-10.857,-4.775,-0.659,620744775.000
-0.050,0.445,0.044,-10.835,-4.762,-0.659,620744876.000
-0.052,0.446,0.044,-10.828,-4.750,-0.668,620744975.000
-0.048,0.449,0.037,-10.839,-4.776,-0.687,620745075.000
-0.050,0.450,0.042,-10.846,-4.771,-0.696,620745176.000
-0.052,0.452,0.034,-10.851,-4.784,-0.651,620745275.000
-0.048,0.444,0.034,-10.897,-4.809,-0.678,620745376.000
-0.050,0.450,0.044,-10.901,-4.788,-0.669,620745475.000
-0.045,0.448,0.049,-10.916,-4.845,-0.678,620745576.000
-0.050,0.448,0.047,-10.944,-4.804,-0.679,620745675.000
-0.052,0.449,0.041,-10.964,-4.808,-0.661,620745776.000
-0.050,0.453,0.037,-10.968,-4.838,-0.689,620745876.000
-0.050,0.453,0.042,-10.969,-4.821,-0.689,620745976.000
-0.052,0.452,0.046,-11.004,-4.840,-0.680,620746076.000
-0.050,0.453,0.039,-11.037,-4.830,-0.689,620746176.000
-0.050,0.453,0.044,-11.024,-4.837,-0.689,620746275.000
-0.052,0.454,0.046,-11.031,-4.817,-0.671,620746375.000
-0.049,0.453,0.049,-11.094,-4.894,-0.718,620746475.000
-0.052,0.454,0.044,-11.099,-4.874,-0.672,620746575.000
-0.049,0.456,0.039,-11.077,-4.879,-0.681,620746676.000
-0.052,0.460,0.044,-11.097,-4.874,-0.681,620746775.000
-0.049,0.458,0.041,-11.104,-4.871,-0.672,620746875.000
-0.051,0.457,0.044,-11.140,-4.923,-0.691,620746975.000
-0.049,0.456,0.039,-11.161,-4.928,-0.710,620747075.000
-0.049,0.461,0.036,-11.171,-4.937,-0.692,620747176.000
-0.049,0.459,0.046,-11.214,-4.904,-0.673,620747275.000
-0.049,0.461,0.044,-11.199,-4.936,-0.692,620747375.000
-0.051,0.462,0.041,-11.206,-4.932,-0.701,620747476.000
-0.047,0.460,0.041,-11.248,-4.958,-0.710,620747575.000
-0.051,0.457,0.044,-11.278,-4.924,-0.692,620747676.000
-0.047,0.462,0.041,-11.274,-4.983,-0.702,620747776.000
-0.053,0.464,0.039,-11.281,-4.953,-0.712,620747876.000
-0.047,0.460,0.041,-11.345,-4.983,-0.711,620747975.000
-0.049,0.461,0.046,-11.351,-4.978,-0.693,620748075.000
-0.051,0.463,0.049,-11.344,-4.981,-0.675,620748175.000
-0.045,0.466,0.041,-11.320,-5.020,-0.702,620748275.000
-0.051,0.465,0.049,-11.398,-5.006,-0.694,620748376.000
-0.051,0.468,0.041,-11.382,-5.007,-0.685,620748475.000
-0.053,0.469,0.041,-11.361,-4.970,-0.694,620748575.000
-0.053,0.464,0.039,-11.447,-5.003,-0.714,620748676.000
-0.053,0.469,0.049,-11.417,-5.018,-0.723,620748776.000
-0.053,0.472,0.044,-11.429,-5.035,-0.714,620748876.000
-0.053,0.469,0.051,-11.473,-5.035,-0.723,620748975.000
-0.051,0.470,0.044,-11.464,-5.048,-0.733,620749075.000
-0.053,0.472,0.041,-11.498,-5.044,-0.715,620749175.000
-0.057,0.472,0.043,-11.526,-5.035,-0.716,620749276.000
-0.053,0.467,0.044,-11.543,-5.036,-0.733,620749375.000
-0.049,0.474,0.044,-11.510,-5.086,-0.705,620749475.000
-0.055,0.473,0.041,-11.546,-5.080,-0.753,620749575.000
-0.051,0.473,0.046,-11.573,-5.089,-0.725,620749675.000
-0.053,0.472,0.046,-11.623,-5.101,-0.716,620749776.000
-0.055,0.478,0.046,-11.585,-5.089,-0.707,620749876.000
-0.051,0.476,0.043,-11.613,-5.122,-0.716,620749975.000
-0.053,0.469,0.051,-11.666,-5.133,-0.726,620750075.000
-0.053,0.475,0.043,-11.676,-5.110,-0.735,620750175.000
-0.053,0.477,0.043,-11.661,-5.159,-0.699,620750275.000
-0.048,0.480,0.046,-11.659,-5.176,-0.717,620750375.000
-0.053,0.477,0.038,-11.730,-5.152,-0.727,620750475.000
-0.053,0.480,0.043,-11.729,-5.159,-0.746,620750575.000
-0.053,0.477,0.043,-11.743,-5.160,-0.700,620750676.000
-0.055,0.481,0.048,-11.749,-5.179,-0.728,620750776.000
-0.051,0.479,0.046,-11.792,-5.189,-0.737,620750875.000
-0.055,0.481,0.048,-11.805,-5.179,-0.756,620750976.000
-0.053,0.485,0.043,-11.795,-5.185,-0.728,620751076.000
-0.051,0.481,0.043,-11.817,-5.197,-0.728,620751176.000
-0.057,0.483,0.041,-11.838,-5.192,-0.738,620751275.000
-0.057,0.485,0.041,-11.864,-5.217,-0.730,620751375.000
-0.055,0.492,0.041,-11.840,-5.205,-0.748,620751475.000
-0.053,0.485,0.041,-11.905,-5.218,-0.757,620751576.000
-0.059,0.486,0.046,-11.899,-5.212,-0.740,620751675.000
-0.055,0.489,0.046,-11.924,-5.214,-0.730,620751776.000
-0.055,0.487,0.043,-11.940,-5.246,-0.740,620751876.000
-0.052,0.493,0.048,-11.929,-5.291,-0.731,620751976.000
-0.054,0.492,0.050,-11.937,-5.294,-0.722,620752075.000
-0.057,0.491,0.048,-11.973,-5.266,-0.740,620752175.000
-0.052,0.493,0.046,-11.984,-5.324,-0.731,620752275.000
-0.057,0.498,0.051,-11.955,-5.282,-0.741,620752376.000
-0.054,0.489,0.048,-12.049,-5.303,-0.759,620752475.000
-0.052,0.498,0.048,-12.009,-5.341,-0.741,620752575.000
-0.057,0.493,0.048,-12.054,-5.291,-0.760,620752676.000
-0.056,0.491,0.043,-12.083,-5.332,-0.742,620752775.000
-0.054,0.495,0.055,-12.088,-5.328,-0.742,620752875.000
-0.059,0.500,0.050,-12.072,-5.343,-0.724,620752975.000
-0.052,0.499,0.038,-12.064,-5.374,-0.742,620753075.000
-0.056,0.496,0.045,-12.149,-5.325,-0.752,620753176.000
-0.054,0.497,0.045,-12.141,-5.337,-0.761,620753276.000
-0.054,0.497,0.043,-12.141,-5.370,-0.761,620753375.000
-0.059,0.497,0.050,-12.197,-5.344,-0.734,620753475.000
-0.054,0.502,0.048,-12.139,-5.402,-0.771,620753575.000
-0.056,0.496,0.050,-12.219,-5.381,-0.753,620753675.000
-0.054,0.505,0.048,-12.207,-5.403,-0.762,620753776.000
-0.056,0.501,0.050,-12.243,-5.382,-0.763,620753876.000
-0.056,0.501,0.048,-12.243,-5.366,-0.735,620753975.000
-0.056,0.499,0.043,-12.272,-5.407,-0.772,620754075.000
-0.058,0.500,0.053,-12.293,-5.410,-0.754,620754175.000
-0.054,0.505,0.050,-12.275,-5.395,-0.735,620754275.000
-0.056,0.507,0.050,-12.282,-5.455,-0.745,620754375.000
-0.056,0.504,0.048,-12.325,-5.440,-0.755,620754475.000
-0.054,0.508,0.045,-12.288,-5.460,-0.782,620754576.000
-0.056,0.504,0.050,-12.339,-5.431,-0.755,620754676.000
-0.054,0.510,0.045,-12.328,-5.461,-0.773,620754775.000
-0.060,0.509,0.048,-12.336,-5.439,-0.765,620754876.000
-0.058,0.503,0.045,-12.388,-5.460,-0.774,620754976.000
-0.056,0.509,0.050,-12.364,-5.480,-0.765,620755075.000
-0.058,0.508,0.048,-12.385,-5.476,-0.784,620755176.000
-0.058,0.511,0.050,-12.411,-5.468,-0.747,620755276.000
-0.056,0.512,0.050,-12.418,-5.505,-0.784,620755376.000
-0.058,0.508,0.050,-12.441,-5.493,-0.784,620755476.000
-0.058,0.508,0.050,-12.482,-5.517,-0.785,620755575.000
-0.054,0.513,0.048,-12.423,-5.527,-0.766,620755675.000
-0.058,0.511,0.048,-12.480,-5.526,-0.776,620755775.000
-0.058,0.513,0.048,-12.451,-5.501,-0.766,620755876.000
-0.056,0.512,0.045,-12.500,-5.523,-0.785,620755976.000
-0.058,0.513,0.055,-12.466,-5.525,-0.767,620756076.000
-0.056,0.517,0.048,-12.456,-5.563,-0.767,620756176.000
-0.060,0.512,0.043,-12.514,-5.506,-0.786,620756276.000
-0.056,0.509,0.047,-12.543,-5.539,-0.767,620756375.000
-0.058,0.513,0.045,-12.534,-5.535,-0.795,620756476.000
-0.056,0.512,0.045,-12.569,-5.548,-0.786,620756576.000
-0.058,0.516,0.045,-12.561,-5.559,-0.814,620756675.000
-0.058,0.513,0.052,-12.576,-5.559,-0.795,620756776.000
-0.056,0.517,0.050,-12.594,-5.580,-0.796,620756876.000
-0.056,0.517,0.045,-12.580,-5.572,-0.768,620756975.000
-0.056,0.520,0.052,-12.593,-5.572,-0.786,620757076.000
-0.060,0.517,0.047,-12.581,-5.563,-0.796,620757175.000
-0.058,0.516,0.045,-12.616,-5.608,-0.787,620757275.000
-0.060,0.517,0.052,-12.650,-5.571,-0.769,620757375.000
-0.058,0.516,0.047,-12.643,-5.576,-0.759,620757476.000
-0.053,0.516,0.050,-12.671,-5.618,-0.787,620757575.000
-0.058,0.519,0.050,-12.670,-5.617,-0.778,620757676.000
-0.053,0.519,0.045,-12.669,-5.659,-0.778,620757775.000
-0.060,0.520,0.052,-12.663,-5.620,-0.788,620757876.000
-0.058,0.521,0.050,-12.669,-5.641,-0.797,620757976.000
-0.058,0.524,0.047,-12.681,-5.625,-0.788,620758076.000
-0.058,0.521,0.050,-12.696,-5.641,-0.797,620758176.000
-0.058,0.524,0.052,-12.681,-5.657,-0.788,620758277.000
-0.060,0.523,0.045,-12.730,-5.670,-0.808,620758377.000
-0.057,0.526,0.052,-12.735,-5.682,-0.808,620758477.000
-0.057,0.521,0.047,-12.751,-5.674,-0.771,620758576.000
-0.057,0.524,0.047,-12.750,-5.699,-0.789,620758677.000
-0.062,0.524,0.052,-12.751,-5.657,-0.790,620758776.000
-0.062,0.524,0.050,-12.778,-5.689,-0.790,620758876.000
-0.060,0.525,0.047,-12.770,-5.686,-0.799,620758976.000
-0.062,0.521,0.047,-12.820,-5.674,-0.772,620759077.000
-0.064,0.523,0.052,-12.814,-5.693,-0.809,620759176.000
-0.062,0.524,0.052,-12.806,-5.706,-0.790,620759277.000
-0.062,0.524,0.055,-12.806,-5.722,-0.791,620759376.000
-0.059,0.528,0.050,-12.755,-5.751,-0.790,620759477.000
-0.062,0.521,0.050,-12.807,-5.714,-0.800,620759576.000
-0.062,0.527,0.047,-12.790,-5.722,-0.809,620759676.000
-0.062,0.527,0.045,-12.804,-5.731,-0.809,620759777.000
-0.062,0.529,0.052,-12.789,-5.730,-0.800,620759876.000
-0.064,0.528,0.050,-12.797,-5.701,-0.791,620759977.000
-0.064,0.525,0.050,-12.785,-5.750,-0.800,620760077.000
-0.059,0.525,0.052,-12.784,-5.791,-0.772,620760176.000
-0.057,0.522,0.050,-12.862,-5.788,-0.800,620760276.000
-0.066,0.527,0.047,-12.791,-5.745,-0.810,620760377.000
-0.061,0.524,0.050,-12.833,-5.787,-0.791,620760477.000
-0.064,0.528,0.052,-12.811,-5.790,-0.792,620760576.000
-0.064,0.528,0.045,-12.797,-5.766,-0.791,620760676.000
-0.061,0.527,0.047,-12.832,-5.795,-0.782,620760776.000
-0.061,0.529,0.050,-12.817,-5.811,-0.801,620760876.000
-0.066,0.527,0.045,-12.846,-5.778,-0.783,620760977.000
-0.066,0.532,0.050,-12.843,-5.762,-0.792,620761076.000
-0.063,0.533,0.050,-12.836,-5.823,-0.802,620761177.000
-0.063,0.528,0.050,-12.866,-5.823,-0.792,620761276.000
-0.066,0.532,0.055,-12.858,-5.818,-0.793,620761377.000
-0.063,0.533,0.050,-12.863,-5.823,-0.802,620761477.000
-0.063,0.531,0.047,-12.892,-5.832,-0.784,620761577.000
-0.063,0.533,0.050,-12.863,-5.823,-0.802,620761677.000
-0.066,0.532,0.047,-12.912,-5.820,-0.766,620761777.000
-0.066,0.532,0.052,-12.913,-5.851,-0.794,620761876.000
-0.068,0.531,0.054,-12.934,-5.831,-0.785,620761977.000
-0.066,0.535,0.055,-12.912,-5.843,-0.812,620762076.000
-0.068,0.536,0.045,-12.903,-5.864,-0.794,620762176.000
-0.065,0.529,0.042,-12.996,-5.861,-0.803,620762276.000
-0.059,0.536,0.050,-12.944,-5.923,-0.821,620762376.000
-0.063,0.536,0.049,-12.972,-5.897,-0.794,620762476.000
-0.068,0.533,0.049,-13.016,-5.872,-0.804,620762576.000
-0.061,0.537,0.052,-12.992,-5.926,-0.804,620762676.000
-0.063,0.531,0.052,-13.044,-5.938,-0.786,620762776.000
-0.063,0.541,0.047,-12.983,-5.906,-0.804,620762876.000
-0.065,0.535,0.057,-13.022,-5.909,-0.786,620762977.000
-0.067,0.536,0.052,-13.056,-5.889,-0.796,620763077.000
-0.065,0.543,0.052,-13.032,-5.974,-0.814,620763176.000
-0.065,0.535,0.052,-13.049,-5.926,-0.786,620763277.000
-0.065,0.540,0.052,-13.060,-5.950,-0.796,620763376.000
-0.063,0.536,0.054,-13.111,-5.979,-0.796,620763477.000
-0.067,0.536,0.052,-13.111,-5.938,-0.796,620763576.000
-0.065,0.540,0.047,-13.074,-5.943,-0.796,620763676.000
-0.065,0.535,0.047,-13.146,-5.967,-0.815,620763776.000
-0.065,0.540,0.049,-13.116,-5.983,-0.824,620763877.000
-0.065,0.543,0.049,-13.128,-5.984,-0.788,620763976.000
-0.069,0.543,0.054,-13.129,-5.990,-0.816,620764077.000
-0.067,0.547,0.049,-13.133,-6.020,-0.789,620764176.000
-0.067,0.549,0.054,-13.104,-6.027,-0.807,620764277.000
-0.067,0.547,0.054,-13.161,-6.003,-0.789,620764377.000
-0.065,0.543,0.054,-13.211,-6.016,-0.816,620764477.000
-0.065,0.548,0.054,-13.167,-6.040,-0.798,620764577.000
-0.067,0.547,0.054,-13.203,-6.028,-0.817,620764676.000
-0.067,0.547,0.049,-13.188,-6.020,-0.789,620764776.000
-0.067,0.547,0.052,-13.257,-6.012,-0.817,620764876.000
-0.069,0.545,0.052,-13.238,-6.048,-0.808,620764977.000
-0.067,0.544,0.049,-13.300,-6.045,-0.827,620765077.000
-0.065,0.546,0.049,-13.292,-6.058,-0.808,620765177.000
-0.067,0.549,0.052,-13.270,-6.061,-0.809,620765276.000
-0.067,0.547,0.049,-13.312,-6.094,-0.818,620765376.000
-0.069,0.548,0.054,-13.305,-6.065,-0.800,620765476.000
-0.067,0.547,0.049,-13.340,-6.094,-0.819,620765576.000
-0.067,0.547,0.057,-13.354,-6.118,-0.819,620765676.000
-0.067,0.549,0.054,-13.325,-6.126,-0.810,620765776.000
-0.067,0.550,0.054,-13.367,-6.102,-0.810,620765877.000
-0.067,0.550,0.054,-13.380,-6.127,-0.810,620765976.000
-0.065,0.551,0.054,-13.414,-6.116,-0.819,620766076.000
-0.067,0.555,0.052,-13.378,-6.160,-0.820,620766175.000
-0.064,0.551,0.052,-13.428,-6.172,-0.847,620766277.000
-0.067,0.555,0.054,-13.405,-6.176,-0.820,620766377.000
-0.071,0.555,0.051,-13.433,-6.135,-0.793,620766476.000
-0.067,0.555,0.054,-13.460,-6.176,-0.793,620766577.000
-0.069,0.553,0.049,-13.468,-6.180,-0.839,620766677.000
-0.071,0.557,0.059,-13.474,-6.183,-0.812,620766777.000
-0.071,0.555,0.051,-13.516,-6.135,-0.821,620766877.000
-0.069,0.559,0.054,-13.479,-6.188,-0.821,620766977.000
-0.069,0.561,0.051,-13.478,-6.197,-0.840,620767076.000
-0.069,0.556,0.054,-13.536,-6.213,-0.831,620767176.000
-0.066,0.560,0.051,-13.527,-6.234,-0.831,620767276.000
-0.069,0.556,0.051,-13.577,-6.222,-0.832,620767376.000
-0.066,0.560,0.056,-13.568,-6.242,-0.832,620767477.000
-0.071,0.560,0.049,-13.582,-6.242,-0.832,620767576.000
-0.071,0.558,0.059,-13.653,-6.257,-0.814,620767676.000
-0.071,0.565,0.049,-13.607,-6.242,-0.842,620767775.000
-0.068,0.564,0.056,-13.629,-6.279,-0.833,620767877.000
-0.068,0.567,0.056,-13.614,-6.278,-0.851,620767976.000
-0.070,0.565,0.054,-13.649,-6.299,-0.843,620768077.000
-0.068,0.567,0.061,-13.669,-6.311,-0.824,620768175.000
-0.068,0.564,0.054,-13.698,-6.288,-0.833,620768275.000
-0.068,0.562,0.056,-13.726,-6.279,-0.815,620768377.000
-0.073,0.567,0.061,-13.739,-6.262,-0.825,620768477.000
-0.068,0.569,0.064,-13.737,-6.328,-0.844,620768575.000
-0.072,0.572,0.061,-13.750,-6.335,-0.835,620768675.000
-0.066,0.566,0.056,-13.800,-6.366,-0.844,620768776.000
-0.070,0.566,0.049,-13.814,-6.365,-0.845,620768875.000
-0.072,0.567,0.059,-13.822,-6.344,-0.854,620768976.000
-0.070,0.571,0.061,-13.840,-6.348,-0.854,620769075.000
-0.068,0.575,0.058,-13.844,-6.394,-0.827,620769175.000
-0.072,0.572,0.058,-13.874,-6.344,-0.864,620769275.000
-0.070,0.576,0.056,-13.837,-6.365,-0.836,620769375.000
-0.070,0.571,0.056,-13.895,-6.366,-0.855,620769476.000
-0.070,0.576,0.056,-13.906,-6.390,-0.865,620769576.000
-0.070,0.571,0.061,-13.923,-6.398,-0.855,620769676.000
-0.070,0.574,0.056,-13.948,-6.391,-0.819,620769776.000
-0.068,0.575,0.063,-13.983,-6.427,-0.856,620769875.000
-0.074,0.576,0.053,-13.989,-6.398,-0.866,620769976.000
-0.070,0.576,0.053,-13.989,-6.424,-0.866,620770076.000
-0.070,0.581,0.056,-13.986,-6.440,-0.875,620770175.000
-0.070,0.579,0.058,-14.001,-6.456,-0.857,620770275.000
-0.072,0.572,0.058,-14.067,-6.443,-0.839,620770376.000
-0.070,0.587,0.061,-13.984,-6.472,-0.857,620770475.000
-0.072,0.583,0.053,-14.062,-6.460,-0.886,620770575.000
-0.072,0.583,0.053,-14.089,-6.461,-0.858,620770676.000
-0.068,0.578,0.056,-14.133,-6.527,-0.849,620770776.000
-0.072,0.583,0.058,-14.130,-6.469,-0.831,620770876.000
-0.068,0.580,0.053,-14.159,-6.535,-0.868,620770976.000
-0.072,0.583,0.056,-14.199,-6.478,-0.859,620771075.000
-0.072,0.583,0.061,-14.200,-6.510,-0.859,620771175.000
-0.070,0.582,0.061,-14.221,-6.547,-0.850,620771275.000
-0.070,0.587,0.061,-14.191,-6.547,-0.887,620771375.000
-0.076,0.588,0.058,-14.197,-6.517,-0.842,620771476.000
-0.067,0.586,0.058,-14.239,-6.568,-0.878,620771575.000
-0.072,0.588,0.053,-14.252,-6.559,-0.897,620771675.000
-0.070,0.587,0.058,-14.315,-6.556,-0.861,620771775.000
-0.072,0.586,0.055,-14.308,-6.552,-0.852,620771876.000
-0.076,0.593,0.065,-14.250,-6.566,-0.852,620771975.000
-0.072,0.588,0.056,-14.321,-6.600,-0.898,620772076.000
-0.074,0.592,0.056,-14.326,-6.588,-0.871,620772176.000
-0.076,0.593,0.051,-14.333,-6.568,-0.908,620772276.000
-0.074,0.595,0.055,-14.366,-6.589,-0.862,620772375.000
-0.074,0.595,0.058,-14.339,-6.604,-0.862,620772475.000
-0.072,0.594,0.060,-14.388,-6.609,-0.881,620772576.000
-0.071,0.591,0.058,-14.430,-6.642,-0.890,620772675.000
-0.076,0.594,0.055,-14.415,-6.600,-0.882,620772775.000
-0.071,0.594,0.050,-14.428,-6.667,-0.882,620772875.000
-0.076,0.596,0.060,-14.442,-6.657,-0.873,620772976.000
-0.076,0.596,0.063,-14.456,-6.649,-0.901,620773075.000
-0.076,0.591,0.060,-14.514,-6.633,-0.864,620773175.000
-0.069,0.595,0.060,-14.504,-6.696,-0.864,620773276.000
-0.073,0.592,0.053,-14.492,-6.671,-0.901,620773375.000
-0.073,0.595,0.053,-14.559,-6.671,-0.892,620773476.000
-0.071,0.596,0.055,-14.538,-6.724,-0.902,620773575.000
-0.073,0.598,0.058,-14.544,-6.703,-0.883,620773676.000
-0.073,0.600,0.058,-14.530,-6.703,-0.902,620773775.000
-0.073,0.600,0.055,-14.571,-6.712,-0.902,620773875.000
-0.073,0.603,0.058,-14.583,-6.728,-0.893,620773976.000
-0.075,0.602,0.060,-14.577,-6.707,-0.884,620774075.000
-0.073,0.603,0.063,-14.625,-6.736,-0.866,620774176.000
-0.080,0.604,0.060,-14.618,-6.731,-0.876,620774276.000
-0.075,0.602,0.065,-14.660,-6.740,-0.885,620774376.000
-0.075,0.604,0.058,-14.645,-6.789,-0.876,620774476.000
-0.077,0.603,0.058,-14.680,-6.776,-0.895,620774576.000
-0.077,0.606,0.063,-14.665,-6.760,-0.886,620774675.000
-0.077,0.606,0.065,-14.666,-6.776,-0.886,620774775.000
-0.080,0.604,0.060,-14.701,-6.780,-0.905,620774875.000
-0.077,0.606,0.060,-14.693,-6.793,-0.886,620774975.000
-0.077,0.613,0.058,-14.689,-6.801,-0.887,620775075.000
-0.075,0.607,0.055,-14.740,-6.822,-0.896,620775176.000
-0.075,0.610,0.063,-14.725,-6.822,-0.887,620775275.000
-0.079,0.607,0.065,-14.769,-6.812,-0.897,620775375.000
-0.075,0.610,0.053,-14.752,-6.855,-0.887,620775475.000
-0.073,0.608,0.063,-14.774,-6.859,-0.905,620775576.000
-0.079,0.615,0.065,-14.751,-6.813,-0.897,620775676.000
-0.075,0.612,0.062,-14.793,-6.871,-0.879,620775777.000
-0.075,0.610,0.055,-14.835,-6.872,-0.916,620775877.000
-0.077,0.614,0.063,-14.827,-6.883,-0.916,620775976.000
-0.075,0.612,0.065,-14.834,-6.912,-0.879,620776077.000
-0.077,0.614,0.055,-14.854,-6.884,-0.889,620776177.000
-0.077,0.616,0.058,-14.825,-6.875,-0.907,620776276.000
-0.075,0.610,0.067,-14.905,-6.928,-0.889,620776377.000
-0.077,0.614,0.055,-14.909,-6.884,-0.889,620776476.000
-0.073,0.619,0.057,-14.879,-6.974,-0.899,620776576.000
-0.079,0.615,0.065,-14.944,-6.912,-0.899,620776677.000
-0.079,0.618,0.065,-14.901,-6.960,-0.890,620776777.000
-0.079,0.618,0.065,-14.943,-6.936,-0.890,620776877.000
-0.075,0.620,0.065,-14.955,-7.010,-0.909,620776976.000
-0.075,0.620,0.060,-14.982,-6.979,-0.909,620777077.000
-0.075,0.620,0.062,-14.982,-6.994,-0.909,620777176.000
-0.081,0.614,0.062,-15.021,-6.956,-0.919,620777276.000
-0.079,0.620,0.062,-14.997,-6.993,-0.910,620777376.000
-0.079,0.620,0.060,-15.024,-6.978,-0.910,620777477.000
-0.079,0.620,0.065,-15.052,-7.010,-0.911,620777577.000
-0.074,0.623,0.065,-15.022,-7.059,-0.901,620777677.000
-0.077,0.622,0.062,-15.044,-7.055,-0.920,620777777.000
-0.074,0.628,0.062,-15.019,-7.044,-0.910,620777876.000
-0.077,0.624,0.057,-15.070,-7.048,-0.911,620777976.000
-0.081,0.622,0.057,-15.113,-7.023,-0.921,620778076.000
-0.079,0.623,0.062,-15.106,-7.067,-0.930,620778176.000
-0.079,0.626,0.060,-15.118,-7.100,-0.894,620778276.000
-0.081,0.627,0.062,-15.124,-7.079,-0.903,620778377.000
-0.081,0.627,0.060,-15.138,-7.088,-0.903,620778477.000
-0.081,0.630,0.065,-15.151,-7.071,-0.894,620778577.000
-0.078,0.623,0.057,-15.216,-7.133,-0.932,620778677.000
-0.083,0.628,0.062,-15.186,-7.091,-0.913,620778776.000
-0.083,0.628,0.062,-15.214,-7.092,-0.914,620778877.000
-0.078,0.628,0.067,-15.214,-7.149,-0.941,620778976.000
-0.078,0.631,0.057,-15.240,-7.158,-0.960,620779076.000
-0.083,0.631,0.059,-15.226,-7.125,-0.905,620779177.000
-0.078,0.629,0.057,-15.282,-7.159,-0.914,620779277.000
-0.083,0.634,0.057,-15.238,-7.157,-0.924,620779376.000
-0.080,0.632,0.060,-15.287,-7.162,-0.942,620779476.000
-0.083,0.631,0.064,-15.309,-7.157,-0.933,620779576.000
-0.080,0.632,0.062,-15.287,-7.178,-0.915,620779676.000
-0.080,0.635,0.059,-15.341,-7.187,-0.934,620779777.000
-0.082,0.636,0.062,-15.334,-7.190,-0.943,620779876.000
-0.080,0.638,0.054,-15.353,-7.204,-0.925,620779977.000
-0.078,0.634,0.059,-15.390,-7.224,-0.925,620780076.000
-0.085,0.638,0.059,-15.382,-7.211,-0.954,620780176.000
-0.082,0.642,0.059,-15.359,-7.223,-0.926,620780276.000
-0.080,0.638,0.059,-15.409,-7.236,-0.926,620780376.000
-0.084,0.640,0.059,-15.408,-7.235,-0.945,620780476.000
-0.082,0.639,0.062,-15.415,-7.264,-0.936,620780576.000
-0.080,0.643,0.062,-15.420,-7.277,-0.936,620780676.000
-0.080,0.640,0.064,-15.477,-7.317,-0.946,620780777.000
-0.084,0.640,0.059,-15.477,-7.260,-0.946,620780876.000
-0.082,0.642,0.064,-15.483,-7.281,-0.927,620780977.000
-0.082,0.644,0.067,-15.496,-7.297,-0.946,620781077.000
-0.084,0.643,0.059,-15.517,-7.261,-0.937,620781176.000
-0.082,0.647,0.059,-15.494,-7.322,-0.937,620781276.000
-0.084,0.648,0.057,-15.500,-7.318,-0.947,620781376.000
-0.082,0.644,0.062,-15.551,-7.314,-0.947,620781477.000
-0.084,0.643,0.059,-15.600,-7.310,-0.938,620781576.000
-0.084,0.648,0.059,-15.570,-7.310,-0.947,620781676.000
-0.084,0.651,0.067,-15.555,-7.309,-0.938,620781777.000
-0.082,0.650,0.062,-15.575,-7.363,-0.929,620781876.000
-0.086,0.647,0.062,-15.605,-7.313,-0.939,620781976.000
-0.084,0.651,0.059,-15.596,-7.335,-0.939,620782077.000
-0.084,0.651,0.064,-15.596,-7.366,-0.939,620782176.000
-0.086,0.647,0.064,-15.661,-7.378,-0.967,620782276.000
-0.080,0.646,0.064,-15.667,-7.417,-0.930,620782376.000
-0.082,0.647,0.062,-15.715,-7.388,-0.940,620782476.000
-0.082,0.652,0.064,-15.685,-7.404,-0.949,620782577.000
-0.088,0.648,0.066,-15.709,-7.334,-0.949,620782676.000
-0.084,0.651,0.064,-15.720,-7.392,-0.940,620782777.000
-0.084,0.649,0.061,-15.777,-7.401,-0.950,620782876.000
-0.086,0.647,0.062,-15.785,-7.388,-0.968,620782977.000
-0.082,0.655,0.057,-15.738,-7.430,-0.968,620783077.000
-0.086,0.655,0.064,-15.780,-7.428,-0.941,620783176.000
-0.088,0.654,0.064,-15.761,-7.416,-0.932,620783276.000
-0.084,0.656,0.066,-15.787,-7.433,-0.951,620783377.000
-0.086,0.655,0.064,-15.808,-7.429,-0.969,620783476.000
-0.084,0.654,0.064,-15.829,-7.466,-0.933,620783576.000
-0.084,0.654,0.064,-15.857,-7.466,-0.960,620783676.000
-0.084,0.657,0.061,-15.842,-7.450,-0.951,620783777.000
-0.084,0.659,0.061,-15.827,-7.450,-0.970,620783876.000
-0.088,0.659,0.054,-15.868,-7.450,-0.971,620783977.000
-0.086,0.655,0.064,-15.905,-7.454,-0.943,620784077.000
-0.086,0.658,0.066,-15.890,-7.470,-0.961,620784176.000
-0.086,0.658,0.061,-15.917,-7.487,-0.962,620784276.000
-0.084,0.662,0.069,-15.880,-7.474,-0.933,620784376.000
-0.088,0.659,0.064,-15.937,-7.490,-0.944,620784476.000
-0.086,0.668,0.061,-15.912,-7.487,-0.953,620784576.000
-0.081,0.655,0.061,-15.987,-7.513,-0.971,620784676.000
-0.086,0.660,0.059,-15.999,-7.496,-0.981,620784777.000
-0.086,0.663,0.064,-15.956,-7.528,-0.972,620784876.000
-0.084,0.662,0.066,-16.019,-7.508,-0.990,620784976.000
-0.081,0.663,0.061,-15.997,-7.513,-0.971,620785076.000
-0.086,0.663,0.056,-16.024,-7.505,-0.972,620785177.000
-0.088,0.667,0.069,-16.003,-7.523,-0.973,620785277.000
-0.085,0.666,0.059,-16.037,-7.569,-0.964,620785377.000
-0.086,0.666,0.069,-16.038,-7.536,-0.963,620785477.000
-0.083,0.662,0.059,-16.074,-7.558,-0.991,620785577.000
-0.090,0.668,0.061,-16.078,-7.512,-0.983,620785677.000
-0.088,0.665,0.069,-16.101,-7.524,-0.983,620785776.000
-0.088,0.667,0.061,-16.113,-7.525,-1.001,620785877.000
-0.085,0.666,0.061,-16.120,-7.586,-0.965,620785977.000
-0.085,0.666,0.056,-16.134,-7.579,-0.992,620786076.000
-0.086,0.669,0.064,-16.160,-7.554,-0.956,620786177.000
-0.088,0.667,0.064,-16.182,-7.566,-0.975,620786276.000
-0.085,0.669,0.061,-16.188,-7.587,-0.984,620786377.000
-0.085,0.669,0.061,-16.174,-7.611,-0.984,620786476.000
-0.085,0.671,0.066,-16.187,-7.595,-0.975,620786577.000
-0.090,0.669,0.061,-16.230,-7.586,-0.985,620786677.000
-0.090,0.674,0.068,-16.227,-7.586,-0.966,620786777.000
-0.085,0.671,0.066,-16.256,-7.620,-0.975,620786876.000
-0.085,0.671,0.061,-16.255,-7.636,-0.976,620786976.000
-0.092,0.672,0.063,-16.263,-7.590,-0.986,620787076.000
-0.090,0.674,0.061,-16.296,-7.611,-0.995,620787176.000
-0.087,0.673,0.066,-16.290,-7.631,-0.985,620787277.000
-0.087,0.675,0.071,-16.289,-7.639,-1.004,620787376.000
-0.085,0.677,0.068,-16.308,-7.636,-0.986,620787476.000
-0.087,0.680,0.068,-16.313,-7.624,-0.958,620787577.000
-0.089,0.677,0.066,-16.378,-7.668,-0.987,620787677.000
-0.087,0.678,0.061,-16.342,-7.697,-0.996,620787777.000
-0.087,0.678,0.068,-16.370,-7.697,-0.996,620787876.000
-0.089,0.679,0.066,-16.335,-7.668,-0.978,620787976.000
-0.085,0.677,0.063,-16.308,-7.653,-0.986,620788076.000
-0.085,0.674,0.064,-16.227,-7.628,-0.994,620788177.000
-0.088,0.672,0.059,-16.124,-7.582,-0.984,620788277.000
-0.086,0.663,0.061,-16.066,-7.561,-0.973,620788376.000
-0.086,0.666,0.066,-15.927,-7.519,-0.962,620788476.000
-0.086,0.658,0.061,-15.848,-7.462,-0.961,620788577.000
-0.082,0.653,0.062,-15.767,-7.438,-0.950,620788677.000
-0.084,0.649,0.066,-15.639,-7.383,-0.921,620788776.000
-0.086,0.645,0.067,-15.538,-7.345,-0.920,620788876.000
-0.080,0.638,0.062,-15.478,-7.326,-0.927,620788976.000
-0.082,0.637,0.064,-15.348,-7.279,-0.917,620789077.000
-0.085,0.632,0.064,-15.247,-7.192,-0.915,620789177.000
-0.080,0.630,0.062,-15.165,-7.225,-0.923,620789277.000
-0.081,0.630,0.067,-15.054,-7.159,-0.866,620789376.000
-0.083,0.623,0.065,-14.968,-7.105,-0.902,620789476.000
-0.081,0.614,0.060,-14.897,-7.109,-0.892,620789577.000
-0.087,0.618,0.065,-14.778,-7.029,-0.891,620789676.000
-0.081,0.609,0.057,-14.747,-7.019,-0.853,620789776.000
-0.079,0.607,0.060,-14.658,-7.022,-0.870,620789876.000
-0.081,0.608,0.063,-14.526,-6.951,-0.850,620789976.000
-0.079,0.604,0.068,-14.481,-6.923,-0.877,620790077.000
-0.077,0.595,0.058,-14.422,-6.919,-0.838,620790177.000
-0.079,0.599,0.060,-14.317,-6.873,-0.838,620790277.000
-0.080,0.594,0.063,-14.278,-6.816,-0.827,620790376.000
-0.075,0.589,0.060,-14.225,-6.824,-0.845,620790477.000
-0.082,0.582,0.063,-14.154,-6.752,-0.826,620790576.000
-0.078,0.582,0.058,-14.084,-6.770,-0.825,620790677.000
-0.078,0.579,0.061,-14.002,-6.712,-0.805,620790777.000
-0.078,0.582,0.058,-13.891,-6.719,-0.823,620790877.000
-0.076,0.578,0.061,-13.858,-6.699,-0.822,620790977.000
-0.074,0.576,0.063,-13.769,-6.702,-0.811,620791076.000
-0.076,0.572,0.066,-13.709,-6.656,-0.783,620791176.000
-0.074,0.568,0.061,-13.662,-6.612,-0.809,620791277.000
-0.078,0.568,0.059,-13.594,-6.546,-0.809,620791377.000
-0.076,0.562,0.061,-13.535,-6.550,-0.789,620791477.000
-0.074,0.558,0.054,-13.515,-6.538,-0.788,620791577.000
-0.074,0.555,0.059,-13.462,-6.497,-0.769,620791676.000
-0.079,0.558,0.051,-13.392,-6.471,-0.815,620791776.000
-0.079,0.555,0.054,-13.338,-6.414,-0.768,620791876.000
-0.077,0.551,0.064,-13.265,-6.417,-0.794,620791977.000
-0.077,0.551,0.061,-13.195,-6.376,-0.766,620792077.000
-0.077,0.548,0.059,-13.169,-6.384,-0.747,620792177.000
-0.077,0.548,0.061,-13.114,-6.351,-0.746,620792276.000
-0.073,0.543,0.059,-13.047,-6.335,-0.763,620792376.000
-0.071,0.539,0.057,-13.014,-6.331,-0.763,620792476.000
-0.073,0.543,0.057,-12.922,-6.294,-0.762,620792577.000
-0.077,0.535,0.062,-12.913,-6.251,-0.734,620792676.000
-0.073,0.538,0.057,-12.870,-6.245,-0.752,620792776.000
-0.073,0.535,0.057,-12.816,-6.220,-0.732,620792876.000
-0.071,0.534,0.054,-12.768,-6.216,-0.722,620792977.000
-0.073,0.530,0.059,-12.681,-6.186,-0.722,620793077.000
-0.071,0.528,0.062,-12.661,-6.165,-0.739,620793177.000
-0.076,0.526,0.059,-12.621,-6.124,-0.721,620793278.000
-0.071,0.523,0.057,-12.608,-6.133,-0.729,620793378.000
-0.074,0.522,0.055,-12.533,-6.103,-0.719,620793477.000
-0.069,0.524,0.060,-12.434,-6.111,-0.709,620793576.000
-0.072,0.510,0.060,-12.491,-6.050,-0.717,620793678.000
-0.072,0.518,0.062,-12.376,-6.041,-0.717,620793777.000
-0.070,0.514,0.057,-12.343,-6.021,-0.688,620793878.000
-0.068,0.512,0.062,-12.296,-6.017,-0.706,620793977.000
-0.072,0.512,0.062,-12.241,-5.991,-0.706,620794077.000
-0.070,0.508,0.057,-12.222,-5.996,-0.705,620794177.000
-0.068,0.505,0.060,-12.216,-5.976,-0.677,620794276.000
-0.070,0.508,0.057,-12.139,-5.946,-0.676,620794378.000
-0.063,0.504,0.050,-12.092,-5.960,-0.730,620794476.000
-0.070,0.500,0.060,-12.060,-5.888,-0.703,620794576.000
-0.068,0.502,0.060,-11.997,-5.901,-0.683,620794676.000
-0.068,0.502,0.065,-11.956,-5.859,-0.683,620794776.000
-0.068,0.496,0.053,-11.944,-5.852,-0.673,620794876.000
-0.066,0.495,0.045,-11.896,-5.816,-0.691,620794977.000
-0.066,0.495,0.063,-11.842,-5.830,-0.662,620795077.000
-0.066,0.490,0.060,-11.817,-5.814,-0.680,620795177.000
-0.066,0.490,0.063,-11.761,-5.781,-0.652,620795276.000
-0.068,0.486,0.053,-11.757,-5.753,-0.679,620795377.000
-0.066,0.484,0.053,-11.722,-5.741,-0.669,620795477.000
-0.062,0.487,0.058,-11.652,-5.749,-0.659,620795576.000
-0.062,0.484,0.055,-11.611,-5.733,-0.640,620795677.000
-0.064,0.483,0.053,-11.550,-5.727,-0.658,620795776.000
-0.064,0.480,0.058,-11.524,-5.686,-0.639,620795876.000
-0.067,0.476,0.051,-11.519,-5.625,-0.639,620795976.000
-0.065,0.478,0.060,-11.456,-5.653,-0.620,620796076.000
-0.065,0.478,0.051,-11.415,-5.613,-0.647,620796176.000
-0.065,0.475,0.058,-11.375,-5.612,-0.628,620796277.000
-0.058,0.474,0.058,-11.340,-5.625,-0.617,620796377.000
-0.063,0.468,0.056,-11.343,-5.584,-0.636,620796477.000
-0.058,0.466,0.056,-11.289,-5.584,-0.644,620796576.000
-0.063,0.468,0.051,-11.233,-5.551,-0.635,620796677.000
-0.067,0.466,0.053,-11.207,-5.517,-0.644,620796776.000
-0.065,0.464,0.051,-11.145,-5.488,-0.634,620796877.000
-0.063,0.468,0.053,-11.067,-5.517,-0.606,620796976.000
-0.061,0.462,0.053,-11.063,-5.505,-0.614,620797077.000
-0.063,0.460,0.054,-11.044,-5.492,-0.632,620797176.000
-0.065,0.459,0.054,-11.010,-5.406,-0.622,620797277.000
-0.059,0.458,0.051,-10.962,-5.428,-0.612,620797376.000
-0.059,0.460,0.054,-10.891,-5.443,-0.602,620797477.000
-0.063,0.450,0.051,-10.939,-5.377,-0.612,620797576.000
-0.061,0.454,0.054,-10.861,-5.357,-0.611,620797677.000
-0.061,0.456,0.054,-10.790,-5.356,-0.601,620797776.000
-0.059,0.450,0.056,-10.787,-5.360,-0.609,620797876.000
-0.061,0.446,0.054,-10.768,-5.307,-0.609,620797977.000
-0.061,0.448,0.059,-10.684,-5.314,-0.572,620798077.000
-0.062,0.448,0.061,-10.656,-5.281,-0.571,620798176.000
-0.061,0.443,0.056,-10.659,-5.298,-0.589,620798276.000
-0.059,0.444,0.054,-10.596,-5.245,-0.597,620798377.000
-0.059,0.444,0.056,-10.555,-5.237,-0.597,620798476.000
-0.057,0.445,0.057,-10.492,-5.249,-0.606,620798577.000
-0.060,0.441,0.054,-10.473,-5.196,-0.578,620798676.000
-0.062,0.435,0.061,-10.484,-5.182,-0.559,620798777.000
-0.064,0.439,0.056,-10.420,-5.161,-0.559,620798877.000
-0.060,0.434,0.054,-10.394,-5.170,-0.576,620798976.000
-0.058,0.430,0.054,-10.348,-5.158,-0.575,620799077.000
-0.062,0.432,0.052,-10.319,-5.141,-0.566,620799176.000
-0.056,0.433,0.054,-10.256,-5.146,-0.574,620799276.000
-0.060,0.425,0.052,-10.261,-5.080,-0.602,620799376.000
-0.058,0.427,0.057,-10.197,-5.124,-0.555,620799477.000
-0.058,0.427,0.054,-10.156,-5.083,-0.554,620799577.000
-0.058,0.427,0.052,-10.128,-5.067,-0.526,620799676.000
-0.060,0.420,0.049,-10.138,-5.038,-0.535,620799776.000
-0.056,0.418,0.047,-10.097,-5.047,-0.544,620799876.000
-0.058,0.421,0.054,-10.062,-5.009,-0.544,620799977.000
-0.054,0.419,0.050,-9.993,-5.002,-0.551,620800077.000
-0.058,0.414,0.057,-9.997,-4.976,-0.542,620800176.000
-0.060,0.412,0.050,-9.922,-4.963,-0.533,620800276.000
-0.058,0.414,0.052,-9.914,-4.943,-0.541,620800377.000
-0.056,0.415,0.050,-9.864,-4.964,-0.522,620800476.000
-0.056,0.407,0.052,-9.869,-4.907,-0.522,620800577.000
-0.056,0.404,0.055,-9.856,-4.922,-0.531,620800676.000
-0.056,0.407,0.047,-9.772,-4.898,-0.521,620800776.000
-0.052,0.412,0.057,-9.700,-4.914,-0.501,620800876.000
-0.054,0.411,0.052,-9.680,-4.869,-0.520,620800977.000
-0.057,0.404,0.050,-9.663,-4.840,-0.528,620801077.000
-0.057,0.402,0.050,-9.636,-4.815,-0.509,620801176.000
-0.055,0.400,0.055,-9.616,-4.811,-0.500,620801277.000
-0.059,0.400,0.052,-9.590,-4.770,-0.527,620801376.000
-0.055,0.397,0.047,-9.521,-4.762,-0.508,620801477.000
-0.053,0.399,0.050,-9.485,-4.791,-0.489,620801576.000
-0.055,0.395,0.055,-9.467,-4.737,-0.488,620801676.000
-0.055,0.392,0.052,-9.469,-4.745,-0.497,620801777.000
-0.057,0.393,0.045,-9.392,-4.708,-0.506,620801877.000
-0.055,0.390,0.050,-9.387,-4.704,-0.506,620801976.000
-0.055,0.392,0.048,-9.344,-4.688,-0.496,620802076.000
-0.053,0.391,0.058,-9.283,-4.691,-0.486,620802176.000
-0.053,0.388,0.045,-9.270,-4.659,-0.495,620802276.000
-0.053,0.385,0.048,-9.244,-4.651,-0.503,620802377.000
-0.053,0.385,0.045,-9.216,-4.634,-0.503,620802477.000
-0.053,0.388,0.050,-9.146,-4.617,-0.493,620802576.000
-0.053,0.385,0.043,-9.174,-4.594,-0.475,620802677.000
-0.051,0.379,0.048,-9.143,-4.614,-0.483,620802776.000
-0.051,0.381,0.048,-9.059,-4.589,-0.473,620802876.000
-0.053,0.375,0.050,-9.084,-4.567,-0.482,620802976.000
-0.051,0.376,0.050,-9.048,-4.531,-0.463,620803077.000
-0.051,0.376,0.053,-8.979,-4.571,-0.435,620803176.000
-0.049,0.377,0.046,-8.971,-4.536,-0.472,620803277.000
-0.054,0.372,0.048,-8.947,-4.477,-0.462,620803376.000
-0.054,0.372,0.043,-8.905,-4.469,-0.462,620803476.000
-0.051,0.368,0.048,-8.914,-4.490,-0.461,620803577.000
-0.051,0.368,0.053,-8.859,-4.472,-0.461,620803677.000
-0.049,0.369,0.051,-8.824,-4.469,-0.469,620803776.000
-0.052,0.366,0.053,-8.805,-4.448,-0.441,620803876.000
-0.054,0.369,0.043,-8.754,-4.419,-0.441,620803976.000
-0.052,0.363,0.053,-8.724,-4.422,-0.450,620804077.000
-0.052,0.365,0.051,-8.681,-4.406,-0.440,620804176.000
-0.047,0.360,0.041,-8.696,-4.392,-0.458,620804276.000
-0.054,0.361,0.048,-8.635,-4.353,-0.439,620804376.000
-0.050,0.359,0.043,-8.608,-4.370,-0.448,620804477.000
-0.054,0.356,0.048,-8.610,-4.304,-0.429,620804576.000
-0.050,0.356,0.051,-8.554,-4.344,-0.429,620804676.000
-0.050,0.356,0.041,-8.526,-4.329,-0.428,620804777.000
-0.048,0.357,0.051,-8.477,-4.332,-0.437,620804876.000
-0.052,0.350,0.048,-8.482,-4.266,-0.436,620804976.000
-0.050,0.351,0.046,-8.473,-4.263,-0.418,620805076.000
-0.052,0.355,0.051,-8.410,-4.258,-0.418,620805177.000
-0.050,0.348,0.044,-8.379,-4.246,-0.454,620805276.000
-0.048,0.352,0.049,-8.356,-4.242,-0.426,620805377.000
-0.046,0.348,0.046,-8.309,-4.263,-0.425,620805477.000
-0.050,0.348,0.046,-8.282,-4.188,-0.425,620805577.000
-0.048,0.347,0.051,-8.234,-4.184,-0.415,620805676.000
-0.048,0.347,0.051,-8.207,-4.184,-0.414,620805777.000
-0.046,0.343,0.046,-8.215,-4.189,-0.414,620805877.000
-0.044,0.344,0.046,-8.166,-4.177,-0.422,620805977.000
-0.046,0.340,0.046,-8.161,-4.164,-0.395,620806076.000
-0.048,0.336,0.049,-8.129,-4.118,-0.394,620806177.000
-0.048,0.339,0.046,-8.072,-4.126,-0.412,620806276.000
-0.051,0.337,0.044,-8.080,-4.097,-0.403,620806377.000
-0.046,0.335,0.046,-8.026,-4.114,-0.411,620806477.000
-0.046,0.337,0.046,-8.011,-4.065,-0.402,620806576.000
-0.046,0.332,0.039,-7.985,-4.065,-0.392,620806676.000
-0.047,0.329,0.046,-7.960,-4.040,-0.401,620806777.000
-0.047,0.327,0.051,-7.947,-4.023,-0.382,620806877.000
-0.051,0.329,0.049,-7.877,-3.981,-0.373,620806977.000
-0.044,0.325,0.044,-7.858,-4.060,-0.400,620807076.000
-0.047,0.332,0.047,-7.834,-3.990,-0.390,620807176.000
-0.047,0.324,0.049,-7.838,-3.982,-0.390,620807276.000
-0.047,0.327,0.049,-7.768,-3.981,-0.380,620807376.000
-0.043,0.324,0.047,-7.741,-3.966,-0.416,620807476.000
-0.045,0.325,0.044,-7.719,-3.962,-0.370,620807577.000
-0.043,0.324,0.044,-7.685,-3.950,-0.360,620807676.000
-0.042,0.321,0.039,-7.673,-3.966,-0.397,620807777.000
-0.045,0.317,0.042,-7.668,-3.920,-0.369,620807877.000
-0.043,0.321,0.039,-7.590,-3.917,-0.368,620807976.000
-0.043,0.314,0.044,-7.608,-3.900,-0.368,620808077.000
-0.043,0.316,0.039,-7.551,-3.892,-0.358,620808177.000
-0.045,0.317,0.042,-7.530,-3.871,-0.367,620808276.000
-0.041,0.312,0.049,-7.519,-3.871,-0.385,620808376.000
-0.043,0.306,0.044,-7.529,-3.874,-0.366,620808477.000
-0.039,0.316,0.047,-7.454,-3.843,-0.328,620808576.000
-0.041,0.309,0.052,-7.452,-3.837,-0.365,620808676.000
-0.043,0.305,0.047,-7.447,-3.793,-0.365,620808776.000
-0.041,0.309,0.047,-7.396,-3.805,-0.337,620808877.000
-0.043,0.313,0.042,-7.332,-3.784,-0.364,620808976.000
-0.041,0.304,0.042,-7.357,-3.748,-0.354,620809077.000
-0.045,0.304,0.045,-7.330,-3.738,-0.382,620809176.000
-0.041,0.304,0.045,-7.260,-3.739,-0.326,620809276.000
-0.043,0.305,0.042,-7.212,-3.734,-0.363,620809377.000
-0.039,0.298,0.045,-7.270,-3.752,-0.334,620809476.000
-0.041,0.296,0.042,-7.237,-3.698,-0.352,620809577.000
-0.041,0.306,0.045,-7.121,-3.714,-0.343,620809676.000
-0.039,0.297,0.042,-7.187,-3.686,-0.333,620809776.000
-0.035,0.297,0.040,-7.131,-3.695,-0.332,620809877.000
-0.041,0.299,0.037,-7.111,-3.665,-0.342,620809977.000
-0.044,0.297,0.040,-7.091,-3.620,-0.333,620810077.000
-0.037,0.293,0.042,-7.072,-3.649,-0.331,620810177.000
-0.044,0.295,0.042,-7.024,-3.586,-0.341,620810276.000
-0.039,0.297,0.045,-6.981,-3.627,-0.331,620810377.000
-0.037,0.293,0.042,-6.989,-3.600,-0.330,620810477.000
-0.037,0.291,0.047,-6.963,-3.607,-0.312,620810578.000
-0.042,0.293,0.042,-6.920,-3.550,-0.302,620810678.000
-0.037,0.288,0.040,-6.923,-3.559,-0.320,620810778.000
-0.038,0.285,0.042,-6.896,-3.550,-0.301,620810878.000
-0.035,0.284,0.038,-6.890,-3.555,-0.347,620810977.000
-0.042,0.285,0.043,-6.856,-3.500,-0.329,620811078.000
-0.042,0.283,0.045,-6.830,-3.491,-0.310,620811177.000
-0.036,0.276,0.040,-6.825,-3.522,-0.318,620811277.000
-0.040,0.279,0.050,-6.783,-3.463,-0.309,620811378.000
-0.040,0.284,0.043,-6.725,-3.463,-0.318,620811477.000
-0.040,0.281,0.043,-6.726,-3.439,-0.299,620811577.000
-0.038,0.280,0.043,-6.706,-3.451,-0.289,620811678.000
-0.042,0.277,0.038,-6.707,-3.418,-0.299,620811777.000
-0.038,0.277,0.043,-6.680,-3.426,-0.298,620811877.000
-0.038,0.280,0.043,-6.609,-3.426,-0.288,620811978.000
-0.036,0.276,0.035,-6.617,-3.463,-0.288,620812077.000
-0.040,0.276,0.048,-6.591,-3.372,-0.260,620812177.000
-0.038,0.275,0.040,-6.598,-3.385,-0.306,620812278.000
-0.038,0.272,0.040,-6.558,-3.385,-0.315,620812377.000
-0.038,0.272,0.040,-6.558,-3.385,-0.315,620812477.000
-0.036,0.273,0.043,-6.509,-3.389,-0.296,620812577.000
-0.034,0.269,0.040,-6.490,-3.361,-0.295,620812678.000
-0.038,0.267,0.045,-6.478,-3.319,-0.276,620812777.000
-0.036,0.268,0.038,-6.442,-3.332,-0.285,620812877.000
-0.036,0.268,0.045,-6.415,-3.331,-0.285,620812978.000
-0.036,0.265,0.048,-6.403,-3.298,-0.294,620813078.000
-0.036,0.265,0.041,-6.375,-3.298,-0.293,620813178.000
-0.034,0.267,0.043,-6.367,-3.279,-0.275,620813277.000
-0.034,0.264,0.043,-6.313,-3.254,-0.283,620813378.000
-0.034,0.264,0.043,-6.300,-3.278,-0.283,620813477.000
-0.034,0.264,0.041,-6.272,-3.262,-0.283,620813578.000
-0.036,0.260,0.048,-6.282,-3.224,-0.282,620813677.000
-0.036,0.257,0.043,-6.283,-3.216,-0.292,620813777.000
-0.032,0.257,0.043,-6.240,-3.217,-0.263,620813877.000
-0.032,0.257,0.043,-6.241,-3.217,-0.291,620813978.000
-0.032,0.260,0.043,-6.156,-3.192,-0.281,620814077.000
-0.037,0.260,0.036,-6.156,-3.167,-0.281,620814177.000
-0.034,0.256,0.041,-6.165,-3.187,-0.281,620814278.000
-0.035,0.256,0.046,-6.124,-3.146,-0.252,620814377.000
-0.037,0.255,0.041,-6.118,-3.126,-0.271,620814477.000
-0.035,0.253,0.038,-6.084,-3.146,-0.289,620814578.000
-0.037,0.252,0.041,-6.050,-3.125,-0.252,620814678.000
-0.035,0.251,0.041,-6.071,-3.114,-0.270,620814778.000
-0.033,0.252,0.038,-6.036,-3.110,-0.279,620814877.000
-0.035,0.248,0.036,-6.017,-3.057,-0.278,620814978.000
-0.030,0.251,0.039,-5.974,-3.098,-0.268,620815078.000
-0.031,0.245,0.038,-5.991,-3.074,-0.259,620815177.000
-0.033,0.252,0.038,-5.925,-3.061,-0.250,620815278.000
-0.033,0.247,0.031,-5.955,-3.061,-0.268,620815378.000
-0.035,0.245,0.034,-5.922,-3.040,-0.259,620815478.000
-0.031,0.243,0.041,-5.923,-3.040,-0.239,620815578.000
-0.028,0.247,0.041,-5.872,-3.053,-0.239,620815677.000
-0.033,0.244,0.041,-5.861,-3.027,-0.276,620815778.000
-0.033,0.241,0.041,-5.862,-3.003,-0.257,620815878.000
-0.031,0.243,0.041,-5.840,-2.991,-0.238,620815978.000
-0.029,0.244,0.044,-5.777,-3.019,-0.247,620816078.000
-0.031,0.243,0.041,-5.785,-2.990,-0.238,620816178.000
-0.033,0.241,0.044,-5.751,-2.969,-0.228,620816277.000
-0.031,0.237,0.039,-5.760,-2.974,-0.228,620816377.000
-0.031,0.237,0.041,-5.732,-2.941,-0.228,620816478.000
-0.029,0.241,0.039,-5.695,-2.962,-0.227,620816578.000
-0.031,0.240,0.046,-5.690,-2.924,-0.218,620816677.000
-0.029,0.236,0.036,-5.670,-2.946,-0.217,620816778.000
-0.029,0.233,0.044,-5.714,-2.897,-0.226,620816877.000
-0.027,0.235,0.041,-5.651,-2.941,-0.235,620816977.000
-0.027,0.234,0.039,-5.596,-2.925,-0.262,620817078.000
-0.029,0.236,0.039,-5.588,-2.912,-0.244,620817177.000
-0.033,0.233,0.039,-5.617,-2.863,-0.226,620817277.000
-0.029,0.231,0.031,-5.562,-2.864,-0.234,620817377.000
-0.029,0.228,0.039,-5.605,-2.863,-0.216,620817478.000
-0.031,0.229,0.044,-5.543,-2.834,-0.225,620817577.000
-0.029,0.231,0.044,-5.535,-2.846,-0.206,620817677.000
-0.027,0.227,0.039,-5.516,-2.851,-0.205,620817777.000
-0.027,0.229,0.044,-5.502,-2.834,-0.251,620817878.000
-0.029,0.228,0.039,-5.495,-2.814,-0.215,620817977.000
-0.029,0.230,0.036,-5.452,-2.798,-0.205,620818077.000
-0.027,0.224,0.039,-5.476,-2.802,-0.214,620818177.000
-0.032,0.227,0.039,-5.420,-2.752,-0.204,620818278.000
-0.029,0.228,0.041,-5.413,-2.781,-0.214,620818378.000
-0.029,0.225,0.042,-5.386,-2.756,-0.222,620818477.000
-0.029,0.228,0.037,-5.385,-2.748,-0.213,620818577.000
-0.030,0.228,0.042,-5.357,-2.732,-0.213,620818677.000
-0.029,0.220,0.037,-5.403,-2.748,-0.240,620818778.000
-0.027,0.221,0.037,-5.367,-2.712,-0.221,620818877.000
-0.027,0.224,0.039,-5.311,-2.703,-0.212,620818978.000
-0.025,0.220,0.034,-5.305,-2.684,-0.211,620819078.000
-0.025,0.223,0.047,-5.277,-2.739,-0.202,620819177.000
-0.025,0.215,0.039,-5.322,-2.692,-0.202,620819277.000
-0.028,0.219,0.039,-5.272,-2.679,-0.202,620819376.000
-0.028,0.213,0.039,-5.302,-2.678,-0.220,620819476.000
-0.028,0.216,0.037,-5.246,-2.638,-0.210,620819576.000
-0.028,0.211,0.037,-5.276,-2.638,-0.201,620819677.000
-0.025,0.217,0.037,-5.224,-2.675,-0.192,620819777.000
-0.026,0.215,0.037,-5.198,-2.650,-0.200,620819878.000
-0.026,0.215,0.039,-5.184,-2.642,-0.200,620819976.000
-0.026,0.217,0.039,-5.182,-2.618,-0.191,620820076.000
-0.023,0.218,0.039,-5.120,-2.630,-0.199,620820177.000
-0.026,0.217,0.032,-5.141,-2.642,-0.218,620820278.000
-0.028,0.216,0.037,-5.107,-2.588,-0.181,620820377.000
-0.024,0.213,0.039,-5.108,-2.605,-0.190,620820476.000
-0.026,0.209,0.037,-5.131,-2.577,-0.190,620820576.000
-0.023,0.216,0.037,-5.052,-2.613,-0.208,620820676.000
-0.028,0.205,0.034,-5.099,-2.547,-0.189,620820778.000
-0.026,0.207,0.042,-5.077,-2.535,-0.170,620820876.000
-0.028,0.213,0.039,-5.026,-2.530,-0.189,620820976.000
-0.026,0.209,0.037,-5.021,-2.527,-0.216,620821076.000
-0.026,0.209,0.039,-5.007,-2.519,-0.188,620821176.000
-0.022,0.207,0.039,-5.021,-2.544,-0.169,620821277.000
-0.022,0.204,0.039,-5.023,-2.520,-0.178,620821376.000
-0.022,0.206,0.035,-4.966,-2.512,-0.196,620821476.000
-0.024,0.205,0.037,-4.960,-2.490,-0.187,620821577.000
-0.028,0.208,0.042,-4.946,-2.448,-0.150,620821676.000
-0.022,0.204,0.044,-4.941,-2.502,-0.177,620821776.000
-0.026,0.204,0.037,-4.941,-2.477,-0.178,620821876.000
-0.024,0.200,0.039,-4.936,-2.506,-0.177,620821977.000
-0.022,0.206,0.035,-4.884,-2.462,-0.195,620822077.000
-0.026,0.204,0.039,-4.913,-2.445,-0.177,620822177.000
-0.024,0.202,0.032,-4.878,-2.433,-0.167,620822276.000
-0.022,0.201,0.040,-4.859,-2.445,-0.213,620822376.000
-0.018,0.201,0.032,-4.885,-2.472,-0.185,620822476.000
-0.024,0.202,0.044,-4.852,-2.416,-0.167,620822576.000
-0.024,0.197,0.035,-4.840,-2.424,-0.185,620822676.000
-0.024,0.200,0.040,-4.825,-2.408,-0.176,620822777.000
-0.026,0.201,0.037,-4.804,-2.403,-0.157,620822877.000
-0.024,0.197,0.045,-4.785,-2.391,-0.157,620822977.000
-0.020,0.197,0.037,-4.798,-2.393,-0.184,620823076.000
-0.020,0.197,0.032,-4.784,-2.385,-0.184,620823177.000
-0.022,0.196,0.040,-4.751,-2.347,-0.174,620823277.000
-0.022,0.198,0.035,-4.722,-2.339,-0.192,620823376.000
-0.022,0.191,0.037,-4.740,-2.355,-0.164,620823476.000
-0.020,0.195,0.040,-4.703,-2.359,-0.136,620823577.000
-0.020,0.194,0.037,-4.703,-2.343,-0.164,620823677.000
-0.018,0.191,0.030,-4.725,-2.357,-0.164,620823777.000
-0.020,0.192,0.025,-4.703,-2.336,-0.173,620823877.000
-0.018,0.190,0.030,-4.642,-2.307,-0.190,620823977.000
-0.020,0.192,0.030,-4.662,-2.343,-0.173,620824077.000
-0.018,0.188,0.032,-4.658,-2.323,-0.172,620824177.000
-0.016,0.189,0.035,-4.622,-2.303,-0.181,620824277.000
-0.020,0.189,0.030,-4.623,-2.294,-0.181,620824377.000
-0.020,0.187,0.032,-4.610,-2.310,-0.163,620824476.000
-0.018,0.193,0.035,-4.572,-2.290,-0.181,620824577.000
-0.020,0.189,0.037,-4.554,-2.269,-0.153,620824677.000
-0.018,0.188,0.037,-4.575,-2.257,-0.143,620824777.000
-0.016,0.184,0.032,-4.583,-2.262,-0.143,620824876.000
-0.020,0.186,0.032,-4.555,-2.212,-0.161,620824977.000
-0.020,0.186,0.032,-4.514,-2.236,-0.161,620825076.000
-0.020,0.192,0.035,-4.497,-2.228,-0.170,620825177.000
-0.023,0.188,0.035,-4.465,-2.215,-0.170,620825276.000
-0.014,0.183,0.030,-4.508,-2.258,-0.160,620825377.000
-0.018,0.185,0.035,-4.466,-2.216,-0.151,620825477.000
-0.016,0.189,0.035,-4.415,-2.228,-0.151,620825576.000
-0.021,0.186,0.035,-4.444,-2.179,-0.133,620825677.000
-0.021,0.179,0.032,-4.448,-2.187,-0.132,620825776.000
-0.018,0.180,0.030,-4.440,-2.184,-0.141,620825877.000
-0.018,0.177,0.035,-4.415,-2.191,-0.150,620825977.000
-0.019,0.180,0.038,-4.427,-2.158,-0.141,620826077.000
-0.021,0.179,0.037,-4.421,-2.170,-0.132,620826176.000
-0.016,0.181,0.033,-4.405,-2.164,-0.122,620826277.000
-0.016,0.181,0.038,-4.392,-2.171,-0.150,620826376.000
-0.016,0.173,0.033,-4.423,-2.163,-0.149,620826477.000
-0.016,0.179,0.035,-4.406,-2.155,-0.131,620826576.000
-0.021,0.176,0.040,-4.354,-2.137,-0.140,620826677.000
-0.014,0.177,0.038,-4.345,-2.159,-0.148,620826776.000
-0.019,0.177,0.040,-4.332,-2.125,-0.149,620826876.000
-0.016,0.178,0.030,-4.337,-2.147,-0.130,620826976.000
-0.019,0.175,0.035,-4.319,-2.141,-0.130,620827077.000
-0.017,0.176,0.030,-4.311,-2.122,-0.139,620827177.000
-0.019,0.174,0.035,-4.278,-2.117,-0.130,620827276.000
-0.019,0.177,0.035,-4.263,-2.117,-0.148,620827376.000
-0.017,0.171,0.038,-4.287,-2.121,-0.129,620827476.000
-0.017,0.173,0.035,-4.244,-2.105,-0.147,620827576.000
-0.019,0.177,0.033,-4.221,-2.076,-0.120,620827676.000
-0.017,0.170,0.030,-4.245,-2.097,-0.156,620827776.000
-0.015,0.174,0.038,-4.208,-2.085,-0.128,620827877.000
-0.017,0.173,0.038,-4.216,-2.072,-0.092,620827977.000
-0.023,0.172,0.035,-4.183,-2.042,-0.110,620828077.000
-0.019,0.172,0.038,-4.196,-2.059,-0.110,620828178.000
-0.017,0.171,0.038,-4.231,-2.072,-0.128,620828277.000
-0.017,0.173,0.033,-4.147,-2.064,-0.119,620828377.000
-0.017,0.170,0.038,-4.149,-2.071,-0.128,620828477.000
-0.019,0.169,0.033,-4.156,-2.026,-0.146,620828577.000
-0.015,0.169,0.033,-4.170,-2.076,-0.146,620828678.000
-0.021,0.168,0.035,-4.095,-2.005,-0.109,620828778.000
-0.017,0.168,0.035,-4.150,-2.031,-0.109,620828877.000
-0.017,0.168,0.033,-4.136,-1.991,-0.108,620828978.000
-0.017,0.170,0.035,-4.107,-2.030,-0.127,620829078.000
-0.015,0.166,0.035,-4.130,-2.043,-0.127,620829178.000
-0.015,0.166,0.035,-4.061,-2.018,-0.126,620829278.000
-0.017,0.168,0.030,-4.081,-2.022,-0.136,620829377.000
-0.015,0.164,0.033,-4.089,-2.027,-0.108,620829477.000
-0.017,0.165,0.035,-4.055,-2.030,-0.117,620829577.000
-0.015,0.164,0.033,-4.062,-2.026,-0.135,620829677.000
-0.015,0.164,0.038,-4.020,-1.985,-0.107,620829777.000
-0.017,0.162,0.035,-4.042,-1.981,-0.126,620829877.000
-0.015,0.164,0.035,-4.034,-1.994,-0.107,620829977.000
-0.015,0.161,0.035,-4.022,-1.993,-0.116,620830078.000
-0.015,0.164,0.033,-4.007,-1.977,-0.134,620830178.000
-0.015,0.164,0.035,-3.993,-1.969,-0.106,620830277.000
-0.013,0.162,0.033,-3.972,-1.966,-0.124,620830378.000
-0.013,0.165,0.040,-3.972,-1.941,-0.115,620830478.000
-0.015,0.164,0.035,-3.965,-1.969,-0.106,620830578.000
-0.017,0.160,0.036,-3.947,-1.931,-0.134,620830678.000
-0.015,0.161,0.033,-3.966,-1.928,-0.115,620830777.000
-0.017,0.160,0.028,-3.933,-1.956,-0.134,620830877.000
-0.015,0.164,0.038,-3.910,-1.936,-0.106,620830977.000
-0.019,0.156,0.035,-3.928,-1.894,-0.106,620831078.000
-0.015,0.161,0.033,-3.911,-1.928,-0.115,620831177.000
-0.013,0.160,0.036,-3.919,-1.957,-0.105,620831278.000
-0.017,0.162,0.043,-3.891,-1.906,-0.096,620831378.000
-0.017,0.157,0.033,-3.879,-1.915,-0.114,620831477.000
-0.013,0.160,0.033,-3.863,-1.940,-0.105,620831577.000
-0.011,0.161,0.043,-3.843,-1.944,-0.113,620831678.000
-0.020,0.158,0.031,-3.858,-1.862,-0.123,620831777.000
-0.013,0.160,0.038,-3.836,-1.875,-0.104,620831878.000
-0.013,0.157,0.031,-3.837,-1.900,-0.113,620831977.000
-0.020,0.156,0.038,-3.818,-1.860,-0.104,620832078.000
-0.015,0.158,0.033,-3.802,-1.902,-0.123,620832177.000
-0.013,0.154,0.038,-3.825,-1.899,-0.094,620832278.000
-0.013,0.154,0.031,-3.810,-1.875,-0.094,620832378.000
-0.013,0.157,0.031,-3.754,-1.899,-0.113,620832477.000
-0.013,0.157,0.038,-3.769,-1.874,-0.112,620832578.000
-0.015,0.150,0.036,-3.792,-1.821,-0.094,620832678.000
-0.013,0.154,0.038,-3.756,-1.874,-0.094,620832778.000
-0.015,0.153,0.036,-3.764,-1.845,-0.112,620832878.000
-0.009,0.152,0.036,-3.784,-1.859,-0.102,620832977.000
-0.013,0.154,0.033,-3.742,-1.817,-0.093,620833077.000
-0.011,0.151,0.036,-3.764,-1.846,-0.093,620833178.000
-0.011,0.153,0.036,-3.721,-1.846,-0.084,620833278.000
-0.013,0.147,0.043,-3.760,-1.832,-0.093,620833377.000
-0.013,0.152,0.036,-3.715,-1.809,-0.074,620833477.000
-0.011,0.145,0.031,-3.739,-1.814,-0.111,620833577.000
-0.011,0.148,0.036,-3.711,-1.821,-0.101,620833678.000
-0.011,0.145,0.033,-3.725,-1.805,-0.083,620833778.000
-0.011,0.150,0.031,-3.681,-1.813,-0.092,620833877.000
-0.009,0.149,0.036,-3.689,-1.810,-0.083,620833978.000
-0.013,0.152,0.036,-3.647,-1.784,-0.101,620834078.000
-0.011,0.150,0.036,-3.667,-1.773,-0.064,620834177.000
-0.009,0.152,0.033,-3.618,-1.842,-0.101,620834277.000
-0.011,0.148,0.036,-3.642,-1.796,-0.101,620834378.000
-0.013,0.144,0.033,-3.678,-1.792,-0.073,620834477.000
-0.013,0.149,0.033,-3.606,-1.767,-0.082,620834578.000
-0.011,0.145,0.028,-3.642,-1.773,-0.082,620834677.000
-0.011,0.145,0.031,-3.588,-1.788,-0.109,620834777.000
-0.013,0.149,0.028,-3.592,-1.760,-0.082,620834877.000
-0.011,0.148,0.028,-3.599,-1.772,-0.073,620834977.000
-0.011,0.142,0.028,-3.602,-1.772,-0.091,620835077.000
-0.016,0.150,0.033,-3.530,-1.730,-0.063,620835177.000
-0.014,0.144,0.028,-3.581,-1.735,-0.100,620835278.000
-0.011,0.145,0.031,-3.560,-1.739,-0.081,620835378.000
-0.011,0.140,0.033,-3.590,-1.755,-0.072,620835477.000
-0.014,0.144,0.033,-3.568,-1.743,-0.072,620835577.000
-0.011,0.150,0.033,-3.502,-1.707,-0.062,620835678.000
-0.007,0.145,0.031,-3.531,-1.765,-0.080,620835778.000
-0.011,0.142,0.031,-3.520,-1.739,-0.090,620835878.000
-0.009,0.144,0.034,-3.512,-1.719,-0.099,620835978.000
-0.009,0.144,0.036,-3.498,-1.759,-0.071,620836077.000
-0.011,0.142,0.031,-3.506,-1.714,-0.089,620836177.000
-0.009,0.144,0.036,-3.512,-1.735,-0.071,620836278.000
-0.012,0.142,0.029,-3.478,-1.698,-0.089,620836378.000
-0.009,0.138,0.031,-3.515,-1.703,-0.089,620836478.000
-0.012,0.145,0.038,-3.450,-1.689,-0.080,620836577.000
-0.012,0.142,0.036,-3.437,-1.673,-0.061,620836677.000
-0.014,0.141,0.029,-3.431,-1.685,-0.080,620836777.000
-0.012,0.137,0.031,-3.453,-1.665,-0.051,620836878.000
-0.007,0.137,0.034,-3.439,-1.731,-0.079,620836978.000
-0.009,0.141,0.034,-3.431,-1.694,-0.079,620837077.000
-0.014,0.141,0.031,-3.417,-1.677,-0.079,620837177.000
-0.010,0.141,0.033,-3.416,-1.669,-0.051,620837277.000
-0.012,0.140,0.034,-3.424,-1.657,-0.070,620837377.000
-0.014,0.138,0.033,-3.391,-1.668,-0.061,620837477.000
-0.010,0.138,0.036,-3.390,-1.661,-0.060,620837577.000
-0.007,0.137,0.036,-3.370,-1.673,-0.078,620837678.000
-0.010,0.136,0.036,-3.378,-1.660,-0.069,620837777.000
-0.007,0.134,0.036,-3.371,-1.649,-0.059,620837878.000
-0.012,0.139,0.029,-3.328,-1.648,-0.097,620837978.000
-0.005,0.138,0.031,-3.348,-1.678,-0.059,620838077.000
-0.012,0.132,0.034,-3.360,-1.607,-0.068,620838178.000
-0.014,0.138,0.031,-3.308,-1.651,-0.060,620838277.000
-0.010,0.133,0.039,-3.338,-1.627,-0.077,620838377.000
-0.007,0.134,0.029,-3.344,-1.649,-0.087,620838478.000
-0.012,0.140,0.036,-3.272,-1.599,-0.040,620838578.000
-0.014,0.133,0.026,-3.297,-1.595,-0.077,620838678.000
-0.008,0.129,0.034,-3.319,-1.632,-0.077,620838777.000
-0.010,0.130,0.036,-3.312,-1.587,-0.086,620838878.000
-0.010,0.133,0.031,-3.282,-1.579,-0.049,620838977.000
-0.008,0.132,0.031,-3.290,-1.592,-0.067,620839078.000
-0.012,0.132,0.029,-3.304,-1.575,-0.068,620839177.000
-0.008,0.127,0.026,-3.292,-1.560,-0.057,620839277.000
-0.008,0.132,0.031,-3.235,-1.591,-0.067,620839377.000
-0.010,0.133,0.031,-3.227,-1.579,-0.048,620839477.000
-0.012,0.132,0.029,-3.235,-1.550,-0.067,620839578.000
-0.010,0.130,0.029,-3.242,-1.563,-0.057,620839678.000
-0.008,0.132,0.036,-3.235,-1.575,-0.039,620839777.000
-0.008,0.132,0.036,-3.207,-1.574,-0.066,620839878.000
-0.005,0.130,0.026,-3.228,-1.596,-0.057,620839978.000
-0.008,0.129,0.034,-3.181,-1.582,-0.047,620840077.000
-0.006,0.130,0.034,-3.187,-1.571,-0.056,620840177.000
-0.012,0.126,0.036,-3.197,-1.524,-0.057,620840277.000
-0.010,0.130,0.039,-3.188,-1.529,-0.057,620840377.000
-0.012,0.129,0.039,-3.182,-1.540,-0.048,620840478.000
-0.008,0.127,0.029,-3.195,-1.551,-0.029,620840578.000
-0.010,0.128,0.034,-3.175,-1.545,-0.066,620840677.000
-0.006,0.125,0.026,-3.175,-1.547,-0.074,620840778.000
-0.008,0.126,0.029,-3.182,-1.526,-0.056,620840878.000
-0.008,0.126,0.026,-3.140,-1.534,-0.056,620840978.000
-0.010,0.125,0.026,-3.162,-1.497,-0.047,620841078.000
-0.006,0.125,0.031,-3.162,-1.554,-0.047,620841177.000
-0.010,0.125,0.034,-3.163,-1.496,-0.074,620841278.000
-0.008,0.126,0.039,-3.141,-1.517,-0.056,620841377.000
-0.008,0.121,0.031,-3.157,-1.493,-0.046,620841477.000
-0.012,0.129,0.034,-3.085,-1.483,-0.047,620841577.000
-0.008,0.126,0.031,-3.113,-1.517,-0.056,620841678.000
-0.008,0.126,0.039,-3.100,-1.492,-0.055,620841778.000
-0.006,0.125,0.034,-3.079,-1.521,-0.046,620841877.000
-0.010,0.120,0.031,-3.124,-1.504,-0.065,620841977.000
-0.006,0.125,0.029,-3.092,-1.514,-0.046,620842077.000
-0.010,0.125,0.031,-3.066,-1.455,-0.046,620842177.000
-0.004,0.121,0.029,-3.074,-1.502,-0.045,620842278.000
-0.008,0.121,0.026,-3.074,-1.460,-0.045,620842377.000
-0.008,0.126,0.039,-3.031,-1.467,-0.054,620842478.000
-0.008,0.124,0.036,-3.046,-1.500,-0.036,620842578.000
-0.008,0.124,0.039,-3.046,-1.467,-0.036,620842677.000
-0.008,0.124,0.024,-3.017,-1.468,-0.036,620842778.000
-0.006,0.122,0.031,-3.039,-1.456,-0.026,620842877.000
-0.010,0.122,0.034,-2.998,-1.422,-0.026,620842978.000
-0.006,0.120,0.029,-3.026,-1.489,-0.008,620843077.000
-0.004,0.121,0.029,-3.018,-1.501,-0.044,620843177.000
-0.006,0.125,0.031,-2.968,-1.456,-0.017,620843278.000
-0.008,0.113,0.031,-3.078,-1.419,-0.044,620843377.000
-0.008,0.124,0.031,-2.949,-1.443,-0.035,620843477.000
-0.008,0.116,0.031,-2.994,-1.443,-0.035,620843578.000
-0.004,0.118,0.027,-2.992,-1.461,-0.053,620843677.000
-0.006,0.120,0.029,-2.985,-1.415,-0.035,620843778.000
-0.008,0.113,0.041,-3.010,-1.409,-0.016,620843878.000
-0.006,0.117,0.032,-2.973,-1.431,-0.044,620843978.000
-0.008,0.121,0.032,-2.936,-1.394,-0.044,620844077.000
-0.006,0.120,0.032,-2.930,-1.431,-0.034,620844178.000
-0.004,0.116,0.029,-2.938,-1.403,-0.034,620844278.000
-0.002,0.120,0.029,-2.929,-1.440,-0.034,620844377.000
-0.008,0.116,0.039,-2.940,-1.393,-0.034,620844478.000
-0.004,0.116,0.034,-2.925,-1.411,-0.033,620844578.000
-0.008,0.113,0.032,-2.927,-1.393,-0.043,620844676.000
-0.008,0.116,0.032,-2.925,-1.369,-0.034,620844777.000
-0.010,0.120,0.034,-2.862,-1.396,-0.034,620844877.000
-0.006,0.114,0.024,-2.918,-1.407,-0.052,620844976.000
-0.011,0.114,0.031,-2.905,-1.356,-0.025,620845077.000
-0.006,0.120,0.034,-2.875,-1.349,-0.033,620845176.000
-0.004,0.113,0.027,-2.884,-1.411,-0.015,620845277.000
-0.006,0.112,0.032,-2.892,-1.381,-0.033,620845376.000
-0.008,0.113,0.029,-2.885,-1.353,-0.015,620845478.000
-0.004,0.116,0.032,-2.869,-1.394,-0.005,620845578.000
-0.008,0.123,0.032,-2.797,-1.368,-0.033,620845677.000
-0.006,0.114,0.027,-2.849,-1.398,-0.024,620845777.000
-0.006,0.114,0.027,-2.808,-1.325,-0.023,620845878.000
-0.004,0.113,0.029,-2.829,-1.378,-0.014,620845977.000
-0.002,0.114,0.029,-2.835,-1.366,-0.023,620846079.000
-0.011,0.109,0.029,-2.853,-1.340,-0.042,620846178.000
-0.002,0.114,0.034,-2.794,-1.374,-0.022,620846277.000
-0.002,0.112,0.027,-2.795,-1.398,-0.032,620846377.000
-0.006,0.112,0.032,-2.782,-1.332,-0.032,620846478.000
-0.008,0.110,0.032,-2.804,-1.344,-0.023,620846578.000
-0.008,0.113,0.027,-2.774,-1.336,-0.014,620846678.000
-0.006,0.112,0.024,-2.768,-1.308,-0.032,620846777.000
-0.004,0.110,0.029,-2.776,-1.353,-0.050,620846878.000
-0.009,0.110,0.029,-2.776,-1.327,-0.023,620846978.000
-0.006,0.109,0.032,-2.797,-1.332,-0.013,620847079.000
-0.004,0.110,0.029,-2.775,-1.304,-0.022,620847177.000
-0.002,0.112,0.029,-2.740,-1.365,-0.031,620847277.000
-0.004,0.108,0.029,-2.763,-1.304,-0.031,620847378.000
-0.004,0.110,0.034,-2.748,-1.336,-0.022,620847478.000
-0.004,0.105,0.034,-2.737,-1.311,-0.012,620847578.000
-0.004,0.108,0.029,-2.763,-1.304,-0.031,620847677.000
-0.002,0.112,0.032,-2.713,-1.332,-0.031,620847778.000
-0.006,0.109,0.029,-2.728,-1.340,-0.013,620847878.000
-0.002,0.107,0.029,-2.715,-1.316,0.007,620847978.000
-0.004,0.108,0.027,-2.694,-1.312,-0.030,620848077.000
-0.004,0.108,0.032,-2.708,-1.319,-0.030,620848178.000
-0.004,0.103,0.027,-2.738,-1.288,-0.021,620848278.000
-0.004,0.108,0.027,-2.708,-1.288,-0.030,620848378.000
-0.004,0.105,0.032,-2.695,-1.271,0.016,620848477.000
-0.004,0.108,0.027,-2.680,-1.287,-0.002,620848578.000
-0.004,0.105,0.027,-2.695,-1.287,-0.012,620848677.000
-0.002,0.106,0.029,-2.687,-1.316,-0.021,620848778.000
-0.004,0.105,0.032,-2.668,-1.270,-0.011,620848878.000
-0.004,0.105,0.032,-2.668,-1.270,-0.011,620848977.000
-0.007,0.104,0.029,-2.675,-1.242,-0.002,620849078.000
-0.002,0.106,0.024,-2.646,-1.259,-0.020,620849178.000
-0.004,0.110,0.029,-2.637,-1.254,-0.020,620849278.000
-0.007,0.106,0.032,-2.633,-1.257,-0.020,620849378.000
-0.007,0.104,0.029,-2.620,-1.241,-0.029,620849478.000
-0.007,0.106,0.032,-2.646,-1.233,0.007,620849577.000
-0.002,0.101,0.034,-2.649,-1.275,0.017,620849678.000
-0.002,0.104,0.024,-2.592,-1.235,-0.028,620849777.000
-0.005,0.107,0.034,-2.598,-1.237,-0.029,620849877.000
-0.002,0.106,0.029,-2.605,-1.267,-0.020,620849978.000
-0.002,0.106,0.029,-2.591,-1.242,-0.019,620850077.000
-0.000,0.105,0.027,-2.598,-1.288,-0.010,620850178.000
-0.009,0.102,0.034,-2.614,-1.236,0.008,620850278.000
-0.002,0.104,0.027,-2.606,-1.275,-0.001,620850377.000
-0.005,0.108,0.027,-2.569,-1.238,-0.001,620850477.000
-0.007,0.104,0.022,-2.578,-1.217,-0.029,620850577.000
-0.002,0.101,0.029,-2.580,-1.218,-0.010,620850677.000
-0.005,0.105,0.029,-2.557,-1.205,-0.010,620850778.000
-0.002,0.104,0.027,-2.551,-1.226,-0.028,620850877.000
-0.000,0.102,0.029,-2.558,-1.255,-0.019,620850978.000
-0.002,0.098,0.029,-2.567,-1.217,-0.019,620851077.000
-0.003,0.101,0.034,-2.552,-1.201,0.019,620851177.000
-0.005,0.102,0.032,-2.531,-1.196,-0.019,620851278.000
-0.002,0.101,0.032,-2.525,-1.233,-0.009,620851377.000
-0.000,0.105,0.029,-2.501,-1.230,0.019,620851478.000
-0.003,0.101,0.032,-2.538,-1.209,-0.009,620851577.000
-0.005,0.102,0.025,-2.503,-1.197,-0.018,620851677.000
-0.003,0.096,0.029,-2.541,-1.193,0.000,620851777.000
-0.005,0.102,0.029,-2.517,-1.204,-0.019,620851877.000
-0.003,0.098,0.027,-2.512,-1.201,0.010,620851978.000
-0.003,0.104,0.025,-2.481,-1.185,0.001,620852078.000
-0.000,0.097,0.024,-2.505,-1.222,0.019,620852178.000
-0.005,0.097,0.029,-2.520,-1.204,-0.009,620852277.000
-0.005,0.100,0.029,-2.477,-1.156,0.028,620852378.000
-0.003,0.096,0.030,-2.514,-1.192,-0.027,620852478.000
-0.005,0.100,0.029,-2.477,-1.155,0.001,620852578.000
-0.003,0.098,0.027,-2.498,-1.177,-0.018,620852678.000
-0.005,0.102,0.032,-2.462,-1.171,-0.018,620852778.000
-0.000,0.100,0.027,-2.462,-1.189,0.001,620852878.000
-0.000,0.097,0.030,-2.464,-1.181,-0.008,620852977.000
-0.003,0.096,0.027,-2.472,-1.152,0.001,620853077.000
-0.007,0.096,0.029,-2.431,-1.166,0.029,620853178.000
-0.007,0.101,0.027,-2.442,-1.175,-0.009,620853277.000
-0.003,0.096,0.032,-2.458,-1.159,0.001,620853378.000
-0.000,0.097,0.030,-2.437,-1.180,-0.035,620853478.000
-0.001,0.094,0.029,-2.465,-1.156,0.011,620853578.000
-0.005,0.097,0.034,-2.423,-1.114,0.020,620853678.000
-0.003,0.091,0.027,-2.460,-1.127,0.011,620853777.000
-0.001,0.100,0.027,-2.434,-1.140,0.029,620853877.000
0.004,0.097,0.032,-2.422,-1.149,0.021,620853977.000
-0.003,0.090,0.027,-2.419,-1.151,-0.016,620854077.000
-0.001,0.097,0.027,-2.409,-1.164,-0.007,620854178.000
-0.005,0.094,0.025,-2.397,-1.122,-0.016,620854278.000
-0.005,0.094,0.027,-2.424,-1.139,0.011,620854378.000
-0.001,0.094,0.030,-2.382,-1.155,0.012,620854477.000
-0.001,0.094,0.035,-2.383,-1.139,0.012,620854578.000
-0.003,0.098,0.027,-2.387,-1.127,0.011,620854677.000
-0.003,0.096,0.027,-2.375,-1.127,0.002,620854778.000
-0.003,0.093,0.030,-2.391,-1.094,-0.007,620854878.000
-0.001,0.094,0.032,-2.369,-1.147,0.012,620854978.000
-0.005,0.094,0.027,-2.369,-1.090,0.012,620855077.000
-0.001,0.094,0.027,-2.368,-1.115,0.012,620855177.000
-0.003,0.093,0.020,-2.362,-1.127,-0.007,620855277.000
-0.003,0.093,0.032,-2.391,-1.110,-0.007,620855377.000
-0.003,0.090,0.030,-2.392,-1.118,0.012,620855477.000
-0.001,0.094,0.027,-2.355,-1.091,0.012,620855577.000
-0.003,0.093,0.027,-2.377,-1.102,-0.007,620855677.000
-0.001,0.092,0.030,-2.342,-1.107,0.031,620855777.000
-0.001,0.087,0.030,-2.373,-1.106,0.013,620855878.000
-0.001,0.094,0.027,-2.327,-1.091,0.013,620855977.000
-0.003,0.090,0.027,-2.350,-1.078,0.012,620856078.000
-0.001,0.089,0.030,-2.357,-1.107,0.022,620856178.000
-0.001,0.092,0.030,-2.329,-1.082,0.004,620856277.000
-0.005,0.094,0.030,-2.300,-1.032,0.013,620856377.000
0.001,0.096,0.027,-2.292,-1.103,0.004,620856477.000
-0.001,0.094,0.027,-2.286,-1.066,0.013,620856577.000
0.001,0.093,0.027,-2.307,-1.103,-0.005,620856678.000
-0.001,0.089,0.032,-2.330,-1.074,0.022,620856777.000
0.001,0.088,0.022,-2.309,-1.119,0.004,620856877.000
0.001,0.090,0.030,-2.322,-1.119,0.013,620856977.000
0.001,0.088,0.030,-2.324,-1.095,0.004,620857077.000
-0.001,0.094,0.025,-2.244,-1.074,0.013,620857177.000
-0.001,0.089,0.022,-2.288,-1.082,0.022,620857278.000
-0.003,0.088,0.027,-2.283,-1.077,0.004,620857377.000
-0.001,0.089,0.025,-2.261,-1.049,-0.005,620857478.000
-0.001,0.089,0.030,-2.302,-1.057,0.023,620857577.000
-0.003,0.090,0.030,-2.281,-1.069,0.013,620857677.000
0.001,0.088,0.027,-2.282,-1.054,0.005,620857777.000
-0.003,0.090,0.027,-2.267,-1.029,0.014,620857878.000
-0.001,0.086,0.025,-2.262,-1.025,0.014,620857977.000
-0.001,0.089,0.025,-2.260,-1.049,0.023,620858078.000
0.001,0.093,0.027,-2.224,-1.054,0.023,620858178.000
0.001,0.088,0.030,-2.268,-1.045,0.005,620858277.000
-0.003,0.085,0.025,-2.270,-1.012,-0.005,620858378.000
0.001,0.090,0.030,-2.226,-1.045,0.014,620858477.000
0.001,0.090,0.025,-2.225,-1.062,0.014,620858578.000
0.001,0.090,0.027,-2.225,-1.078,0.014,620858678.000
0.001,0.088,0.030,-2.240,-1.045,0.033,620858777.000
0.003,0.092,0.027,-2.176,-1.066,0.033,620858877.000
0.001,0.088,0.030,-2.199,-1.021,0.033,620858977.000
0.001,0.090,0.027,-2.212,-1.053,0.014,620859077.000
0.003,0.086,0.027,-2.248,-1.042,0.015,620859177.000
-0.003,0.082,0.027,-2.244,-1.004,-0.013,620859278.000
0.001,0.085,0.030,-2.201,-1.045,0.024,620859378.000
-0.001,0.086,0.025,-2.207,-1.025,0.015,620859477.000
-0.001,0.089,0.027,-2.178,-1.016,0.024,620859578.000
-0.001,0.086,0.020,-2.220,-1.017,0.014,620859678.000
-0.003,0.085,0.030,-2.215,-0.995,0.024,620859777.000
-0.001,0.086,0.027,-2.207,-1.040,0.014,620859877.000
0.001,0.088,0.025,-2.171,-0.989,0.034,620859977.000
-0.001,0.086,0.025,-2.165,-1.000,0.015,620860078.000
0.001,0.088,0.025,-2.185,-1.013,0.034,620860177.000
0.001,0.082,0.022,-2.201,-1.021,0.015,620860277.000
-0.003,0.090,0.022,-2.143,-0.971,-0.013,620860377.000
0.003,0.086,0.020,-2.206,-1.018,0.015,620860477.000
0.001,0.085,0.022,-2.145,-0.996,0.025,620860578.000
-0.003,0.088,0.035,-2.117,-0.978,0.061,620860678.000
-0.001,0.084,0.025,-2.167,-0.975,0.006,620860777.000
0.003,0.081,0.030,-2.154,-0.984,0.026,620860877.000
-0.008,0.087,0.022,-2.131,-0.946,0.033,620860977.000
0.001,0.082,0.030,-2.161,-0.996,0.016,620861077.000
-0.005,0.086,0.022,-2.111,-0.958,0.015,620861177.000
0.001,0.085,0.025,-2.131,-0.988,0.025,620861277.000
0.001,0.085,0.022,-2.131,-0.972,-0.002,620861377.000
-0.001,0.084,0.027,-2.153,-0.967,0.006,620861477.000
0.003,0.086,0.020,-2.136,-0.993,0.044,620861577.000
0.001,0.082,0.025,-2.091,-0.988,0.044,620861678.000
0.001,0.082,0.020,-2.105,-0.980,0.016,620861777.000
-0.001,0.084,0.022,-2.111,-0.959,0.007,620861878.000
0.001,0.082,0.032,-2.133,-0.963,0.044,620861978.000
0.003,0.086,0.018,-2.081,-0.977,0.017,620862077.000
-0.001,0.078,0.022,-2.128,-0.935,0.016,620862178.000
-0.001,0.081,0.022,-2.113,-0.935,0.026,620862278.000
-0.001,0.086,0.025,-2.082,-0.951,0.044,620862377.000
0.003,0.081,0.027,-2.099,-0.968,0.026,620862477.000
-0.003,0.080,0.025,-2.093,-0.938,0.035,620862578.000
0.003,0.081,0.027,-2.071,-0.967,0.054,620862677.000
-0.003,0.080,0.027,-2.079,-0.929,0.035,620862777.000
-0.001,0.083,0.027,-2.042,-0.918,0.035,620862877.000
0.003,0.081,0.025,-2.057,-0.976,0.026,620862979.000
0.003,0.084,0.025,-2.000,-0.951,0.036,620863078.000
0.003,0.078,0.022,-2.072,-0.960,0.045,620863179.000
-0.001,0.083,0.027,-2.015,-0.917,0.036,620863278.000
-0.001,0.081,0.025,-2.044,-0.926,0.026,620863378.000
0.001,0.080,0.022,-2.037,-0.947,0.036,620863478.000
0.001,0.080,0.020,-2.051,-0.907,0.036,620863579.000
0.003,0.079,0.022,-2.071,-0.960,0.073,620863679.000
-0.001,0.081,0.020,-2.030,-0.918,0.026,620863778.000
-0.001,0.078,0.022,-2.059,-0.910,0.017,620863879.000
-0.001,0.078,0.025,-2.045,-0.901,0.017,620863978.000
-0.001,0.081,0.020,-2.030,-0.918,0.026,620864079.000
0.003,0.083,0.027,-1.987,-0.942,0.036,620864178.000
0.001,0.077,0.020,-2.025,-0.930,0.027,620864279.000
0.003,0.078,0.020,-2.031,-0.919,0.018,620864379.000
-0.004,0.079,0.020,-1.996,-0.881,0.008,620864478.000
-0.001,0.078,0.027,-1.976,-0.892,0.046,620864578.000
-0.004,0.077,0.025,-1.998,-0.888,0.027,620864678.000
0.001,0.085,0.020,-1.952,-0.930,-0.001,620864779.000
0.003,0.076,0.020,-2.005,-0.943,0.009,620864879.000
-0.001,0.073,0.020,-2.033,-0.893,0.055,620864979.000
0.003,0.076,0.020,-2.004,-0.894,0.009,620865079.000
0.003,0.076,0.027,-2.018,-0.918,0.037,620865179.000
-0.001,0.081,0.025,-1.975,-0.901,0.027,620865279.000
0.001,0.077,0.022,-1.983,-0.922,0.055,620865378.000
0.001,0.077,0.025,-1.997,-0.914,0.055,620865479.000
0.001,0.077,0.025,-1.983,-0.889,0.055,620865578.000
0.001,0.077,0.022,-1.969,-0.897,0.055,620865679.000
0.001,0.072,0.030,-2.014,-0.873,0.037,620865779.000
0.001,0.077,0.028,-1.956,-0.905,0.028,620865879.000
-0.001,0.076,0.020,-1.977,-0.869,0.037,620865978.000
-0.001,0.076,0.023,-1.963,-0.860,0.037,620866078.000
0.003,0.073,0.025,-2.006,-0.902,0.028,620866179.000
0.003,0.078,0.023,-1.948,-0.886,0.046,620866278.000
0.001,0.079,0.023,-1.940,-0.873,0.037,620866379.000
0.003,0.078,0.023,-1.961,-0.910,0.046,620866478.000
0.001,0.072,0.027,-1.973,-0.880,0.037,620866579.000
0.001,0.074,0.022,-1.971,-0.873,0.046,620866678.000
0.003,0.076,0.028,-1.963,-0.918,0.037,620866778.000
0.001,0.072,0.018,-1.986,-0.890,0.009,620866878.000
-0.001,0.076,0.022,-1.922,-0.884,0.065,620866979.000
0.001,0.072,0.023,-1.959,-0.873,0.010,620867079.000
0.003,0.075,0.023,-1.922,-0.861,0.010,620867179.000
0.001,0.077,0.030,-1.928,-0.872,0.056,620867278.000
-0.001,0.076,0.023,-1.936,-0.860,0.037,620867379.000
0.001,0.072,0.023,-1.931,-0.872,0.038,620867478.000
-0.001,0.076,0.023,-1.936,-0.860,0.037,620867579.000
0.001,0.077,0.025,-1.928,-0.889,0.056,620867678.000
-0.001,0.078,0.028,-1.880,-0.867,0.047,620867778.000
0.003,0.073,0.018,-1.909,-0.877,0.029,620867879.000
-0.004,0.077,0.025,-1.873,-0.863,0.056,620867978.000
-0.002,0.068,0.023,-1.968,-0.836,0.037,620868078.000
0.003,0.073,0.018,-1.908,-0.878,0.056,620868178.000
-0.004,0.074,0.027,-1.916,-0.830,0.047,620868278.000
0.003,0.073,0.025,-1.910,-0.877,0.001,620868378.000
0.003,0.070,0.020,-1.910,-0.869,0.047,620868479.000
0.001,0.074,0.025,-1.916,-0.840,0.047,620868579.000
0.003,0.076,0.018,-1.894,-0.877,0.038,620868678.000
-0.002,0.073,0.025,-1.882,-0.851,0.029,620868779.000
0.001,0.072,0.023,-1.903,-0.872,0.038,620868879.000
0.003,0.076,0.027,-1.908,-0.869,0.066,620868978.000
-0.002,0.073,0.025,-1.882,-0.851,0.029,620869078.000
0.001,0.074,0.025,-1.888,-0.840,0.047,620869178.000
0.001,0.069,0.020,-1.904,-0.832,0.029,620869278.000
-0.002,0.068,0.025,-1.899,-0.827,0.038,620869379.000
0.001,0.066,0.023,-1.892,-0.847,0.020,620869478.000
-0.002,0.075,0.032,-1.840,-0.802,0.066,620869578.000
-0.004,0.077,0.028,-1.832,-0.805,0.057,620869678.000
0.003,0.073,0.028,-1.854,-0.844,0.057,620869778.000
-0.002,0.070,0.028,-1.870,-0.818,0.048,620869879.000
0.001,0.069,0.028,-1.877,-0.831,0.029,620869979.000
0.001,0.072,0.028,-1.862,-0.831,0.066,620870079.000
-0.002,0.073,0.028,-1.855,-0.818,0.057,620870177.000
0.001,0.072,0.023,-1.848,-0.823,0.039,620870277.000
0.000,0.072,0.025,-1.862,-0.815,0.039,620870378.000
0.000,0.069,0.028,-1.863,-0.807,0.057,620870478.000
0.003,0.073,0.030,-1.840,-0.835,0.057,620870577.000
0.003,0.070,0.023,-1.855,-0.836,0.048,620870677.000
0.001,0.072,0.025,-1.848,-0.839,0.039,620870777.000
