0.047,-0.053,-0.116,1.415,1.647,0.347,521202288.000
0.047,-0.056,-0.113,1.427,1.631,0.338,521202390.000
0.047,-0.059,-0.111,1.412,1.615,0.356,521202488.000
0.049,-0.055,-0.113,1.422,1.642,0.357,521202588.000
0.045,-0.052,-0.111,1.464,1.652,0.366,521202688.000
0.045,-0.057,-0.113,1.392,1.643,0.347,521202789.000
0.045,-0.055,-0.113,1.449,1.619,0.356,521202889.000
0.045,-0.057,-0.116,1.392,1.659,0.347,521202988.000
0.045,-0.055,-0.118,1.408,1.627,0.356,521203089.000
0.047,-0.051,-0.108,1.458,1.647,0.357,521203189.000
0.045,-0.060,-0.121,1.364,1.667,0.338,521203289.000
0.045,-0.055,-0.116,1.435,1.659,0.356,521203389.000
0.045,-0.055,-0.111,1.420,1.652,0.329,521203488.000
0.045,-0.060,-0.116,1.391,1.684,0.338,521203588.000
0.043,-0.059,-0.108,1.384,1.673,0.356,521203688.000
0.047,-0.051,-0.113,1.430,1.631,0.356,521203789.000
0.043,-0.056,-0.113,1.413,1.680,0.338,521203889.000
0.047,-0.056,-0.116,1.414,1.622,0.338,521203988.000
0.045,-0.055,-0.116,1.407,1.659,0.356,521204088.000
0.049,-0.055,-0.116,1.408,1.634,0.357,521204189.000
0.047,-0.061,-0.118,1.384,1.638,0.347,521204289.000
0.045,-0.057,-0.116,1.392,1.659,0.347,521204388.000
0.047,-0.053,-0.113,1.443,1.631,0.347,521204488.000
0.049,-0.055,-0.108,1.435,1.635,0.357,521204588.000
0.045,-0.057,-0.113,1.406,1.668,0.347,521204689.000
0.043,-0.054,-0.116,1.442,1.672,0.347,521204788.000
0.047,-0.056,-0.116,1.414,1.622,0.338,521204888.000
0.051,-0.059,-0.115,1.413,1.621,0.329,521204989.000
0.047,-0.059,-0.116,1.398,1.622,0.329,521205089.000
0.047,-0.053,-0.118,1.416,1.614,0.375,521205188.000
0.043,-0.056,-0.116,1.399,1.672,0.338,521205289.000
0.045,-0.057,-0.113,1.420,1.644,0.347,521205389.000
0.047,-0.059,-0.118,1.399,1.638,0.329,521205489.000
0.047,-0.056,-0.108,1.427,1.647,0.366,521205588.000
0.043,-0.053,-0.108,1.428,1.648,0.374,521205688.000
0.045,-0.055,-0.113,1.435,1.644,0.356,521205789.000
0.043,-0.053,-0.113,1.429,1.680,0.375,521205889.000
0.045,-0.060,-0.116,1.391,1.635,0.338,521205988.000
0.047,-0.053,-0.116,1.429,1.622,0.347,521206089.000
0.047,-0.051,-0.113,1.444,1.655,0.357,521206189.000
0.043,-0.054,-0.111,1.428,1.665,0.347,521206289.000
0.049,-0.055,-0.116,1.422,1.610,0.357,521206389.000
0.047,-0.053,-0.111,1.429,1.639,0.347,521206489.000
0.041,-0.057,-0.108,1.378,1.661,0.374,521206588.000
0.045,-0.055,-0.111,1.393,1.651,0.356,521206689.000
0.045,-0.055,-0.111,1.379,1.627,0.328,521206789.000
0.045,-0.055,-0.118,1.352,1.626,0.355,521206889.000
0.045,-0.057,-0.116,1.351,1.635,0.346,521206990.000
0.045,-0.052,-0.113,1.367,1.643,0.365,521207090.000
0.045,-0.055,-0.113,1.311,1.667,0.383,521207189.000
0.045,-0.057,-0.116,1.323,1.634,0.346,521207290.000
0.045,-0.052,-0.111,1.339,1.627,0.337,521207389.000
0.045,-0.055,-0.111,1.311,1.651,0.355,521207490.000
0.041,-0.055,-0.116,1.338,1.660,0.355,521207589.000
0.045,-0.052,-0.108,1.339,1.611,0.364,521207690.000
0.043,-0.053,-0.111,1.276,1.639,0.345,521207790.000
0.047,-0.051,-0.113,1.306,1.605,0.355,521207890.000
0.039,-0.048,-0.113,1.334,1.680,0.364,521207989.000
0.047,-0.051,-0.111,1.306,1.589,0.327,521208089.000
0.049,-0.052,-0.111,1.312,1.601,0.337,521208190.000
0.043,-0.051,-0.111,1.291,1.639,0.327,521208290.000
0.043,-0.051,-0.116,1.292,1.622,0.354,521208390.000
0.045,-0.052,-0.116,1.298,1.634,0.337,521208489.000
0.043,-0.051,-0.118,1.306,1.614,0.327,521208589.000
0.043,-0.051,-0.116,1.292,1.622,0.354,521208690.000
0.045,-0.055,-0.118,1.283,1.601,0.327,521208789.000
0.045,-0.049,-0.118,1.286,1.601,0.345,521208890.000
0.045,-0.049,-0.106,1.327,1.643,0.346,521208990.000
0.045,-0.050,-0.111,1.313,1.602,0.318,521209089.000
0.043,-0.051,-0.116,1.305,1.598,0.327,521209189.000
0.045,-0.047,-0.116,1.301,1.585,0.354,521209289.000
0.041,-0.052,-0.123,1.298,1.659,0.336,521209389.000
0.043,-0.051,-0.111,1.291,1.639,0.327,521209490.000
0.041,-0.050,-0.118,1.299,1.651,0.317,521209589.000
0.045,-0.052,-0.116,1.312,1.610,0.336,521209689.000
0.043,-0.051,-0.116,1.319,1.622,0.327,521209789.000
0.041,-0.055,-0.113,1.255,1.643,0.354,521209890.000
0.045,-0.055,-0.113,1.311,1.618,0.355,521209989.000
0.043,-0.056,-0.113,1.262,1.655,0.364,521210089.000
0.045,-0.055,-0.116,1.311,1.634,0.355,521210190.000
0.045,-0.055,-0.113,1.325,1.642,0.355,521210290.000
0.043,-0.051,-0.118,1.334,1.663,0.355,521210390.000
0.043,-0.053,-0.113,1.318,1.631,0.346,521210489.000
0.043,-0.051,-0.116,1.333,1.647,0.355,521210589.000
0.043,-0.048,-0.118,1.348,1.614,0.336,521210689.000
0.043,-0.053,-0.116,1.346,1.647,0.346,521210789.000
0.045,-0.055,-0.113,1.338,1.618,0.355,521210890.000
0.043,-0.053,-0.116,1.332,1.623,0.346,521210989.000
0.045,-0.052,-0.113,1.354,1.618,0.365,521211090.000
0.043,-0.059,-0.113,1.343,1.631,0.355,521211190.000
0.045,-0.055,-0.116,1.366,1.635,0.328,521211290.000
0.047,-0.056,-0.116,1.345,1.598,0.337,521211389.000
0.041,-0.049,-0.116,1.369,1.660,0.373,521211489.000
0.041,-0.055,-0.116,1.366,1.660,0.355,521211590.000
0.043,-0.056,-0.108,1.413,1.649,0.365,521211690.000
0.041,-0.057,-0.113,1.378,1.644,0.374,521211790.000
0.045,-0.052,-0.116,1.423,1.611,0.365,521211890.000
0.043,-0.051,-0.111,1.457,1.640,0.356,521211990.000
0.045,-0.052,-0.111,1.450,1.628,0.338,521212089.000
0.043,-0.056,-0.108,1.454,1.625,0.365,521212189.000
0.047,-0.053,-0.108,1.470,1.599,0.375,521212289.000
0.043,-0.059,-0.116,1.426,1.648,0.356,521212390.000
0.045,-0.055,-0.118,1.463,1.627,0.356,521212489.000
0.045,-0.055,-0.118,1.476,1.652,0.329,521212590.000
0.045,-0.060,-0.118,1.460,1.628,0.338,521212690.000
0.047,-0.059,-0.116,1.468,1.599,0.357,521212789.000
0.043,-0.056,-0.113,1.510,1.657,0.394,521212890.000
0.043,-0.059,-0.116,1.468,1.624,0.384,521212990.000
0.043,-0.056,-0.113,1.551,1.633,0.366,521213089.000
0.043,-0.059,-0.113,1.508,1.633,0.329,521213190.000
0.043,-0.056,-0.113,1.537,1.609,0.366,521213289.000
0.047,-0.056,-0.115,1.538,1.648,0.367,521213390.000
0.041,-0.055,-0.111,1.531,1.678,0.357,521213490.000
0.043,-0.059,-0.116,1.495,1.625,0.357,521213590.000
0.038,-0.059,-0.113,1.522,1.683,0.357,521213690.000
0.043,-0.059,-0.113,1.481,1.633,0.384,521213789.000
0.041,-0.060,-0.113,1.528,1.646,0.366,521213889.000
0.043,-0.061,-0.118,1.507,1.641,0.348,521213990.000
0.041,-0.060,-0.113,1.542,1.670,0.366,521214089.000
0.045,-0.057,-0.116,1.544,1.636,0.376,521214190.000
0.043,-0.061,-0.118,1.521,1.665,0.348,521214289.000
0.045,-0.063,-0.118,1.528,1.628,0.385,521214389.000
0.047,-0.056,-0.118,1.552,1.591,0.339,521214490.000
0.045,-0.055,-0.113,1.573,1.596,0.357,521214589.000
0.045,-0.057,-0.106,1.530,1.500,0.375,521214690.000
0.035,-0.059,-0.108,1.576,1.483,0.383,521214789.000
0.037,-0.055,-0.113,1.627,1.308,0.382,521214889.000
0.025,-0.057,-0.116,1.638,1.110,0.425,521214989.000
0.021,-0.057,-0.118,1.706,0.788,0.394,521215089.000
0.010,-0.057,-0.116,1.800,0.389,0.418,521215190.000
-0.002,-0.046,-0.113,1.997,-0.083,0.450,521215290.000
-0.018,-0.045,-0.106,2.091,-0.732,0.499,521215389.000
-0.037,-0.045,-0.109,2.198,-1.412,0.491,521215490.000
-0.059,-0.035,-0.117,2.399,-2.168,0.529,521215590.000
-0.076,-0.028,-0.104,2.599,-3.005,0.586,521215689.000
-0.102,-0.024,-0.110,2.784,-3.825,0.632,521215789.000
-0.127,-0.019,-0.100,2.954,-4.667,0.678,521215890.000
-0.137,-0.020,-0.100,3.013,-5.015,0.656,521215989.000
-0.150,-0.021,-0.103,3.266,-5.708,0.715,521216089.000
-0.174,-0.013,-0.093,3.513,-6.563,0.734,521216190.000
-0.195,-0.014,-0.093,3.709,-7.366,0.762,521216289.000
-0.217,-0.004,-0.091,3.896,-8.163,0.800,521216390.000
-0.238,0.003,-0.091,4.083,-8.967,0.856,521216489.000
-0.256,0.002,-0.091,4.265,-9.724,0.886,521216589.000
-0.279,0.013,-0.086,4.418,-10.596,0.913,521216689.000
-0.301,0.015,-0.087,4.602,-11.400,0.978,521216789.000
-0.322,0.019,-0.084,4.841,-12.293,0.997,521216890.000
-0.345,0.028,-0.085,5.021,-13.157,1.043,521216989.000
-0.371,0.027,-0.080,5.174,-13.943,1.071,521217089.000
-0.390,0.036,-0.080,5.341,-14.858,1.145,521217189.000
-0.418,0.039,-0.081,5.545,-15.745,1.200,521217290.000
-0.437,0.050,-0.076,5.768,-16.618,1.228,521217389.000
-0.461,0.050,-0.076,5.929,-17.482,1.274,521217490.000
-0.490,0.058,-0.072,6.128,-18.437,1.328,521217589.000
-0.510,0.058,-0.079,6.346,-19.278,1.347,521217689.000
-0.537,0.067,-0.065,6.552,-20.164,1.421,521217789.000
-0.559,0.076,-0.067,6.767,-21.074,1.457,521217890.000
-0.584,0.078,-0.068,6.936,-21.974,1.521,521217990.000
-0.610,0.083,-0.058,7.161,-22.865,1.595,521218090.000
-0.633,0.091,-0.061,7.355,-23.786,1.640,521218189.000
-0.658,0.093,-0.066,7.538,-24.678,1.649,521218289.000
-0.688,0.100,-0.064,7.709,-25.666,1.730,521218390.000
-0.714,0.113,-0.059,7.994,-26.597,1.776,521218489.000
-0.739,0.112,-0.059,8.161,-27.521,1.803,521218589.000
-0.762,0.121,-0.060,8.368,-28.483,1.848,521218689.000
-0.786,0.129,-0.055,8.562,-29.355,1.922,521218789.000
-0.815,0.134,-0.050,8.800,-30.309,1.967,521218889.000
-0.845,0.141,-0.056,9.013,-31.273,2.021,521218990.000
-0.866,0.145,-0.046,9.197,-32.214,2.066,521219090.000
-0.891,0.153,-0.041,9.396,-33.194,2.148,521219190.000
-0.923,0.161,-0.052,9.617,-34.065,2.193,521219289.000
-0.949,0.168,-0.047,9.830,-35.069,2.247,521219390.000
-0.976,0.171,-0.047,10.048,-36.078,2.301,521219489.000
-1.008,0.177,-0.043,10.238,-36.971,2.364,521219590.000
-1.029,0.185,-0.041,10.480,-37.888,2.447,521219689.000
-1.057,0.188,-0.036,10.656,-38.904,2.473,521219790.000
-1.080,0.191,-0.044,10.875,-39.842,2.556,521219889.000
-1.110,0.201,-0.032,11.143,-40.796,2.592,521219989.000
-1.135,0.211,-0.032,11.358,-41.696,2.656,521220089.000
-1.161,0.205,-0.030,11.509,-42.611,2.692,521220189.000
-1.186,0.214,-0.033,11.737,-43.520,2.756,521220289.000
-1.214,0.215,-0.028,11.967,-44.462,2.802,521220389.000
-1.244,0.227,-0.023,12.224,-45.369,2.875,521220489.000
-1.267,0.233,-0.026,12.361,-46.314,2.910,521220589.000
-1.297,0.235,-0.026,12.529,-47.238,2.974,521220689.000
-1.324,0.241,-0.022,12.734,-48.132,3.010,521220790.000
-1.343,0.250,-0.017,12.956,-49.127,3.083,521220890.000
-1.373,0.257,-0.017,13.196,-50.025,3.110,521220989.000
-1.400,0.260,-0.013,13.345,-50.993,3.219,521221090.000
-1.428,0.263,-0.013,13.549,-51.929,3.273,521221189.000
-1.456,0.274,-0.013,13.798,-52.864,3.328,521221289.000
-1.487,0.280,-0.016,13.948,-53.832,3.362,521221390.000
-1.517,0.290,-0.002,14.189,-54.850,3.425,521221490.000
-1.540,0.286,-0.007,14.362,-55.755,3.480,521221589.000
-1.572,0.299,0.000,14.625,-56.713,3.543,521221689.000
-1.597,0.304,0.005,14.809,-57.645,3.561,521221789.000
-1.621,0.307,0.004,14.972,-58.630,3.643,521221890.000
-1.652,0.313,-0.001,15.233,-59.581,3.678,521221989.000
-1.680,0.321,0.006,15.424,-60.540,3.695,521222090.000
-1.707,0.325,0.006,15.643,-61.500,3.777,521222189.000
-1.737,0.332,0.013,15.855,-62.495,3.831,521222290.000
-1.766,0.339,0.013,16.095,-63.539,3.884,521222389.000
-1.794,0.342,0.017,16.229,-64.434,3.938,521222489.000
-1.822,0.351,0.015,16.464,-65.402,3.983,521222590.000
-1.849,0.357,0.019,16.655,-66.322,4.047,521222689.000
-1.877,0.362,0.019,16.847,-67.257,4.082,521222789.000
-1.902,0.367,0.026,17.044,-68.181,4.156,521222890.000
-1.925,0.378,0.016,17.212,-69.127,4.182,521222990.000
-1.955,0.385,0.023,17.424,-70.025,4.236,521223090.000
-1.989,0.385,0.037,17.548,-70.922,4.262,521223189.000
-2.013,0.393,0.030,17.783,-71.835,4.308,521223289.000
-2.036,0.396,0.030,17.974,-72.772,4.335,521223389.000
-2.068,0.407,0.042,18.180,-73.738,4.389,521223490.000
-2.096,0.413,0.036,18.331,-74.618,4.452,521223589.000
-2.125,0.418,0.036,18.570,-75.637,4.496,521223690.000
-2.150,0.427,0.038,18.729,-76.554,4.560,521223789.000
-2.180,0.435,0.035,18.942,-77.534,4.613,521223889.000
-2.206,0.437,0.047,19.096,-78.441,4.622,521223990.000
-2.235,0.444,0.054,19.280,-79.388,4.676,521224089.000
-2.261,0.448,0.052,19.479,-80.247,4.722,521224189.000
-2.291,0.455,0.054,19.649,-81.186,4.748,521224289.000
-2.316,0.465,0.056,19.837,-82.151,4.838,521224389.000
-2.350,0.470,0.053,19.978,-82.961,4.855,521224490.000
-2.369,0.478,0.053,20.214,-83.947,4.901,521224591.000
-2.395,0.480,0.055,20.327,-84.815,4.938,521224690.000
-2.429,0.479,0.060,20.576,-85.622,4.993,521224791.000
-2.455,0.494,0.069,20.793,-86.538,5.019,521224890.000
-2.478,0.497,0.067,20.969,-87.483,5.047,521224989.000
-2.508,0.507,0.069,21.156,-88.422,5.109,521225090.000
-2.537,0.506,0.076,21.267,-89.369,5.163,521225190.000
-2.559,0.519,0.085,21.469,-90.213,5.209,521225290.000
-2.593,0.523,0.070,21.626,-91.016,5.226,521225390.000
-2.608,0.521,0.083,21.897,-91.694,5.295,521225490.000
-2.632,0.529,0.087,21.924,-92.519,5.312,521225591.000
-2.655,0.533,0.084,22.129,-93.416,5.340,521225690.000
-2.683,0.538,0.087,22.251,-94.198,5.348,521225790.000
-2.713,0.548,0.094,22.465,-95.121,5.439,521225889.000
-2.734,0.550,0.096,22.593,-95.990,5.476,521225990.000
-2.768,0.560,0.095,22.765,-96.912,5.511,521226090.000
-2.790,0.567,0.103,22.909,-97.789,5.538,521226191.000
-2.819,0.571,0.097,23.092,-98.728,5.555,521226290.000
-2.847,0.580,0.097,23.285,-99.543,5.601,521226389.000
-2.875,0.585,0.117,23.420,-100.316,5.638,521226490.000
-2.898,0.586,0.112,23.609,-101.293,5.655,521226590.000
-2.926,0.594,0.104,23.761,-102.182,5.700,521226690.000
-2.950,0.600,0.106,23.912,-102.990,5.765,521226790.000
-2.980,0.602,0.108,24.067,-103.856,5.801,521226890.000
-3.003,0.613,0.115,24.206,-104.672,5.828,521226989.000
-3.031,0.621,0.115,24.344,-105.439,5.874,521227090.000
-3.055,0.627,0.120,24.521,-106.310,5.910,521227189.000
-3.076,0.626,0.114,24.648,-107.059,5.912,521227289.000
-3.090,0.633,0.124,24.725,-107.494,5.943,521227390.000
-3.098,0.636,0.126,24.711,-107.702,5.949,521227490.000
-3.096,0.637,0.129,24.704,-107.706,5.913,521227591.000
-3.086,0.628,0.119,24.640,-107.342,5.898,521227690.000
-3.081,0.629,0.124,24.551,-106.904,5.865,521227789.000
-3.065,0.631,0.122,24.472,-106.481,5.852,521227890.000
-3.055,0.630,0.122,24.398,-106.133,5.837,521227989.000
-3.041,0.625,0.120,24.294,-105.819,5.813,521228090.000
-3.038,0.620,0.120,24.210,-105.409,5.798,521228190.000
-3.028,0.624,0.115,24.165,-105.126,5.774,521228289.000
-3.013,0.617,0.128,24.073,-104.859,5.769,521228390.000
-3.005,0.617,0.118,24.020,-104.604,5.744,521228490.000
-3.004,0.615,0.113,23.986,-104.294,5.728,521228590.000
-2.990,0.611,0.108,23.882,-104.061,5.703,521228689.000
-2.986,0.614,0.118,23.843,-103.811,5.715,521228790.000
-2.978,0.613,0.111,23.775,-103.548,5.690,521228890.000
-2.970,0.611,0.118,23.706,-103.356,5.683,521228989.000
-2.962,0.611,0.111,23.693,-103.141,5.658,521229090.000
-2.960,0.609,0.113,23.645,-102.904,5.641,521229190.000
-2.950,0.603,0.116,23.581,-102.693,5.663,521229289.000
-2.947,0.605,0.106,23.556,-102.485,5.619,521229390.000
-2.941,0.603,0.114,23.507,-102.304,5.602,521229490.000
-2.933,0.606,0.109,23.482,-102.106,5.586,521229590.000
-2.933,0.601,0.114,23.396,-101.895,5.569,521229689.000
-2.927,0.604,0.116,23.420,-101.707,5.571,521229789.000
-2.921,0.598,0.116,23.328,-101.552,5.564,521229890.000
-2.915,0.599,0.111,23.281,-101.365,5.529,521229990.000
-2.911,0.594,0.106,23.224,-101.213,5.540,521230090.000
-2.905,0.595,0.114,23.219,-101.032,5.533,521230190.000
-2.899,0.596,0.109,23.200,-100.893,5.525,521230289.000
-2.895,0.596,0.117,23.159,-100.749,5.527,521230390.000
-2.894,0.597,0.112,23.126,-100.560,5.519,521230490.000
-2.883,0.588,0.104,23.033,-100.455,5.475,521230590.000
-2.879,0.590,0.114,23.020,-100.302,5.486,521230690.000
-2.880,0.593,0.104,22.995,-100.117,5.469,521230790.000
-2.874,0.589,0.107,22.959,-100.002,5.470,521230889.000
-2.868,0.590,0.104,22.927,-99.855,5.463,521230990.000
-2.868,0.590,0.107,22.927,-99.677,5.464,521231089.000
-2.862,0.589,0.107,22.878,-99.594,5.447,521231189.000
-2.858,0.591,0.107,22.866,-99.426,5.403,521231289.000
-2.856,0.587,0.105,22.803,-99.302,5.431,521231390.000
-2.850,0.588,0.107,22.784,-99.162,5.424,521231489.000
-2.846,0.583,0.102,22.726,-99.059,5.407,521231589.000
-2.842,0.585,0.107,22.742,-98.922,5.390,521231689.000
-2.836,0.582,0.102,22.679,-98.808,5.391,521231790.000
-2.837,0.581,0.107,22.651,-98.646,5.392,521231890.000
-2.830,0.580,0.107,22.631,-98.563,5.375,521231990.000
-2.828,0.584,0.100,22.627,-98.431,5.376,521232090.000
-2.824,0.579,0.105,22.555,-98.319,5.359,521232190.000
-2.820,0.581,0.105,22.585,-98.223,5.370,521232290.000
-2.819,0.582,0.103,22.552,-98.099,5.362,521232389.000
-2.815,0.582,0.103,22.524,-97.979,5.335,521232490.000
-2.815,0.579,0.103,22.482,-97.834,5.327,521232590.000
-2.813,0.576,0.100,22.418,-97.710,5.328,521232690.000
-2.805,0.578,0.103,22.434,-97.631,5.311,521232790.000
-2.807,0.574,0.100,22.384,-97.506,5.340,521232889.000
-2.801,0.575,0.100,22.392,-97.398,5.304,521232990.000
-2.797,0.575,0.100,22.352,-97.303,5.305,521233090.000
-2.793,0.573,0.103,22.295,-97.224,5.297,521233189.000
-2.796,0.571,0.098,22.302,-97.058,5.280,521233289.000
-2.794,0.577,0.108,22.312,-96.940,5.290,521233390.000
-2.785,0.575,0.101,22.256,-96.919,5.254,521233490.000
-2.779,0.574,0.103,22.223,-96.828,5.293,521233590.000
-2.779,0.573,0.101,22.236,-96.691,5.266,521233690.000
-2.773,0.570,0.096,22.160,-96.649,5.267,521233789.000
-2.771,0.571,0.103,22.167,-96.516,5.259,521233889.000
-2.769,0.569,0.098,22.119,-96.424,5.241,521233989.000
-2.774,0.567,0.101,22.103,-96.269,5.233,521234090.000
-2.766,0.567,0.098,22.077,-96.208,5.234,521234190.000
-2.762,0.572,0.103,22.066,-96.144,5.226,521234290.000
-2.760,0.568,0.101,22.057,-96.068,5.227,521234389.000
-2.758,0.564,0.106,22.021,-95.943,5.228,521234489.000
-2.754,0.559,0.093,21.950,-95.865,5.210,521234590.000
-2.747,0.568,0.098,21.990,-95.814,5.202,521234690.000
-2.750,0.566,0.098,21.969,-95.680,5.212,521234790.000
-2.744,0.565,0.103,21.948,-95.629,5.195,521234890.000
-2.744,0.562,0.101,21.919,-95.492,5.215,521234989.000
-2.740,0.565,0.099,21.935,-95.453,5.197,521235089.000
-2.736,0.567,0.096,21.923,-95.366,5.180,521235189.000
-2.734,0.561,0.104,21.857,-95.281,5.171,521235289.000
-2.736,0.562,0.099,21.866,-95.139,5.190,521235389.000
-2.732,0.562,0.094,21.852,-95.109,5.163,521235489.000
-2.730,0.561,0.094,21.804,-95.001,5.173,521235590.000
-2.726,0.561,0.101,21.790,-94.953,5.147,521235690.000
-2.722,0.563,0.091,21.779,-94.866,5.157,521235789.000
-2.718,0.563,0.094,21.793,-94.786,5.158,521235890.000
-2.718,0.555,0.099,21.692,-94.673,5.131,521235990.000
-2.718,0.555,0.096,21.692,-94.609,5.132,521236090.000
-2.719,0.560,0.101,21.708,-94.519,5.123,521236189.000
-2.710,0.555,0.101,21.666,-94.449,5.134,521236290.000
-2.710,0.563,0.092,21.698,-94.410,5.106,521236390.000
-2.706,0.558,0.096,21.641,-94.322,5.144,521236489.000
-2.704,0.559,0.096,21.634,-94.213,5.109,521236590.000
-2.703,0.560,0.104,21.628,-94.104,5.128,521236690.000
-2.703,0.557,0.097,21.586,-94.057,5.091,521236790.000
-2.696,0.556,0.097,21.565,-93.974,5.102,521236889.000
-2.694,0.555,0.099,21.544,-93.930,5.084,521236990.000
-2.695,0.555,0.097,21.530,-93.841,5.085,521237090.000
-2.693,0.556,0.099,21.524,-93.749,5.077,521237190.000
-2.689,0.553,0.097,21.523,-93.685,5.069,521237290.000
-2.689,0.553,0.094,21.510,-93.645,5.069,521237389.000
-2.689,0.553,0.094,21.469,-93.525,5.069,521237489.000
-2.687,0.554,0.097,21.449,-93.457,5.088,521237590.000
-2.683,0.554,0.094,21.450,-93.418,5.062,521237690.000
-2.679,0.552,0.092,21.421,-93.306,5.054,521237789.000
-2.677,0.555,0.089,21.430,-93.279,5.027,521237889.000
-2.675,0.554,0.092,21.410,-93.186,5.064,521237990.000
-2.673,0.550,0.092,21.373,-93.126,5.037,521238090.000
-2.671,0.551,0.102,21.339,-93.033,5.029,521238190.000
-2.671,0.551,0.094,21.340,-92.986,5.029,521238290.000
-2.667,0.549,0.092,21.311,-92.922,5.021,521238390.000
-2.667,0.549,0.094,21.297,-92.866,5.021,521238489.000
-2.670,0.547,0.094,21.290,-92.756,5.031,521238590.000
-2.659,0.549,0.090,21.313,-92.715,5.024,521238690.000
-2.657,0.542,0.092,21.234,-92.671,5.015,521238790.000
-2.657,0.550,0.087,21.252,-92.591,5.015,521238889.000
-2.655,0.548,0.090,21.231,-92.547,4.997,521238990.000
-2.653,0.547,0.090,21.196,-92.463,5.007,521239090.000
-2.651,0.548,0.095,21.203,-92.411,4.999,521239190.000
-2.647,0.548,0.092,21.204,-92.323,4.973,521239290.000
-2.649,0.550,0.097,21.183,-92.246,4.991,521239389.000
-2.647,0.546,0.085,21.148,-92.203,4.964,521239489.000
-2.643,0.548,0.090,21.163,-92.163,4.974,521239589.000
-2.641,0.544,0.097,21.099,-92.054,4.975,521239690.000
-2.639,0.545,0.097,21.107,-92.019,4.966,521239790.000
-2.637,0.544,0.092,21.086,-91.975,4.949,521239889.000
-2.638,0.547,0.095,21.074,-91.846,4.959,521239989.000
-2.633,0.547,0.095,21.074,-91.871,4.931,521240090.000
-2.634,0.547,0.095,21.074,-91.775,4.960,521240190.000
-2.632,0.543,0.095,21.038,-91.715,4.960,521240289.000
-2.627,0.540,0.085,21.010,-91.652,4.952,521240389.000
-2.630,0.536,0.092,20.959,-91.591,4.952,521240490.000
-2.628,0.540,0.085,20.996,-91.531,4.925,521240590.000
-2.628,0.537,0.095,20.953,-91.450,4.944,521240689.000
-2.624,0.542,0.093,20.984,-91.411,4.908,521240789.000
-2.624,0.540,0.095,20.927,-91.354,4.927,521240890.000
-2.622,0.544,0.095,20.937,-91.294,4.955,521240990.000
-2.618,0.541,0.093,20.936,-91.231,4.919,521241089.000
-2.620,0.540,0.085,20.901,-91.171,4.929,521241189.000
-2.612,0.540,0.090,20.902,-91.156,4.902,521241289.000
-2.610,0.541,0.093,20.924,-91.112,4.922,521241390.000
-2.614,0.541,0.090,20.882,-90.999,4.921,521241490.000
-2.612,0.539,0.093,20.860,-90.954,4.876,521241590.000
-2.610,0.541,0.088,20.855,-90.911,4.895,521241689.000
-2.608,0.537,0.088,20.846,-90.851,4.868,521241789.000
-2.606,0.536,0.088,20.798,-90.792,4.905,521241891.000
-2.602,0.538,0.088,20.813,-90.768,4.888,521241991.000
-2.600,0.539,0.088,20.807,-90.708,4.879,521242090.000
-2.602,0.540,0.090,20.814,-90.615,4.870,521242190.000
-2.602,0.533,0.088,20.770,-90.550,4.899,521242291.000
-2.598,0.535,0.095,20.785,-90.527,4.881,521242391.000
-2.598,0.535,0.090,20.744,-90.471,4.881,521242490.000
-2.598,0.538,0.085,20.745,-90.415,4.863,521242591.000
-2.599,0.535,0.088,20.744,-90.309,4.855,521242690.000
-2.588,0.537,0.088,20.711,-90.349,4.874,521242791.000
-2.590,0.535,0.090,20.717,-90.279,4.856,521242890.000
-2.586,0.533,0.083,20.662,-90.233,4.847,521242990.000
-2.584,0.536,0.083,20.671,-90.222,4.848,521243090.000
-2.584,0.536,0.088,20.684,-90.132,4.848,521243191.000
-2.587,0.532,0.088,20.661,-90.071,4.849,521243291.000
-2.580,0.534,0.086,20.629,-90.021,4.840,521243391.000
-2.580,0.536,0.086,20.658,-89.948,4.850,521243490.000
-2.583,0.532,0.090,20.621,-89.895,4.850,521243591.000
-2.578,0.535,0.086,20.650,-89.864,4.833,521243691.000
-2.574,0.532,0.093,20.621,-89.816,4.825,521243791.000
-2.574,0.532,0.088,20.608,-89.808,4.824,521243890.000
-2.579,0.532,0.081,20.594,-89.711,4.824,521243991.000
-2.570,0.535,0.088,20.568,-89.689,4.807,521244090.000
-2.573,0.528,0.086,20.517,-89.636,4.826,521244190.000
-2.571,0.530,0.093,20.511,-89.576,4.845,521244290.000
-2.573,0.533,0.088,20.547,-89.507,4.817,521244390.000
-2.569,0.531,0.081,20.519,-89.460,4.809,521244491.000
-2.567,0.529,0.091,20.511,-89.440,4.819,521244591.000
-2.563,0.527,0.083,20.456,-89.393,4.810,521244690.000
-2.565,0.528,0.093,20.476,-89.323,4.801,521244790.000
-2.563,0.527,0.088,20.455,-89.280,4.811,521244890.000
-2.559,0.527,0.091,20.470,-89.248,4.812,521244990.000
-2.559,0.532,0.081,20.487,-89.209,4.775,521245090.000
-2.559,0.529,0.086,20.471,-89.144,4.794,521245190.000
-2.557,0.530,0.091,20.451,-89.092,4.786,521245290.000
-2.559,0.529,0.081,20.430,-89.040,4.795,521245390.000
-2.557,0.528,0.086,20.381,-89.012,4.777,521245491.000
-2.551,0.526,0.083,20.389,-88.961,4.787,521245591.000
-2.553,0.528,0.086,20.382,-88.892,4.806,521245690.000
-2.549,0.528,0.086,20.368,-88.893,4.751,521245790.000
-2.549,0.525,0.093,20.339,-88.820,4.798,521245890.000
-2.547,0.526,0.083,20.334,-88.793,4.761,521245990.000
-2.545,0.530,0.081,20.371,-88.765,4.762,521246090.000
-2.545,0.527,0.086,20.355,-88.700,4.753,521246190.000
-2.541,0.527,0.086,20.328,-88.677,4.754,521246291.000
-2.545,0.525,0.081,20.313,-88.572,4.772,521246390.000
-2.543,0.529,0.086,20.308,-88.568,4.745,521246490.000
-2.539,0.526,0.089,20.279,-88.537,4.736,521246590.000
-2.537,0.525,0.089,20.300,-88.501,4.746,521246691.000
-2.535,0.526,0.084,20.267,-88.458,4.765,521246791.000
-2.539,0.523,0.081,20.251,-88.368,4.756,521246890.000
-2.535,0.523,0.081,20.252,-88.393,4.729,521246990.000
-2.533,0.525,0.081,20.232,-88.309,4.720,521247091.000
-2.531,0.518,0.084,20.181,-88.265,4.739,521247190.000
-2.531,0.521,0.084,20.209,-88.241,4.721,521247290.000
-2.531,0.518,0.086,20.194,-88.160,4.740,521247390.000
-2.529,0.522,0.089,20.190,-88.140,4.740,521247490.000
-2.523,0.521,0.084,20.183,-88.147,4.723,521247590.000
-2.525,0.522,0.089,20.190,-88.069,4.714,521247691.000
-2.528,0.521,0.091,20.168,-87.999,4.723,521247790.000
-2.525,0.522,0.081,20.163,-87.973,4.714,521247891.000
-2.523,0.523,0.086,20.143,-87.921,4.706,521247990.000
-2.521,0.524,0.094,20.178,-87.884,4.725,521248090.000
-2.524,0.523,0.081,20.143,-87.840,4.706,521248190.000
-2.519,0.523,0.084,20.129,-87.809,4.679,521248290.000
-2.515,0.520,0.081,20.115,-87.770,4.699,521248390.000
-2.517,0.522,0.084,20.136,-87.749,4.689,521248490.000
-2.518,0.519,0.084,20.066,-87.652,4.681,521248591.000
-2.516,0.523,0.086,20.102,-87.657,4.681,521248690.000
-2.509,0.522,0.089,20.123,-87.613,4.692,521248790.000
-2.512,0.520,0.084,20.061,-87.569,4.700,521248890.000
-2.510,0.519,0.084,20.040,-87.509,4.683,521248990.000
-2.510,0.516,0.079,20.011,-87.502,4.673,521249090.000
-2.510,0.524,0.084,20.084,-87.437,4.674,521249190.000
-2.503,0.518,0.081,20.006,-87.435,4.693,521249291.000
-2.508,0.517,0.081,19.991,-87.337,4.666,521249391.000
-2.501,0.519,0.084,19.999,-87.342,4.657,521249491.000
-2.502,0.521,0.081,20.015,-87.278,4.695,521249590.000
-2.502,0.521,0.084,20.028,-87.221,4.668,521249690.000
-2.504,0.512,0.084,19.920,-87.160,4.677,521249790.000
-2.498,0.519,0.084,20.000,-87.174,4.687,521249891.000
-2.496,0.515,0.084,19.950,-87.138,4.660,521249991.000
-2.500,0.520,0.084,19.980,-87.064,4.650,521250090.000
-2.498,0.516,0.082,19.985,-87.012,4.651,521250191.000
-2.498,0.518,0.091,19.944,-86.980,4.660,521250291.000
-2.494,0.516,0.084,19.958,-86.957,4.652,521250390.000
-2.494,0.516,0.082,19.931,-86.893,4.652,521250491.000
-2.490,0.516,0.087,19.917,-86.878,4.653,521250590.000
-2.490,0.516,0.084,19.917,-86.862,4.653,521250690.000
-2.488,0.517,0.089,19.925,-86.809,4.645,521250791.000
-2.490,0.521,0.077,19.948,-86.765,4.617,521250891.000
-2.484,0.514,0.079,19.869,-86.747,4.636,521250991.000
-2.486,0.516,0.079,19.849,-86.686,4.627,521251091.000
-2.486,0.513,0.082,19.834,-86.654,4.618,521251190.000
-2.482,0.513,0.079,19.834,-86.615,4.619,521251290.000
-2.480,0.512,0.077,19.814,-86.587,4.628,521251389.000
-2.484,0.519,0.089,19.899,-86.520,4.629,521251490.000
-2.478,0.516,0.079,19.837,-86.519,4.629,521251590.000
-2.478,0.516,0.082,19.823,-86.462,4.630,521251690.000
-2.474,0.518,0.082,19.824,-86.464,4.612,521251790.000
-2.476,0.514,0.079,19.787,-86.411,4.584,521251890.000
-2.474,0.515,0.079,19.796,-86.375,4.603,521251990.000
-2.472,0.517,0.084,19.817,-86.347,4.595,521252091.000
-2.472,0.514,0.082,19.774,-86.331,4.613,521252190.000
-2.472,0.514,0.084,19.774,-86.250,4.614,521252290.000
-2.472,0.514,0.082,19.788,-86.210,4.614,521252390.000
-2.477,0.511,0.082,19.731,-86.160,4.604,521252490.000
-2.468,0.514,0.077,19.748,-86.179,4.587,521252590.000
-2.468,0.511,0.079,19.732,-86.147,4.578,521252689.000
-2.464,0.511,0.077,19.720,-86.132,4.606,521252789.000
-2.470,0.513,0.074,19.699,-86.030,4.569,521252890.000
-2.468,0.514,0.082,19.734,-85.993,4.616,521252990.000
-2.462,0.515,0.089,19.728,-86.006,4.580,521253091.000
-2.466,0.510,0.082,19.670,-85.934,4.589,521253190.000
-2.464,0.511,0.082,19.691,-85.922,4.580,521253290.000
-2.464,0.511,0.082,19.692,-85.873,4.580,521253390.000
-2.460,0.514,0.080,19.694,-85.859,4.590,521253490.000
-2.460,0.514,0.075,19.680,-85.851,4.590,521253590.000
-2.460,0.511,0.077,19.651,-85.795,4.581,521253690.000
-2.458,0.512,0.082,19.645,-85.767,4.572,521253790.000
-2.463,0.510,0.082,19.643,-85.717,4.563,521253889.000
-2.456,0.511,0.080,19.651,-85.739,4.555,521253990.000
-2.458,0.510,0.077,19.643,-85.710,4.536,521254091.000
-2.454,0.510,0.082,19.589,-85.671,4.564,521254190.000
-2.452,0.511,0.085,19.610,-85.675,4.555,521254290.000
-2.452,0.508,0.075,19.596,-85.612,4.547,521254389.000
-2.455,0.507,0.087,19.587,-85.582,4.556,521254490.000
-2.452,0.508,0.075,19.582,-85.539,4.547,521254590.000
-2.450,0.510,0.080,19.576,-85.511,4.538,521254689.000
-2.453,0.508,0.077,19.582,-85.458,4.575,521254790.000
-2.451,0.510,0.080,19.576,-85.462,4.539,521254890.000
-2.451,0.512,0.082,19.605,-85.406,4.548,521254989.000
-2.449,0.513,0.085,19.598,-85.410,4.539,521255089.000
-2.451,0.512,0.085,19.591,-85.349,4.549,521255189.000
-2.453,0.511,0.085,19.569,-85.312,4.530,521255290.000
-2.442,0.512,0.077,19.578,-85.328,4.522,521255390.000
-2.449,0.508,0.085,19.554,-85.240,4.522,521255490.000
-2.445,0.511,0.077,19.571,-85.218,4.532,521255589.000
-2.447,0.507,0.085,19.519,-85.205,4.532,521255690.000
-2.443,0.507,0.082,19.479,-85.191,4.532,521255789.000
-2.441,0.506,0.087,19.499,-85.138,4.542,521255890.000
-2.447,0.507,0.077,19.506,-85.085,4.533,521255989.000
-2.437,0.508,0.085,19.515,-85.099,4.525,521256089.000
-2.439,0.507,0.077,19.508,-85.038,4.534,521256189.000
-2.439,0.507,0.080,19.479,-85.006,4.507,521256289.000
-2.439,0.504,0.077,19.437,-84.990,4.525,521256390.000
-2.443,0.504,0.080,19.464,-84.932,4.525,521256490.000
-2.437,0.508,0.082,19.460,-84.938,4.526,521256590.000
-2.433,0.505,0.077,19.459,-84.907,4.517,521256689.000
-2.435,0.509,0.080,19.495,-84.886,4.490,521256789.000
-2.437,0.505,0.077,19.431,-84.834,4.517,521256890.000
-2.431,0.501,0.077,19.409,-84.823,4.491,521256990.000
-2.435,0.506,0.077,19.425,-84.774,4.509,521257089.000
-2.433,0.502,0.073,19.417,-84.730,4.482,521257189.000
-2.429,0.505,0.073,19.433,-84.756,4.491,521257290.000
-2.431,0.504,0.077,19.438,-84.702,4.501,521257390.000
-2.429,0.502,0.075,19.362,-84.675,4.482,521257489.000
-2.431,0.506,0.082,19.425,-84.637,4.483,521257590.000
-2.427,0.506,0.085,19.371,-84.630,4.483,521257690.000
-2.423,0.504,0.073,19.371,-84.600,4.475,521257789.000
-2.423,0.504,0.080,19.357,-84.575,4.502,521257889.000
-2.427,0.504,0.075,19.356,-84.518,4.475,521257989.000
-2.423,0.501,0.075,19.369,-84.495,4.494,521258090.000
-2.421,0.502,0.078,19.363,-84.499,4.457,521258190.000
-2.423,0.504,0.080,19.356,-84.430,4.476,521258289.000
-2.421,0.502,0.080,19.322,-84.394,4.513,521258390.000
-2.419,0.506,0.073,19.359,-84.383,4.458,521258489.000
-2.421,0.505,0.078,19.351,-84.354,4.495,521258590.000
-2.422,0.502,0.082,19.322,-84.265,4.486,521258689.000
-2.417,0.502,0.080,19.294,-84.275,4.459,521258790.000
-2.415,0.498,0.075,19.273,-84.256,4.487,521258889.000
-2.415,0.498,0.080,19.300,-84.239,4.460,521258990.000
-2.411,0.501,0.080,19.274,-84.240,4.469,521259089.000
-2.413,0.500,0.075,19.281,-84.171,4.479,521259189.000
-2.415,0.503,0.075,19.289,-84.134,4.451,521259289.000
-2.413,0.505,0.080,19.283,-84.106,4.470,521259390.000
-2.411,0.501,0.080,19.302,-84.094,4.443,521259491.000
-2.416,0.498,0.088,19.230,-84.020,4.461,521259591.000
-2.411,0.498,0.075,19.232,-84.014,4.434,521259691.000
-2.407,0.503,0.085,19.262,-84.007,4.453,521259790.000
-2.407,0.498,0.078,19.219,-83.983,4.463,521259890.000
-2.405,0.499,0.075,19.254,-83.980,4.426,521259990.000
-2.405,0.497,0.078,19.239,-83.947,4.445,521260090.000
-2.403,0.498,0.075,19.205,-83.920,4.436,521260190.000
-2.403,0.495,0.075,19.177,-83.848,4.455,521260290.000
-2.408,0.501,0.073,19.193,-83.831,4.445,521260391.000
-2.403,0.503,0.075,19.208,-83.823,4.427,521260490.000
-2.401,0.497,0.075,19.184,-83.763,4.419,521260591.000
-2.404,0.498,0.078,19.164,-83.718,4.437,521260690.000
-2.401,0.499,0.085,19.171,-83.730,4.456,521260790.000
-2.402,0.499,0.075,19.186,-83.691,4.429,521260891.000
-2.402,0.497,0.075,19.157,-83.667,4.447,521260991.000
-2.397,0.497,0.080,19.171,-83.651,4.448,521261090.000
-2.397,0.499,0.075,19.159,-83.619,4.429,521261190.000
-2.398,0.496,0.073,19.144,-83.555,4.421,521261290.000
-2.400,0.495,0.083,19.121,-83.533,4.430,521261391.000
-2.398,0.499,0.080,19.117,-83.530,4.430,521261490.000
-2.393,0.496,0.078,19.116,-83.515,4.394,521261591.000
-2.396,0.498,0.073,19.124,-83.471,4.440,521261690.000
-2.396,0.498,0.083,19.137,-83.413,4.413,521261791.000
-2.392,0.498,0.083,19.110,-83.439,4.413,521261890.000
-2.389,0.496,0.075,19.131,-83.404,4.423,521261991.000
-2.387,0.495,0.078,19.096,-83.384,4.405,521262091.000
-2.390,0.494,0.073,19.061,-83.340,4.414,521262190.000
-2.392,0.495,0.075,19.096,-83.246,4.405,521262290.000
-2.390,0.496,0.080,19.089,-83.266,4.396,521262390.000
-2.388,0.498,0.080,19.098,-83.279,4.443,521262490.000
-2.386,0.496,0.080,19.076,-83.219,4.397,521262590.000
-2.383,0.495,0.071,19.070,-83.216,4.407,521262690.000
-2.384,0.497,0.076,19.070,-83.176,4.388,521262790.000
-2.386,0.499,0.075,19.064,-83.139,4.407,521262890.000
-2.386,0.491,0.076,19.032,-83.114,4.379,521262990.000
-2.386,0.494,0.076,19.034,-83.090,4.389,521263091.000
-2.382,0.491,0.071,18.992,-83.084,4.380,521263191.000
-2.384,0.492,0.078,19.012,-83.046,4.398,521263290.000
-2.382,0.493,0.078,19.048,-83.010,4.390,521263390.000
-2.380,0.495,0.080,19.014,-83.015,4.408,521263491.000
-2.380,0.492,0.076,18.986,-82.959,4.399,521263590.000
-2.380,0.492,0.083,19.027,-82.934,4.400,521263690.000
-2.378,0.493,0.076,19.007,-82.947,4.391,521263790.000
-2.378,0.493,0.073,18.966,-82.859,4.391,521263891.000
-2.374,0.491,0.073,18.979,-82.884,4.383,521263991.000
-2.376,0.495,0.081,18.973,-82.823,4.355,521264090.000
-2.378,0.493,0.085,18.993,-82.793,4.392,521264190.000
-2.374,0.491,0.081,18.965,-82.763,4.383,521264290.000
-2.374,0.491,0.076,18.924,-82.755,4.383,521264390.000
-2.372,0.489,0.083,18.944,-82.719,4.393,521264490.000
-2.370,0.493,0.078,18.940,-82.700,4.393,521264590.000
-2.370,0.491,0.076,18.966,-82.659,4.385,521264691.000
-2.370,0.491,0.073,18.925,-82.668,4.384,521264790.000
-2.372,0.492,0.076,18.946,-82.598,4.376,521264890.000
-2.366,0.493,0.068,18.941,-82.613,4.367,521264991.000
-2.372,0.495,0.076,18.933,-82.550,4.385,521265090.000
-2.368,0.494,0.076,18.933,-82.575,4.358,521265190.000
-2.368,0.492,0.073,18.918,-82.511,4.349,521265291.000
-2.364,0.489,0.073,18.890,-82.512,4.368,521265391.000
-2.364,0.489,0.076,18.863,-82.480,4.368,521265490.000
-2.362,0.491,0.083,18.884,-82.468,4.359,521265590.000
-2.358,0.488,0.078,18.855,-82.486,4.350,521265690.000
-2.362,0.490,0.071,18.870,-82.412,4.332,521265791.000
-2.362,0.488,0.073,18.869,-82.355,4.351,521265890.000
-2.360,0.489,0.066,18.864,-82.345,4.342,521265990.000
-2.360,0.497,0.078,18.908,-82.327,4.342,521266090.000
-2.360,0.492,0.076,18.878,-82.311,4.351,521266190.000
-2.360,0.486,0.073,18.834,-82.271,4.333,521266291.000
-2.358,0.493,0.071,18.845,-82.268,4.343,521266391.000
-2.358,0.488,0.073,18.828,-82.211,4.325,521266491.000
-2.352,0.489,0.078,18.823,-82.257,4.344,521266590.000
-2.356,0.492,0.076,18.824,-82.192,4.353,521266690.000
-2.356,0.486,0.073,18.807,-82.151,4.307,521266791.000
-2.354,0.490,0.078,18.802,-82.099,4.335,521266891.000
-2.352,0.492,0.076,18.824,-82.120,4.326,521266991.000
-2.356,0.489,0.073,18.822,-82.054,4.317,521267090.000
-2.352,0.489,0.073,18.781,-82.056,4.317,521267190.000
-2.352,0.489,0.076,18.781,-82.024,4.317,521267290.000
-2.354,0.490,0.073,18.762,-81.995,4.336,521267390.000
-2.350,0.485,0.073,18.745,-81.996,4.318,521267490.000
-2.346,0.485,0.076,18.760,-81.965,4.319,521267591.000
-2.344,0.489,0.069,18.756,-81.930,4.319,521267690.000
-2.346,0.485,0.078,18.732,-81.932,4.319,521267790.000
-2.348,0.491,0.081,18.783,-81.863,4.328,521267890.000
-2.349,0.489,0.078,18.754,-81.823,4.319,521267990.000
-2.344,0.489,0.073,18.728,-81.817,4.320,521268091.000
-2.349,0.486,0.076,18.712,-81.759,4.338,521268191.000
-2.342,0.485,0.076,18.705,-81.797,4.293,521268290.000
-2.347,0.490,0.073,18.735,-81.755,4.311,521268390.000
-2.342,0.490,0.074,18.735,-81.732,4.284,521268491.000
-2.347,0.485,0.078,18.677,-81.690,4.320,521268590.000
-2.345,0.491,0.071,18.743,-81.655,4.303,521268690.000
-2.342,0.490,0.074,18.722,-81.660,4.312,521268791.000
-2.338,0.487,0.074,18.693,-81.661,4.276,521268891.000
-2.341,0.489,0.074,18.701,-81.600,4.294,521268990.000
-2.338,0.485,0.076,18.664,-81.604,4.267,521269090.000
-2.338,0.490,0.076,18.694,-81.556,4.286,521269191.000
-2.339,0.487,0.074,18.652,-81.540,4.276,521269290.000
-2.337,0.486,0.076,18.658,-81.496,4.286,521269390.000
-2.339,0.490,0.074,18.681,-81.467,4.286,521269490.000
-2.332,0.483,0.076,18.616,-81.473,4.305,521269591.000
-2.332,0.486,0.079,18.645,-81.465,4.287,521269690.000
-2.337,0.486,0.081,18.658,-81.431,4.287,521269791.000
-2.335,0.490,0.076,18.612,-81.388,4.287,521269890.000
-2.332,0.486,0.071,18.604,-81.393,4.287,521269990.000
-2.331,0.485,0.079,18.610,-81.332,4.297,521270091.000
-2.335,0.487,0.071,18.625,-81.307,4.251,521270190.000
-2.328,0.481,0.071,18.602,-81.321,4.270,521270290.000
-2.331,0.484,0.074,18.597,-81.276,4.270,521270391.000
-2.333,0.488,0.074,18.591,-81.264,4.270,521270490.000
-2.329,0.486,0.071,18.591,-81.249,4.261,521270590.000
-2.329,0.480,0.076,18.546,-81.208,4.243,521270690.000
-2.322,0.487,0.074,18.585,-81.230,4.253,521270791.000
-2.331,0.482,0.071,18.554,-81.163,4.262,521270890.000
-2.329,0.483,0.074,18.534,-81.144,4.253,521270990.000
-2.329,0.486,0.076,18.563,-81.087,4.262,521271090.000
-2.320,0.488,0.071,18.579,-81.106,4.245,521271191.000
-2.325,0.488,0.076,18.579,-81.064,4.272,521271290.000
-2.323,0.484,0.076,18.570,-81.052,4.273,521271390.000
-2.323,0.484,0.076,18.556,-81.028,4.245,521271491.000
-2.327,0.482,0.079,18.540,-80.970,4.264,521271590.000
-2.323,0.482,0.084,18.527,-80.955,4.264,521271690.000
-2.323,0.482,0.071,18.514,-80.948,4.236,521271791.000
-2.319,0.487,0.079,18.517,-80.924,4.255,521271890.000
-2.323,0.487,0.074,18.530,-80.891,4.255,521271990.000
-2.321,0.483,0.076,18.480,-80.872,4.283,521272090.000
-2.319,0.487,0.071,18.503,-80.852,4.228,521272191.000
-2.321,0.483,0.071,18.494,-80.815,4.228,521272290.000
-2.317,0.483,0.071,18.481,-80.817,4.229,521272391.000
-2.315,0.482,0.074,18.446,-80.797,4.238,521272491.000
-2.317,0.483,0.076,18.467,-80.776,4.229,521272590.000
-2.315,0.482,0.071,18.460,-80.757,4.239,521272690.000
-2.315,0.481,0.071,18.460,-80.708,4.239,521272790.000
-2.313,0.483,0.071,18.426,-80.697,4.230,521272891.000
-2.313,0.480,0.074,18.438,-80.664,4.221,521272990.000
-2.309,0.480,0.069,18.412,-80.707,4.221,521273090.000
-2.313,0.483,0.071,18.426,-80.649,4.230,521273190.000
-2.309,0.475,0.076,18.395,-80.633,4.231,521273290.000
-2.309,0.478,0.071,18.383,-80.602,4.213,521273391.000
-2.305,0.483,0.076,18.427,-80.586,4.232,521273490.000
-2.305,0.480,0.074,18.385,-80.570,4.223,521273590.000
-2.309,0.480,0.074,18.412,-80.496,4.223,521273690.000
-2.307,0.481,0.071,18.406,-80.517,4.214,521273791.000
-2.305,0.483,0.081,18.413,-80.497,4.233,521273891.000
-2.305,0.480,0.076,18.371,-80.465,4.224,521273990.000
-2.303,0.481,0.069,18.393,-80.454,4.215,521274090.000
-2.309,0.480,0.076,18.384,-80.415,4.223,521274191.000
-2.303,0.481,0.072,18.379,-80.397,4.215,521274290.000
-2.310,0.482,0.076,18.399,-80.318,4.206,521274390.000
-2.305,0.485,0.072,18.401,-80.336,4.188,521274491.000
-2.301,0.480,0.069,18.358,-80.370,4.197,521274590.000
-2.299,0.479,0.074,18.364,-80.342,4.207,521274690.000
-2.299,0.476,0.074,18.321,-80.294,4.198,521274790.000
-2.301,0.475,0.069,18.300,-80.273,4.207,521274890.000
-2.301,0.482,0.074,18.359,-80.232,4.207,521274990.000
-2.293,0.475,0.069,18.342,-80.251,4.181,521275090.000
-2.299,0.479,0.076,18.323,-80.188,4.208,521275190.000
-2.299,0.476,0.079,18.307,-80.156,4.199,521275290.000
-2.297,0.480,0.074,18.317,-80.161,4.199,521275391.000
-2.295,0.476,0.079,18.280,-80.133,4.200,521275490.000
-2.299,0.484,0.069,18.312,-80.117,4.171,521275590.000
-2.295,0.473,0.077,18.251,-80.093,4.190,521275691.000
-2.291,0.476,0.067,18.281,-80.079,4.173,521275791.000
-2.293,0.482,0.074,18.319,-80.065,4.182,521275891.000
-2.295,0.478,0.077,18.268,-80.020,4.182,521275990.000
-2.293,0.474,0.072,18.273,-80.001,4.155,521276090.000
-2.289,0.474,0.067,18.246,-79.995,4.155,521276191.000
-2.293,0.480,0.072,18.248,-79.953,4.145,521276290.000
-2.289,0.469,0.064,18.203,-79.955,4.165,521276390.000
-2.289,0.474,0.077,18.246,-79.913,4.183,521276490.000
-2.287,0.476,0.074,18.240,-79.886,4.175,521276590.000
-2.285,0.480,0.074,18.250,-79.874,4.175,521276691.000
-2.285,0.472,0.074,18.190,-79.850,4.175,521276792.000
-2.287,0.478,0.074,18.228,-79.837,4.156,521276892.000
-2.283,0.478,0.067,18.202,-79.815,4.184,521276991.000
-2.283,0.473,0.072,18.171,-79.799,4.166,521277091.000
-2.287,0.481,0.072,18.243,-79.773,4.138,521277191.000
-2.283,0.478,0.077,18.215,-79.709,4.186,521277290.000
-2.281,0.474,0.067,18.193,-79.707,4.158,521277391.000
-2.281,0.477,0.074,18.207,-79.706,4.167,521277491.000
-2.283,0.475,0.069,18.172,-79.662,4.149,521277591.000
-2.281,0.477,0.077,18.152,-79.674,4.167,521277690.000
-2.281,0.477,0.072,18.194,-79.617,4.168,521277790.000
-2.281,0.479,0.072,18.181,-79.618,4.149,521277891.000
-2.281,0.477,0.074,18.152,-79.561,4.140,521277991.000
-2.279,0.476,0.077,18.159,-79.565,4.178,521278090.000
-2.279,0.478,0.067,18.160,-79.574,4.104,521278191.000
-2.277,0.477,0.079,18.152,-79.521,4.141,521278291.000
-2.277,0.474,0.074,18.096,-79.514,4.132,521278390.000
-2.275,0.478,0.074,18.160,-79.454,4.133,521278492.000
-2.275,0.475,0.069,18.104,-79.446,4.123,521278591.000
-2.269,0.474,0.065,18.098,-79.453,4.106,521278691.000
-2.275,0.475,0.069,18.091,-79.422,4.151,521278791.000
-2.269,0.474,0.070,18.097,-79.436,4.106,521278890.000
-2.276,0.478,0.072,18.133,-79.341,4.134,521278990.000
-2.273,0.476,0.067,18.098,-79.322,4.115,521279090.000
-2.271,0.475,0.072,18.105,-79.342,4.125,521279190.000
-2.271,0.473,0.074,18.062,-79.310,4.116,521279290.000
-2.269,0.474,0.072,18.084,-79.282,4.135,521279390.000
-2.272,0.475,0.065,18.077,-79.246,4.098,521279490.000
-2.269,0.474,0.069,18.070,-79.242,4.135,521279591.000
-2.267,0.475,0.072,18.077,-79.222,4.099,521279691.000
-2.267,0.472,0.070,18.049,-79.182,4.090,521279790.000
-2.270,0.474,0.072,18.042,-79.161,4.108,521279890.000
-2.268,0.478,0.079,18.078,-79.149,4.108,521279991.000
-2.268,0.472,0.077,18.034,-79.158,4.090,521280091.000
-2.265,0.479,0.062,18.046,-79.123,4.099,521280190.000
-2.266,0.479,0.077,18.059,-79.098,4.127,521280290.000
-2.263,0.472,0.070,17.994,-79.063,4.091,521280390.000
-2.261,0.476,0.070,18.045,-79.075,4.119,521280491.000
-2.266,0.471,0.069,17.973,-79.026,4.100,521280591.000
-2.264,0.472,0.070,17.967,-79.015,4.091,521280691.000
-2.259,0.475,0.072,18.023,-78.983,4.074,521280790.000
-2.262,0.474,0.070,18.016,-78.954,4.083,521280890.000
-2.262,0.474,0.077,17.974,-78.930,4.083,521280990.000
-2.260,0.470,0.067,17.953,-78.927,4.111,521281091.000
-2.260,0.475,0.072,17.996,-78.886,4.102,521281190.000
-2.260,0.470,0.067,17.966,-78.903,4.083,521281290.000
-2.258,0.474,0.067,17.948,-78.843,4.084,521281390.000
-2.260,0.475,0.070,17.969,-78.822,4.102,521281491.000
-2.258,0.474,0.072,17.961,-78.802,4.084,521281590.000
-2.258,0.471,0.072,17.933,-78.778,4.103,521281690.000
-2.256,0.475,0.075,17.941,-78.782,4.075,521281790.000
-2.256,0.472,0.060,17.941,-78.760,4.066,521281890.000
-2.256,0.472,0.065,17.927,-78.719,4.066,521281991.000
-2.252,0.475,0.075,17.956,-78.687,4.104,521282090.000
-2.258,0.473,0.070,17.934,-78.641,4.085,521282190.000
-2.252,0.477,0.067,17.944,-78.688,4.086,521282290.000
-2.252,0.472,0.072,17.900,-78.647,4.095,521282390.000
-2.254,0.471,0.077,17.891,-78.617,4.077,521282491.000
-2.252,0.472,0.075,17.899,-78.614,4.068,521282590.000
-2.250,0.471,0.067,17.906,-78.603,4.077,521282690.000
-2.250,0.471,0.067,17.865,-78.579,4.077,521282791.000
-2.250,0.471,0.072,17.850,-78.539,4.050,521282891.000
-2.246,0.471,0.075,17.851,-78.532,4.078,521282990.000
-2.248,0.472,0.072,17.859,-78.503,4.069,521283091.000
-2.248,0.475,0.072,17.888,-78.479,4.078,521283190.000
-2.250,0.471,0.072,17.837,-78.466,4.050,521283291.000
-2.246,0.471,0.070,17.838,-78.427,4.051,521283390.000
-2.244,0.472,0.072,17.859,-78.431,4.070,521283490.000
-2.244,0.472,0.070,17.860,-78.415,4.070,521283590.000
-2.246,0.473,0.070,17.825,-78.379,4.061,521283691.000
-2.242,0.471,0.072,17.810,-78.372,4.052,521283791.000
-2.244,0.472,0.075,17.845,-78.326,4.071,521283891.000
-2.244,0.472,0.070,17.832,-78.319,4.043,521283990.000
-2.240,0.472,0.067,17.805,-78.328,4.043,521284090.000
-2.242,0.473,0.067,17.826,-78.291,4.034,521284190.000
-2.242,0.471,0.072,17.824,-78.250,4.053,521284290.000
-2.240,0.469,0.067,17.790,-78.231,4.063,521284391.000
-2.240,0.472,0.072,17.791,-78.239,4.044,521284490.000
-2.240,0.472,0.075,17.777,-78.182,4.044,521284590.000
-2.238,0.473,0.075,17.785,-78.195,4.063,521284690.000
-2.236,0.469,0.067,17.763,-78.160,4.036,521284790.000
-2.238,0.468,0.072,17.755,-78.131,4.045,521284891.000
-2.232,0.472,0.072,17.765,-78.145,4.073,521284990.000
-2.236,0.472,0.070,17.792,-78.103,4.046,521285091.000
-2.240,0.472,0.070,17.777,-78.054,4.045,521285190.000
-2.236,0.469,0.075,17.748,-78.038,4.037,521285290.000
-2.234,0.468,0.075,17.728,-78.027,4.046,521285391.000
-2.236,0.464,0.067,17.705,-78.015,4.046,521285490.000
-2.236,0.472,0.070,17.778,-77.982,4.019,521285590.000
-2.234,0.470,0.067,17.743,-77.979,4.028,521285690.000
-2.230,0.468,0.070,17.714,-77.996,4.019,521285791.000
-2.232,0.469,0.072,17.721,-77.951,4.010,521285891.000
-2.232,0.474,0.070,17.752,-77.935,4.029,521285990.000
-2.228,0.469,0.070,17.723,-77.912,4.039,521286091.000
-2.228,0.472,0.072,17.710,-77.880,4.020,521286190.000
-2.232,0.469,0.070,17.694,-77.887,4.010,521286291.000
-2.226,0.470,0.068,17.730,-77.860,4.002,521286390.000
-2.228,0.469,0.070,17.709,-77.840,4.039,521286491.000
-2.226,0.468,0.068,17.687,-77.812,3.993,521286590.000
-2.228,0.472,0.072,17.751,-77.807,4.021,521286690.000
-2.228,0.466,0.072,17.666,-77.759,4.030,521286791.000
-2.228,0.469,0.067,17.667,-77.751,4.012,521286891.000
-2.224,0.469,0.073,17.667,-77.760,3.985,521286991.000
-2.224,0.466,0.070,17.639,-77.720,4.003,521287091.000
-2.224,0.469,0.073,17.640,-77.663,3.985,521287191.000
-2.224,0.466,0.067,17.625,-77.680,4.004,521287290.000
-2.220,0.466,0.068,17.640,-77.681,4.004,521287390.000
-2.224,0.469,0.077,17.654,-77.622,4.013,521287491.000
-2.222,0.468,0.070,17.633,-77.611,3.995,521287590.000
-2.218,0.468,0.068,17.634,-77.621,3.996,521287691.000
-2.220,0.466,0.075,17.598,-77.608,4.005,521287791.000
-2.220,0.464,0.080,17.596,-77.567,3.996,521287890.000
-2.218,0.467,0.065,17.634,-77.557,3.996,521287991.000
-2.218,0.465,0.075,17.604,-77.548,3.987,521288090.000
-2.216,0.466,0.068,17.599,-77.537,3.978,521288190.000
-2.220,0.461,0.070,17.568,-77.479,3.987,521288291.000
-2.220,0.469,0.073,17.627,-77.470,3.987,521288390.000
-2.221,0.464,0.075,17.569,-77.438,4.024,521288490.000
-2.212,0.469,0.068,17.628,-77.441,3.989,521288590.000
-2.216,0.463,0.068,17.583,-77.440,3.970,521288691.000
-2.216,0.466,0.063,17.599,-77.408,3.979,521288790.000
-2.214,0.462,0.070,17.549,-77.372,3.979,521288890.000
-2.214,0.467,0.070,17.551,-77.372,3.970,521288991.000
-2.214,0.465,0.073,17.577,-77.363,3.989,521289090.000
-2.214,0.467,0.070,17.579,-77.323,3.971,521289191.000
-2.212,0.463,0.073,17.542,-77.328,3.971,521289290.000
-2.214,0.465,0.073,17.536,-77.291,3.989,521289390.000
-2.210,0.467,0.065,17.566,-77.293,3.971,521289490.000
-2.212,0.463,0.075,17.528,-77.271,3.971,521289591.000
-2.208,0.466,0.063,17.559,-77.241,3.954,521289691.000
-2.208,0.469,0.070,17.546,-77.241,3.963,521289790.000
-2.204,0.466,0.070,17.518,-77.242,3.982,521289890.000
-2.213,0.466,0.073,17.516,-77.159,3.953,521289990.000
-2.208,0.466,0.073,17.530,-77.160,3.954,521290090.000
-2.206,0.462,0.073,17.522,-77.148,3.982,521290190.000
-2.208,0.463,0.073,17.501,-77.135,3.945,521290290.000
-2.209,0.466,0.073,17.530,-77.111,3.954,521290391.000
-2.211,0.462,0.070,17.480,-77.083,3.954,521290490.000
-2.206,0.465,0.068,17.496,-77.092,3.964,521290590.000
-2.209,0.463,0.073,17.488,-77.063,3.945,521290690.000
-2.200,0.463,0.070,17.475,-77.074,3.946,521290790.000
-2.204,0.463,0.068,17.475,-77.032,3.946,521290890.000
-2.204,0.466,0.068,17.490,-77.032,3.955,521290990.000
-2.204,0.463,0.070,17.461,-77.024,3.946,521291090.000
-2.209,0.463,0.075,17.460,-76.934,3.974,521291190.000
-2.207,0.464,0.065,17.441,-76.931,3.937,521291290.000
-2.203,0.462,0.073,17.454,-76.956,3.956,521291390.000
-2.200,0.463,0.070,17.448,-76.928,3.947,521291490.000
-2.200,0.463,0.068,17.420,-76.913,3.947,521291590.000
-2.200,0.463,0.065,17.448,-76.897,3.948,521291690.000
-2.203,0.462,0.070,17.454,-76.843,3.957,521291791.000
-2.203,0.464,0.065,17.428,-76.836,3.938,521291891.000
-2.194,0.464,0.073,17.456,-76.837,3.940,521291990.000
-2.201,0.466,0.075,17.449,-76.791,3.958,521292091.000
-2.199,0.464,0.073,17.414,-76.788,3.939,521292191.000
-2.197,0.463,0.065,17.421,-76.777,3.949,521292291.000
-2.194,0.462,0.070,17.400,-76.797,3.931,521292391.000
-2.197,0.463,0.068,17.407,-76.769,3.949,521292491.000
-2.199,0.462,0.068,17.399,-76.707,3.931,521292590.000
-2.197,0.460,0.070,17.406,-76.712,3.940,521292691.000
-2.195,0.464,0.073,17.401,-76.692,3.940,521292790.000
-2.195,0.462,0.070,17.399,-76.700,3.904,521292890.000
-2.192,0.458,0.065,17.350,-76.681,3.932,521292991.000
-2.195,0.462,0.075,17.358,-76.660,3.931,521293090.000
-2.193,0.460,0.068,17.351,-76.625,3.941,521293190.000
-2.186,0.462,0.073,17.387,-76.646,3.933,521293291.000
-2.195,0.464,0.068,17.360,-76.588,3.913,521293390.000
-2.193,0.463,0.075,17.379,-76.599,3.895,521293490.000
-2.189,0.455,0.068,17.294,-76.554,3.951,521293591.000
-2.193,0.463,0.065,17.339,-76.560,3.895,521293691.000
-2.191,0.464,0.068,17.360,-76.516,3.914,521293791.000
-2.184,0.460,0.073,17.338,-76.538,3.915,521293891.000
-2.189,0.458,0.068,17.323,-76.480,3.906,521293990.000
-2.187,0.459,0.063,17.331,-76.461,3.925,521294090.000
-2.187,0.467,0.063,17.363,-76.437,3.897,521294191.000
-2.187,0.459,0.066,17.317,-76.453,3.897,521294292.000
-2.189,0.455,0.068,17.252,-76.433,3.897,521294392.000
-2.185,0.460,0.070,17.297,-76.401,3.916,521294492.000
-2.187,0.459,0.070,17.303,-76.364,3.925,521294591.000
-2.185,0.455,0.068,17.266,-76.385,3.870,521294692.000
-2.187,0.461,0.068,17.318,-76.348,3.907,521294792.000
-2.187,0.461,0.071,17.290,-76.316,3.879,521294892.000
-2.185,0.463,0.068,17.312,-76.337,3.898,521294992.000
-2.183,0.461,0.065,17.278,-76.285,3.908,521295091.000
-2.185,0.460,0.070,17.311,-76.280,3.917,521295192.000
-2.185,0.463,0.070,17.285,-76.256,3.926,521295291.000
-2.183,0.464,0.071,17.279,-76.244,3.890,521295391.000
-2.183,0.459,0.070,17.262,-76.220,3.899,521295492.000
-2.181,0.460,0.068,17.256,-76.193,3.890,521295591.000
-2.183,0.459,0.070,17.235,-76.172,3.899,521295691.000
-2.179,0.464,0.071,17.321,-76.148,3.891,521295792.000
-2.185,0.460,0.068,17.228,-76.119,3.890,521295891.000
-2.183,0.461,0.071,17.250,-76.123,3.881,521295992.000
-2.177,0.460,0.073,17.257,-76.153,3.891,521296091.000
-2.179,0.459,0.066,17.236,-76.117,3.900,521296192.000
-2.179,0.456,0.066,17.192,-76.069,3.864,521296291.000
-2.177,0.455,0.068,17.199,-76.073,3.901,521296392.000
-2.177,0.460,0.066,17.229,-76.057,3.864,521296492.000
-2.181,0.460,0.071,17.229,-76.015,3.891,521296591.000
-2.177,0.457,0.073,17.214,-76.008,3.883,521296691.000
-2.177,0.457,0.073,17.200,-75.984,3.883,521296791.000
-2.175,0.459,0.068,17.181,-76.013,3.874,521296892.000
-2.175,0.456,0.066,17.179,-75.973,3.865,521296991.000
-2.169,0.457,0.068,17.174,-76.003,3.884,521297091.000
-2.171,0.461,0.076,17.224,-75.941,3.884,521297192.000
-2.173,0.457,0.068,17.174,-75.929,3.884,521297291.000
-2.173,0.457,0.066,17.187,-75.889,3.857,521297392.000
-2.171,0.458,0.066,17.181,-75.877,3.848,521297492.000
-2.173,0.462,0.071,17.189,-75.872,3.847,521297591.000
-2.169,0.460,0.071,17.161,-75.874,3.866,521297691.000
-2.171,0.458,0.066,17.167,-75.853,3.848,521297792.000
-2.171,0.459,0.068,17.154,-75.845,3.875,521297892.000
-2.171,0.458,0.068,17.168,-75.821,3.876,521297991.000
-2.167,0.458,0.068,17.126,-75.822,3.848,521298092.000
-2.167,0.464,0.073,17.184,-75.805,3.867,521298191.000
-2.169,0.457,0.071,17.133,-75.753,3.885,521298291.000
-2.167,0.461,0.066,17.170,-75.757,3.858,521298391.000
-2.165,0.457,0.078,17.146,-75.753,3.859,521298491.000
-2.163,0.458,0.071,17.113,-75.742,3.849,521298592.000
-2.167,0.456,0.073,17.125,-75.684,3.840,521298692.000
-2.167,0.456,0.063,17.112,-75.693,3.840,521298791.000
-2.167,0.461,0.073,17.183,-75.684,3.859,521298891.000
-2.163,0.456,0.071,17.112,-75.669,3.841,521298992.000
-2.165,0.457,0.066,17.120,-75.625,3.859,521299092.000
-2.167,0.458,0.071,17.127,-75.596,3.850,521299191.000
-2.167,0.461,0.068,17.142,-75.580,3.859,521299291.000
-2.163,0.456,0.071,17.098,-75.597,3.869,521299392.000
-2.165,0.454,0.066,17.090,-75.552,3.823,521299491.000
-2.163,0.453,0.063,17.056,-75.549,3.832,521299592.000
-2.163,0.458,0.073,17.127,-75.540,3.851,521299691.000
-2.157,0.454,0.071,17.077,-75.562,3.824,521299792.000
-2.166,0.457,0.071,17.078,-75.487,3.860,521299891.000
-2.163,0.458,0.063,17.086,-75.501,3.823,521299991.000
-2.157,0.457,0.066,17.065,-75.482,3.834,521300092.000
-2.161,0.462,0.068,17.123,-75.424,3.824,521300192.000
-2.159,0.456,0.073,17.057,-75.420,3.843,521300292.000
-2.157,0.457,0.071,17.079,-75.441,3.834,521300391.000
-2.161,0.457,0.066,17.037,-75.409,3.833,521300492.000
-2.157,0.459,0.063,17.067,-75.394,3.816,521300592.000
-2.159,0.453,0.073,17.014,-75.372,3.834,521300692.000
-2.157,0.457,0.066,17.038,-75.385,3.806,521300792.000
-2.153,0.454,0.073,17.050,-75.362,3.826,521300891.000
-2.155,0.458,0.068,17.032,-75.342,3.825,521300992.000
-2.157,0.457,0.066,17.065,-75.288,3.807,521301092.000
-2.155,0.455,0.073,17.058,-75.300,3.817,521301192.000
-2.153,0.459,0.073,17.039,-75.289,3.817,521301291.000
-2.155,0.455,0.071,17.017,-75.261,3.845,521301391.000
-2.155,0.458,0.073,17.018,-75.252,3.826,521301492.000
-2.153,0.457,0.068,17.038,-75.233,3.808,521301592.000
-2.153,0.457,0.071,17.010,-75.249,3.808,521301692.000
-2.151,0.455,0.066,17.003,-75.230,3.790,521301792.000
-2.149,0.454,0.073,16.982,-75.218,3.827,521301892.000
-2.151,0.458,0.071,17.032,-75.140,3.828,521301991.000
-2.151,0.455,0.071,16.962,-75.141,3.818,521302092.000
-2.151,0.455,0.066,17.004,-75.133,3.818,521302192.000
-2.152,0.453,0.076,16.961,-75.100,3.837,521302292.000
-2.149,0.451,0.068,16.981,-75.113,3.819,521302392.000
-2.147,0.453,0.071,16.975,-75.118,3.810,521302492.000
-2.147,0.455,0.071,17.004,-75.093,3.792,521302592.000
-2.147,0.453,0.068,16.975,-75.102,3.810,521302690.000
-2.147,0.455,0.071,16.976,-75.045,3.819,521302792.000
-2.150,0.454,0.073,16.913,-75.049,3.800,521302892.000
-2.145,0.451,0.066,16.927,-75.026,3.820,521302990.000
-2.148,0.453,0.073,16.947,-74.988,3.783,521303090.000
-2.145,0.454,0.064,16.955,-74.986,3.774,521303190.000
-2.152,0.455,0.066,16.976,-74.939,3.792,521303291.000
-2.143,0.458,0.069,16.965,-74.958,3.802,521303390.000
-2.143,0.458,0.071,16.992,-74.925,3.803,521303490.000
-2.148,0.450,0.068,16.905,-74.908,3.802,521303592.000
-2.143,0.455,0.066,16.922,-74.894,3.793,521303690.000
-2.146,0.456,0.068,16.916,-74.873,3.811,521303791.000
-2.141,0.454,0.068,16.928,-74.898,3.803,521303890.000
-2.142,0.454,0.074,16.928,-74.833,3.776,521303991.000
-2.144,0.455,0.073,16.922,-74.844,3.794,521304090.000
-2.148,0.455,0.068,16.921,-74.787,3.793,521304190.000
-2.137,0.451,0.071,16.914,-74.842,3.795,521304291.000
-2.140,0.450,0.074,16.878,-74.797,3.776,521304390.000
-2.139,0.453,0.064,16.866,-74.782,3.785,521304490.000
-2.140,0.452,0.071,16.893,-74.781,3.785,521304592.000
-2.140,0.450,0.071,16.892,-74.757,3.776,521304690.000
-2.142,0.454,0.064,16.887,-74.745,3.776,521304792.000
-2.140,0.452,0.064,16.866,-74.734,3.785,521304892.000
-2.138,0.451,0.071,16.872,-74.721,3.768,521304990.000
-2.138,0.449,0.074,16.871,-74.713,3.786,521305090.000
-2.138,0.454,0.069,16.888,-74.706,3.805,521305190.000
-2.133,0.451,0.069,16.873,-74.682,3.769,521305290.000
-2.138,0.456,0.071,16.889,-74.649,3.786,521305391.000
-2.133,0.448,0.064,16.817,-74.627,3.759,521305490.000
-2.136,0.452,0.069,16.867,-74.646,3.787,521305592.000
-2.138,0.454,0.066,16.846,-74.617,3.777,521305690.000
-2.136,0.447,0.061,16.795,-74.622,3.741,521305790.000
-2.138,0.451,0.071,16.831,-74.552,3.769,521305890.000
-2.131,0.450,0.066,16.797,-74.607,3.750,521305990.000
-2.134,0.453,0.071,16.874,-74.529,3.751,521306090.000
-2.134,0.451,0.066,16.804,-74.546,3.769,521306190.000
-2.132,0.450,0.061,16.797,-74.527,3.751,521306291.000
-2.132,0.452,0.069,16.839,-74.526,3.760,521306390.000
-2.132,0.447,0.066,16.768,-74.486,3.770,521306490.000
-2.130,0.454,0.074,16.833,-74.498,3.752,521306590.000
-2.132,0.452,0.066,16.840,-74.461,3.761,521306690.000
-2.132,0.452,0.066,16.812,-74.462,3.761,521306790.000
-2.130,0.451,0.069,16.777,-74.442,3.770,521306890.000
-2.130,0.456,0.069,16.821,-74.418,3.761,521306990.000
-2.130,0.448,0.074,16.775,-74.401,3.762,521307090.000
-2.128,0.455,0.069,16.800,-74.406,3.771,521307190.000
-2.123,0.450,0.064,16.757,-74.424,3.753,521307291.000
-2.130,0.453,0.069,16.792,-74.345,3.753,521307390.000
-2.130,0.451,0.064,16.750,-74.362,3.743,521307490.000
-2.128,0.455,0.066,16.786,-74.318,3.744,521307590.000
-2.126,0.451,0.061,16.778,-74.323,3.744,521307690.000
-2.126,0.453,0.061,16.766,-74.323,3.753,521307790.000
-2.126,0.451,0.066,16.750,-74.306,3.744,521307890.000
-2.126,0.451,0.066,16.778,-74.258,3.745,521307990.000
-2.124,0.452,0.069,16.758,-74.238,3.763,521308090.000
-2.122,0.451,0.069,16.764,-74.275,3.745,521308190.000
-2.124,0.452,0.066,16.745,-74.246,3.763,521308290.000
-2.124,0.444,0.069,16.685,-74.238,3.735,521308391.000
-2.124,0.449,0.066,16.729,-74.198,3.727,521308490.000
-2.124,0.455,0.066,16.773,-74.174,3.745,521308590.000
-2.122,0.451,0.064,16.723,-74.171,3.745,521308691.000
-2.122,0.451,0.061,16.696,-74.155,3.718,521308790.000
-2.120,0.449,0.064,16.730,-74.159,3.728,521308891.000
-2.124,0.452,0.074,16.716,-74.100,3.736,521308990.000
-2.120,0.449,0.064,16.689,-74.087,3.755,521309090.000
-2.120,0.447,0.066,16.673,-74.102,3.718,521309190.000
-2.120,0.449,0.066,16.688,-74.102,3.728,521309291.000
-2.118,0.448,0.066,16.695,-74.091,3.737,521309390.000
-2.116,0.449,0.064,16.730,-74.087,3.729,521309490.000
-2.118,0.448,0.069,16.695,-74.058,3.738,521309590.000
-2.116,0.447,0.066,16.660,-74.055,3.719,521309690.000
-2.118,0.448,0.061,16.681,-74.035,3.710,521309790.000
-2.122,0.456,0.066,16.740,-73.968,3.738,521309891.000
-2.114,0.448,0.071,16.668,-74.003,3.739,521309990.000
-2.116,0.447,0.071,16.659,-73.990,3.720,521310090.000
-2.118,0.453,0.071,16.683,-73.953,3.729,521310190.000
-2.116,0.449,0.066,16.675,-73.958,3.729,521310290.000
-2.114,0.448,0.066,16.654,-73.947,3.739,521310390.000
-2.112,0.452,0.066,16.704,-73.959,3.712,521310491.000
-2.116,0.447,0.061,16.647,-73.902,3.720,521310590.000
-2.114,0.448,0.071,16.667,-73.906,3.712,521310691.000
-2.114,0.443,0.061,16.610,-73.891,3.721,521310791.000
-2.114,0.445,0.069,16.611,-73.866,3.730,521310891.000
-2.112,0.447,0.071,16.633,-73.870,3.721,521310991.000
-2.112,0.444,0.066,16.604,-73.863,3.712,521311090.000
-2.110,0.448,0.069,16.655,-73.843,3.740,521311191.000
-2.110,0.445,0.066,16.612,-73.827,3.703,521311290.000
-2.112,0.449,0.066,16.634,-73.814,3.703,521311391.000
-2.112,0.449,0.066,16.634,-73.814,3.703,521311490.000
-2.110,0.451,0.069,16.642,-73.795,3.722,521311590.000
-2.108,0.452,0.069,16.663,-73.783,3.686,521311690.000
-2.110,0.450,0.066,16.628,-73.754,3.694,521311792.000
-2.112,0.446,0.069,16.591,-73.734,3.694,521311891.000
-2.110,0.448,0.059,16.655,-73.730,3.686,521311992.000
-2.112,0.446,0.064,16.605,-73.677,3.695,521312091.000
-2.108,0.449,0.066,16.621,-73.719,3.704,521312191.000
-2.106,0.443,0.069,16.569,-73.675,3.696,521312292.000
-2.106,0.448,0.069,16.600,-73.675,3.714,521312391.000
-2.106,0.453,0.067,16.644,-73.683,3.677,521312491.000
-2.106,0.448,0.069,16.586,-73.651,3.714,521312591.000
-2.106,0.448,0.064,16.586,-73.619,3.687,521312692.000
-2.104,0.446,0.062,16.565,-73.640,3.696,521312791.000
