0.014,0.020,-0.048,-0.817,0.398,0.080,435386868.000
0.014,0.023,-0.048,-0.774,0.398,0.062,435386969.000
0.019,0.020,-0.046,-0.830,0.381,0.108,435387069.000
0.017,0.024,-0.051,-0.793,0.401,0.080,435387169.000
0.019,0.020,-0.048,-0.816,0.373,0.080,435387268.000
0.017,0.019,-0.051,-0.824,0.353,0.089,435387368.000
0.017,0.022,-0.053,-0.795,0.393,0.071,435387469.000
0.021,0.019,-0.046,-0.796,0.344,0.090,435387568.000
0.019,0.018,-0.046,-0.831,0.357,0.071,435387668.000
0.017,0.022,-0.046,-0.809,0.369,0.098,435387769.000
0.019,0.018,-0.048,-0.817,0.397,0.099,435387868.000
0.019,0.020,-0.053,-0.816,0.356,0.080,435387969.000
0.017,0.022,-0.043,-0.809,0.354,0.098,435388068.000
0.017,0.019,-0.053,-0.810,0.345,0.061,435388168.000
0.017,0.016,-0.051,-0.811,0.353,0.080,435388269.000
0.017,0.022,-0.041,-0.795,0.362,0.098,435388368.000
0.017,0.019,-0.051,-0.796,0.353,0.089,435388468.000
0.017,0.022,-0.048,-0.781,0.337,0.098,435388569.000
0.019,0.023,-0.051,-0.773,0.340,0.089,435388668.000
0.017,0.014,-0.055,-0.826,0.336,0.071,435388768.000
0.019,0.018,-0.048,-0.845,0.348,0.071,435388869.000
0.017,0.019,-0.058,-0.809,0.328,0.089,435388969.000
0.019,0.020,-0.053,-0.760,0.308,0.108,435389068.000
0.019,0.023,-0.053,-0.787,0.332,0.062,435389168.000
0.019,0.018,-0.051,-0.817,0.316,0.098,435389269.000
0.017,0.019,-0.048,-0.796,0.337,0.089,435389368.000
0.015,0.020,-0.051,-0.803,0.341,0.079,435389468.000
0.017,0.019,-0.048,-0.810,0.313,0.089,435389568.000
0.019,0.020,-0.050,-0.774,0.316,0.080,435389669.000
0.017,0.024,-0.053,-0.766,0.321,0.080,435389768.000
0.019,0.023,-0.053,-0.787,0.283,0.089,435389868.000
0.015,0.023,-0.051,-0.787,0.293,0.088,435389968.000
0.019,0.020,-0.053,-0.802,0.283,0.080,435390069.000
0.012,0.019,-0.051,-0.797,0.330,0.088,435390169.000
0.015,0.023,-0.056,-0.773,0.301,0.088,435390268.000
0.017,0.019,-0.051,-0.810,0.280,0.089,435390368.000
0.015,0.020,-0.051,-0.788,0.317,0.107,435390468.000
0.017,0.022,-0.056,-0.780,0.336,0.098,435390568.000
0.019,0.026,-0.050,-0.772,0.268,0.070,435390668.000
0.017,0.019,-0.055,-0.782,0.312,0.061,435390769.000
0.017,0.016,-0.056,-0.811,0.288,0.079,435390869.000
0.015,0.020,-0.055,-0.788,0.301,0.079,435390968.000
0.017,0.016,-0.056,-0.811,0.288,0.079,435391068.000
0.015,0.023,-0.056,-0.773,0.301,0.088,435391168.000
0.019,0.023,-0.053,-0.759,0.284,0.089,435391269.000
0.017,0.022,-0.048,-0.781,0.289,0.070,435391369.000
0.017,0.016,-0.060,-0.797,0.296,0.080,435391469.000
0.015,0.023,-0.051,-0.760,0.293,0.089,435391568.000
0.017,0.019,-0.053,-0.796,0.272,0.089,435391669.000
0.015,0.018,-0.051,-0.804,0.317,0.070,435391768.000
0.015,0.023,-0.053,-0.773,0.285,0.088,435391868.000
0.015,0.018,-0.051,-0.790,0.293,0.070,435391969.000
0.017,0.019,-0.053,-0.796,0.272,0.089,435392068.000
0.015,0.018,-0.056,-0.817,0.276,0.097,435392169.000
0.015,0.026,-0.053,-0.758,0.285,0.098,435392268.000
0.013,0.022,-0.048,-0.768,0.290,0.070,435392368.000
0.015,0.020,-0.053,-0.789,0.285,0.079,435392468.000
0.017,0.019,-0.053,-0.796,0.272,0.089,435392568.000
0.015,0.018,-0.051,-0.818,0.244,0.097,435392668.000
0.015,0.023,-0.048,-0.773,0.253,0.116,435392769.000
0.013,0.024,-0.053,-0.766,0.249,0.079,435392869.000
0.013,0.019,-0.051,-0.810,0.257,0.088,435392968.000
0.013,0.016,-0.051,-0.812,0.282,0.079,435393068.000
0.017,0.027,-0.055,-0.750,0.239,0.088,435393168.000
0.013,0.019,-0.055,-0.797,0.265,0.060,435393268.000
0.017,0.022,-0.045,-0.754,0.225,0.070,435393369.000
0.015,0.020,-0.058,-0.802,0.244,0.079,435393468.000
0.015,0.026,-0.051,-0.745,0.245,0.097,435393568.000
0.015,0.018,-0.056,-0.817,0.228,0.097,435393669.000
0.017,0.022,-0.046,-0.767,0.200,0.097,435393768.000
0.013,0.019,-0.048,-0.783,0.242,0.088,435393869.000
0.015,0.020,-0.051,-0.803,0.244,0.079,435393968.000
0.013,0.019,-0.051,-0.783,0.257,0.088,435394068.000
0.015,0.020,-0.046,-0.775,0.213,0.106,435394168.000
0.015,0.020,-0.046,-0.775,0.213,0.106,435394268.000
0.017,0.024,-0.053,-0.752,0.199,0.079,435394369.000
0.015,0.020,-0.055,-0.775,0.228,0.079,435394468.000
0.013,0.019,-0.048,-0.769,0.217,0.088,435394568.000
0.015,0.023,-0.051,-0.774,0.220,0.088,435394668.000
0.017,0.017,-0.048,-0.784,0.192,0.079,435394768.000
0.015,0.023,-0.053,-0.746,0.237,0.088,435394869.000
0.015,0.023,-0.053,-0.760,0.212,0.088,435394968.000
0.013,0.019,-0.053,-0.783,0.225,0.088,435395069.000
0.013,0.024,-0.053,-0.753,0.225,0.078,435395168.000
0.017,0.022,-0.053,-0.767,0.199,0.097,435395269.000
0.019,0.021,-0.051,-0.774,0.171,0.107,435395368.000
0.013,0.022,-0.046,-0.754,0.201,0.097,435395468.000
0.013,0.016,-0.043,-0.771,0.210,0.079,435395569.000
0.011,0.023,-0.051,-0.760,0.222,0.087,435395668.000
0.015,0.018,-0.051,-0.776,0.221,0.097,435395769.000
0.013,0.022,-0.048,-0.768,0.193,0.097,435395869.000
0.011,0.028,-0.051,-0.716,0.198,0.078,435395968.000
0.013,0.022,-0.051,-0.781,0.185,0.096,435396068.000
0.013,0.019,-0.053,-0.797,0.200,0.087,435396168.000
0.015,0.020,-0.053,-0.747,0.212,0.079,435396268.000
0.015,0.023,-0.051,-0.760,0.196,0.088,435396368.000
0.015,0.028,-0.053,-0.730,0.164,0.078,435396469.000
0.013,0.022,-0.046,-0.768,0.177,0.097,435396568.000
0.011,0.020,-0.048,-0.776,0.206,0.078,435396669.000
0.015,0.018,-0.053,-0.776,0.188,0.097,435396768.000
0.017,0.019,-0.048,-0.782,0.167,0.116,435396869.000
0.013,0.022,-0.053,-0.740,0.177,0.097,435396969.000
0.013,0.022,-0.046,-0.740,0.177,0.097,435397068.000
0.013,0.022,-0.051,-0.768,0.160,0.096,435397169.000
0.013,0.024,-0.051,-0.752,0.160,0.106,435397268.000
0.013,0.022,-0.053,-0.768,0.176,0.069,435397369.000
0.017,0.019,-0.053,-0.769,0.127,0.060,435397468.000
0.011,0.018,-0.046,-0.750,0.166,0.097,435397569.000
0.015,0.020,-0.053,-0.775,0.115,0.078,435397669.000
0.009,0.022,-0.056,-0.782,0.193,0.068,435397769.000
0.013,0.022,-0.048,-0.754,0.169,0.097,435397869.000
0.011,0.020,-0.051,-0.748,0.173,0.106,435397970.000
0.015,0.023,-0.053,-0.732,0.164,0.088,435398069.000
0.011,0.018,-0.053,-0.763,0.189,0.097,435398170.000
0.011,0.020,-0.051,-0.775,0.173,0.105,435398270.000
0.015,0.018,-0.053,-0.776,0.188,0.097,435398369.000
0.015,0.020,-0.046,-0.761,0.189,0.106,435398469.000
0.013,0.019,-0.048,-0.797,0.217,0.088,435398569.000
0.015,0.021,-0.048,-0.789,0.204,0.106,435398670.000
0.015,0.020,-0.056,-0.802,0.228,0.106,435398769.000
0.013,0.027,-0.053,-0.723,0.249,0.088,435398869.000
0.013,0.019,-0.051,-0.783,0.257,0.088,435398969.000
0.017,0.017,-0.053,-0.797,0.248,0.079,435399070.000
0.017,0.019,-0.046,-0.796,0.273,0.089,435399170.000
0.015,0.020,-0.053,-0.789,0.285,0.079,435399270.000
0.019,0.023,-0.050,-0.759,0.268,0.089,435399370.000
0.015,0.015,-0.058,-0.832,0.341,0.089,435399469.000
0.015,0.018,-0.053,-0.790,0.358,0.098,435399569.000
0.015,0.023,-0.051,-0.815,0.341,0.088,435399670.000
0.017,0.022,-0.051,-0.781,0.353,0.098,435399770.000
0.021,0.019,-0.058,-0.767,0.376,0.090,435399869.000
0.017,0.016,-0.058,-0.838,0.352,0.080,435399970.000
0.019,0.023,-0.053,-0.787,0.381,0.062,435400069.000
0.021,0.016,-0.051,-0.824,0.400,0.081,435400170.000
0.019,0.020,-0.053,-0.816,0.405,0.080,435400269.000
0.021,0.022,-0.058,-0.807,0.375,0.071,435400370.000
0.007,0.028,-0.056,-0.689,-0.036,0.103,435400469.000
0.009,0.017,-0.051,-0.744,-0.056,0.104,435400569.000
-0.001,0.023,-0.048,-0.625,-0.396,0.109,435400669.000
-0.016,0.032,-0.041,-0.514,-0.996,0.103,435400770.000
-0.027,0.035,-0.048,-0.349,-1.719,0.106,435400870.000
-0.053,0.039,-0.046,-0.137,-2.634,0.179,435400970.000
-0.078,0.046,-0.044,0.117,-3.647,0.206,435401070.000
-0.105,0.055,-0.039,0.364,-4.687,0.222,435401170.000
-0.128,0.066,-0.049,0.559,-5.827,0.248,435401269.000
-0.149,0.070,-0.044,0.812,-6.905,0.265,435401369.000
-0.174,0.075,-0.030,1.036,-7.973,0.310,435401469.000
-0.201,0.084,-0.037,1.270,-9.103,0.326,435401570.000
-0.222,0.091,-0.038,1.442,-10.077,0.353,435401669.000
-0.247,0.095,-0.033,1.667,-11.130,0.370,435401770.000
-0.274,0.106,-0.028,1.957,-12.266,0.423,435401869.000
-0.301,0.110,-0.038,2.106,-13.332,0.421,435401969.000
-0.324,0.118,-0.036,2.368,-14.358,0.438,435402069.000
-0.349,0.128,-0.021,2.622,-15.474,0.473,435402169.000
-0.376,0.139,-0.024,2.872,-16.636,0.526,435402268.000
-0.399,0.142,-0.024,3.048,-17.646,0.552,435402369.000
-0.425,0.147,-0.022,3.300,-18.682,0.570,435402470.000
-0.452,0.153,-0.017,3.506,-19.722,0.632,435402569.000
-0.473,0.165,-0.027,3.791,-20.826,0.650,435402669.000
-0.498,0.170,-0.013,4.029,-21.870,0.695,435402768.000
-0.525,0.176,-0.018,4.221,-22.919,0.729,435402869.000
-0.548,0.187,-0.011,4.469,-24.025,0.728,435402969.000
-0.576,0.190,-0.011,4.701,-24.960,0.810,435403069.000
-0.600,0.200,-0.011,4.915,-26.151,0.816,435403170.000
-0.628,0.206,-0.016,5.148,-27.127,0.852,435403268.000
-0.653,0.213,-0.006,5.442,-28.211,0.851,435403368.000
-0.680,0.221,-0.009,5.608,-29.350,0.894,435403468.000
-0.705,0.231,-0.007,5.878,-30.411,0.985,435403569.000
-0.726,0.231,0.008,6.085,-31.528,0.984,435403668.000
-0.759,0.243,-0.003,6.328,-32.677,1.026,435403768.000
-0.786,0.249,-0.010,6.589,-33.685,1.062,435403869.000
-0.807,0.254,-0.001,6.813,-34.795,1.079,435403968.000
-0.840,0.264,-0.001,7.054,-36.032,1.139,435404069.000
-0.870,0.271,-0.001,7.308,-37.003,1.166,435404168.000
-0.884,0.274,0.004,7.513,-38.193,1.220,435404269.000
-0.920,0.290,-0.002,7.791,-39.288,1.235,435404369.000
-0.947,0.299,0.010,8.052,-40.497,1.306,435404468.000
-0.970,0.302,0.010,8.283,-41.603,1.304,435404569.000
-1.001,0.311,0.010,8.517,-42.755,1.347,435404668.000
-1.030,0.315,0.005,8.701,-43.744,1.419,435404769.000
-1.053,0.324,0.012,9.018,-44.897,1.436,435404869.000
-1.084,0.332,0.009,9.196,-46.082,1.451,435404969.000
-1.114,0.342,0.014,9.450,-47.207,1.485,435405069.000
-1.134,0.347,0.021,9.689,-48.276,1.530,435405168.000
-1.168,0.357,0.023,9.916,-49.408,1.564,435405269.000
-1.197,0.364,0.020,10.115,-50.509,1.616,435405368.000
-1.220,0.373,0.033,10.390,-51.622,1.661,435405468.000
-1.253,0.380,0.032,10.643,-52.810,1.685,435405568.000
-1.276,0.381,0.020,10.860,-53.934,1.729,435405668.000
-1.305,0.393,0.027,11.088,-55.050,1.773,435405769.000
-1.336,0.402,0.029,11.335,-56.291,1.787,435405868.000
-1.364,0.413,0.029,11.557,-57.324,1.841,435405969.000
-1.395,0.424,0.036,11.819,-58.451,1.893,435406068.000
-1.416,0.426,0.038,12.029,-59.610,1.901,435406168.000
-1.447,0.429,0.036,12.176,-60.699,1.897,435406268.000
-1.472,0.439,0.043,12.446,-61.792,1.988,435406368.000
-1.504,0.445,0.040,12.650,-62.904,2.022,435406469.000
-1.526,0.459,0.037,12.887,-63.995,2.029,435406569.000
-1.553,0.462,0.039,13.105,-65.116,2.082,435406668.000
-1.581,0.471,0.054,13.310,-66.244,2.098,435406769.000
-1.617,0.484,0.049,13.546,-67.243,2.132,435406868.000
-1.644,0.490,0.048,13.765,-68.372,2.194,435406968.000
-1.671,0.496,0.058,13.996,-69.493,2.201,435407068.000
-1.696,0.501,0.053,14.166,-70.579,2.217,435407168.000
-1.723,0.512,0.060,14.387,-71.660,2.270,435407268.000
-1.750,0.523,0.065,14.636,-72.724,2.324,435407368.000
-1.786,0.526,0.067,14.852,-73.891,2.348,435407468.000
-1.806,0.539,0.064,15.082,-74.994,2.364,435407568.000
-1.834,0.542,0.071,15.271,-76.051,2.390,435407668.000
-1.863,0.549,0.071,15.470,-77.119,2.415,435407768.000
-1.892,0.559,0.066,15.739,-78.204,2.477,435407868.000
-1.917,0.564,0.076,15.977,-79.264,2.495,435407968.000
-1.951,0.571,0.070,16.175,-80.372,2.519,435408068.000
-1.976,0.578,0.070,16.416,-81.441,2.545,435408169.000
-1.999,0.586,0.075,16.608,-82.459,2.562,435408268.000
-2.035,0.595,0.085,16.813,-83.650,2.604,435408368.000
-2.058,0.603,0.084,17.061,-84.683,2.649,435408468.000
-2.085,0.612,0.086,17.295,-85.683,2.694,435408568.000
-2.115,0.616,0.089,17.492,-86.695,2.710,435408668.000
-2.140,0.621,0.093,17.675,-87.724,2.755,435408768.000
-2.159,0.622,0.093,17.892,-88.710,2.773,435408868.000
-2.184,0.631,0.093,18.121,-89.682,2.809,435408969.000
-2.212,0.635,0.093,18.256,-90.643,2.863,435409068.000
-2.239,0.648,0.095,18.519,-91.546,2.871,435409169.000
-2.267,0.651,0.105,18.736,-92.521,2.898,435409268.000
-2.290,0.657,0.097,19.025,-93.506,2.935,435409368.000
-2.313,0.663,0.094,19.258,-94.426,2.971,435409469.000
-2.345,0.671,0.102,19.478,-95.457,3.015,435409568.000
-2.368,0.672,0.096,19.694,-96.580,3.032,435409669.000
-2.403,0.686,0.099,19.930,-97.578,3.066,435409768.000
-2.427,0.692,0.106,20.135,-98.611,3.129,435409868.000
-2.448,0.699,0.113,20.348,-99.608,3.156,435409969.000
-2.481,0.703,0.108,20.545,-100.643,3.172,435410068.000
-2.511,0.716,0.120,20.773,-101.695,3.216,435410169.000
-2.536,0.723,0.120,20.944,-102.692,3.242,435410268.000
-2.559,0.726,0.119,21.148,-103.604,3.270,435410368.000
-2.587,0.727,0.131,21.335,-104.668,3.286,435410469.000
-2.616,0.742,0.124,21.594,-105.664,3.312,435410568.000
-2.639,0.740,0.126,21.740,-106.641,3.376,435410668.000
-2.662,0.748,0.138,21.960,-107.658,3.393,435410768.000
-2.692,0.755,0.123,22.145,-108.607,3.391,435410868.000
-2.726,0.762,0.128,22.398,-109.681,3.416,435410968.000
-2.749,0.771,0.137,22.564,-110.682,3.516,435411068.000
-2.774,0.781,0.137,22.804,-111.630,3.469,435411168.000
-2.801,0.781,0.139,22.965,-112.727,3.513,435411268.000
-2.831,0.791,0.134,23.207,-113.667,3.549,435411368.000
-2.852,0.796,0.146,23.377,-114.599,3.595,435411468.000
-2.882,0.805,0.146,23.591,-115.619,3.629,435411569.000
-2.913,0.814,0.141,23.811,-116.570,3.646,435411669.000
-2.937,0.820,0.143,24.016,-117.572,3.682,435411768.000
-2.962,0.827,0.153,24.228,-118.511,3.736,435411868.000
-2.987,0.829,0.150,24.424,-119.637,3.744,435411968.000
-3.017,0.836,0.157,24.609,-120.535,3.770,435412068.000
-3.042,0.843,0.157,24.836,-121.484,3.825,435412169.000
-3.070,0.851,0.159,25.014,-122.436,3.842,435412268.000
-3.095,0.861,0.162,25.283,-123.496,3.849,435412369.000
-3.122,0.867,0.164,25.447,-124.545,3.912,435412468.000
-3.154,0.873,0.166,25.665,-125.520,3.974,435412569.000
-3.179,0.877,0.166,25.890,-126.541,3.964,435412668.000
-3.211,0.886,0.168,26.096,-127.515,4.008,435412768.000
-3.238,0.889,0.163,26.286,-128.443,4.035,435412869.000
-3.264,0.896,0.182,26.471,-129.350,4.117,435412968.000
-3.289,0.903,0.177,26.697,-130.412,4.115,435413068.000
-3.319,0.908,0.174,26.880,-131.367,4.132,435413168.000
-3.344,0.912,0.179,27.050,-132.275,4.150,435413268.000
-3.364,0.918,0.176,27.229,-132.930,4.189,435413368.000
-3.369,0.919,0.181,27.277,-133.287,4.204,435413468.000
-3.371,0.918,0.179,27.255,-133.332,4.185,435413569.000
-3.368,0.920,0.181,27.188,-132.986,4.169,435413669.000
-3.350,0.914,0.179,27.071,-132.455,4.166,435413768.000
-3.334,0.913,0.177,26.991,-131.911,4.145,435413869.000
-3.325,0.906,0.179,26.844,-131.361,4.140,435413969.000
-3.313,0.901,0.182,26.719,-130.945,4.126,435414068.000
-3.304,0.902,0.179,26.632,-130.533,4.093,435414168.000
-3.290,0.900,0.177,26.585,-130.146,4.080,435414269.000
-3.280,0.896,0.167,26.496,-129.782,4.056,435414368.000
-3.270,0.892,0.177,26.364,-129.426,4.060,435414468.000
-3.262,0.895,0.167,26.340,-129.098,4.044,435414569.000
-3.261,0.893,0.180,26.290,-128.730,4.029,435414668.000
-3.249,0.893,0.175,26.209,-128.436,4.005,435414769.000
-3.241,0.890,0.177,26.154,-128.139,3.999,435414869.000
-3.229,0.885,0.168,26.044,-127.862,3.984,435414968.000
-3.226,0.884,0.173,25.989,-127.580,3.986,435415069.000
-3.220,0.883,0.173,25.968,-127.303,3.971,435415168.000
-3.208,0.878,0.170,25.885,-127.073,3.956,435415270.000
-3.204,0.880,0.168,25.818,-126.792,3.939,435415370.000
-3.200,0.877,0.168,25.776,-126.527,3.932,435415469.000
-3.197,0.874,0.173,25.720,-126.270,3.926,435415570.000
-3.187,0.876,0.168,25.661,-126.035,3.919,435415670.000
-3.183,0.868,0.170,25.602,-125.810,3.922,435415769.000
-3.173,0.869,0.171,25.542,-125.608,3.915,435415869.000
-3.169,0.869,0.168,25.529,-125.399,3.889,435415969.000
-3.163,0.872,0.173,25.484,-125.155,3.919,435416069.000
-3.160,0.867,0.168,25.413,-124.930,3.875,435416169.000
-3.156,0.867,0.171,25.400,-124.705,3.878,435416270.000
-3.148,0.867,0.166,25.346,-124.530,3.852,435416369.000
-3.142,0.863,0.173,25.283,-124.350,3.882,435416470.000
-3.140,0.864,0.163,25.263,-124.105,3.847,435416570.000
-3.139,0.862,0.176,25.200,-123.907,3.858,435416669.000
-3.128,0.861,0.171,25.167,-123.745,3.842,435416770.000
-3.122,0.857,0.171,25.145,-123.590,3.844,435416869.000
-3.121,0.858,0.164,25.084,-123.385,3.808,435416970.000
-3.115,0.857,0.161,25.065,-123.190,3.820,435417069.000
-3.113,0.855,0.164,25.029,-123.024,3.803,435417169.000
-3.109,0.858,0.164,25.004,-122.832,3.786,435417270.000
-3.105,0.852,0.161,24.947,-122.648,3.797,435417369.000
-3.093,0.852,0.164,24.921,-122.546,3.772,435417470.000
-3.096,0.848,0.164,24.843,-122.340,3.801,435417570.000
-3.087,0.846,0.164,24.788,-122.173,3.821,435417669.000
-3.084,0.851,0.159,24.805,-121.997,3.758,435417769.000
-3.082,0.849,0.159,24.784,-121.840,3.769,435417870.000
-3.078,0.849,0.167,24.743,-121.696,3.771,435417970.000
-3.074,0.847,0.169,24.714,-121.567,3.763,435418070.000
-3.066,0.844,0.162,24.632,-121.401,3.756,435418169.000
-3.064,0.845,0.159,24.668,-121.252,3.748,435418269.000
-3.062,0.841,0.162,24.590,-121.088,3.722,435418370.000
-3.056,0.845,0.159,24.586,-120.965,3.723,435418470.000
-3.052,0.845,0.159,24.587,-120.845,3.725,435418570.000
-3.051,0.841,0.162,24.495,-120.656,3.726,435418669.000
-3.049,0.839,0.164,24.474,-120.515,3.709,435418769.000
-3.047,0.838,0.162,24.440,-120.366,3.720,435418870.000
-3.041,0.839,0.164,24.435,-120.251,3.740,435418969.000
-3.037,0.839,0.162,24.407,-120.115,3.686,435419070.000
-3.033,0.836,0.155,24.366,-119.996,3.706,435419169.000
-3.031,0.835,0.160,24.317,-119.871,3.688,435419269.000
-3.025,0.834,0.157,24.297,-119.724,3.699,435419370.000
-3.023,0.830,0.160,24.246,-119.607,3.673,435419469.000
-3.022,0.831,0.165,24.240,-119.482,3.692,435419570.000
-3.020,0.835,0.160,24.250,-119.342,3.666,435419670.000
-3.007,0.830,0.165,24.207,-119.281,3.677,435419770.000
-3.012,0.829,0.160,24.166,-119.102,3.678,435419870.000
-3.008,0.829,0.162,24.139,-118.999,3.679,435419970.000
-3.004,0.827,0.162,24.124,-118.879,3.671,435420070.000
-3.004,0.829,0.162,24.098,-118.758,3.681,435420169.000
-3.000,0.824,0.162,24.040,-118.638,3.637,435420270.000
-2.994,0.828,0.160,24.050,-118.539,3.638,435420370.000
-2.996,0.829,0.157,24.030,-118.414,3.629,435420469.000
-2.988,0.824,0.155,23.974,-118.303,3.613,435420570.000
-2.986,0.830,0.155,24.012,-118.219,3.623,435420669.000
-2.987,0.825,0.155,23.968,-118.049,3.606,435420770.000
-2.985,0.821,0.158,23.904,-117.957,3.606,435420869.000
-2.983,0.827,0.153,23.915,-117.841,3.617,435420970.000
-2.979,0.819,0.160,23.856,-117.745,3.590,435421070.000
-2.975,0.819,0.160,23.843,-117.649,3.592,435421169.000
-2.971,0.817,0.153,23.801,-117.530,3.611,435421270.000
-2.969,0.815,0.158,23.766,-117.430,3.594,435421369.000
-2.967,0.822,0.155,23.805,-117.281,3.604,435421470.000
-2.967,0.819,0.158,23.776,-117.224,3.596,435421570.000
-2.961,0.818,0.153,23.769,-117.133,3.579,435421670.000
-2.964,0.816,0.153,23.720,-117.000,3.561,435421770.000
-2.960,0.816,0.158,23.720,-116.912,3.590,435421870.000
-2.953,0.815,0.158,23.672,-116.829,3.573,435421969.000
-2.952,0.814,0.160,23.665,-116.712,3.583,435422070.000
-2.950,0.817,0.160,23.646,-116.604,3.556,435422169.000
-2.950,0.812,0.155,23.589,-116.524,3.566,435422270.000
-2.946,0.817,0.156,23.634,-116.428,3.558,435422370.000
-2.944,0.811,0.151,23.555,-116.337,3.549,435422470.000
-2.940,0.816,0.156,23.572,-116.273,3.541,435422569.000
-2.938,0.812,0.156,23.536,-116.164,3.542,435422670.000
-2.934,0.812,0.158,23.495,-116.036,3.544,435422770.000
-2.934,0.809,0.153,23.480,-115.956,3.535,435422870.000
-2.928,0.810,0.151,23.488,-115.930,3.527,435422969.000
-2.930,0.804,0.156,23.409,-115.780,3.518,435423070.000
-2.926,0.806,0.158,23.438,-115.700,3.529,435423169.000
-2.924,0.808,0.156,23.405,-115.624,3.520,435423270.000
-2.920,0.800,0.156,23.347,-115.528,3.549,435423369.000
-2.921,0.805,0.148,23.377,-115.432,3.513,435423470.000
-2.917,0.805,0.156,23.336,-115.336,3.514,435423569.000
-2.917,0.805,0.153,23.336,-115.271,3.515,435423669.000
-2.913,0.805,0.158,23.309,-115.184,3.516,435423770.000
-2.913,0.807,0.156,23.324,-115.071,3.526,435423870.000
-2.911,0.803,0.158,23.288,-114.978,3.527,435423970.000
-2.909,0.799,0.143,23.239,-114.895,3.472,435424070.000
-2.903,0.801,0.156,23.260,-114.844,3.492,435424169.000
-2.901,0.802,0.151,23.255,-114.752,3.511,435424269.000
-2.901,0.799,0.153,23.212,-114.671,3.503,435424369.000
-2.897,0.804,0.151,23.215,-114.632,3.466,435424470.000
-2.900,0.798,0.156,23.163,-114.482,3.486,435424570.000
-2.895,0.800,0.158,23.179,-114.426,3.496,435424670.000
-2.893,0.796,0.154,23.129,-114.359,3.469,435424770.000
-2.885,0.799,0.149,23.146,-114.329,3.479,435424870.000
-2.885,0.794,0.154,23.087,-114.216,3.462,435424969.000
-2.888,0.797,0.158,23.096,-114.114,3.490,435425069.000
-2.886,0.796,0.154,23.061,-114.047,3.472,435425170.000
-2.884,0.797,0.159,23.055,-113.970,3.464,435425269.000
-2.884,0.797,0.146,23.070,-113.866,3.437,435425369.000
-2.884,0.795,0.154,23.013,-113.793,3.483,435425470.000
-2.874,0.791,0.154,22.964,-113.760,3.457,435425569.000
-2.874,0.793,0.149,23.007,-113.679,3.439,435425669.000
-2.874,0.796,0.149,22.967,-113.583,3.449,435425769.000
-2.872,0.792,0.149,22.972,-113.498,3.450,435425869.000
-2.870,0.788,0.151,22.922,-113.430,3.423,435425969.000
-2.868,0.792,0.146,22.931,-113.387,3.424,435426069.000
-2.866,0.793,0.154,22.939,-113.302,3.443,435426170.000
-2.864,0.789,0.149,22.875,-113.210,3.416,435426270.000
-2.862,0.795,0.151,22.927,-113.166,3.426,435426369.000
-2.862,0.788,0.146,22.841,-113.062,3.427,435426470.000
-2.861,0.786,0.156,22.833,-112.993,3.437,435426569.000
-2.859,0.790,0.151,22.856,-112.925,3.410,435426670.000
-2.854,0.793,0.154,22.859,-112.894,3.448,435426770.000
-2.850,0.787,0.142,22.815,-112.816,3.402,435426870.000
-2.857,0.789,0.149,22.808,-112.704,3.421,435426969.000
-2.853,0.786,0.149,22.752,-112.657,3.412,435427070.000
-2.847,0.785,0.149,22.773,-112.598,3.395,435427170.000
-2.847,0.790,0.152,22.776,-112.517,3.414,435427269.000
-2.849,0.786,0.154,22.753,-112.424,3.415,435427370.000
-2.845,0.783,0.144,22.738,-112.385,3.379,435427469.000
-2.843,0.787,0.156,22.719,-112.308,3.407,435427569.000
-2.841,0.781,0.147,22.669,-112.282,3.398,435427670.000
-2.839,0.782,0.152,22.676,-112.181,3.390,435427770.000
-2.835,0.782,0.149,22.677,-112.142,3.391,435427868.000
-2.835,0.787,0.149,22.666,-112.070,3.410,435427969.000
-2.833,0.780,0.142,22.629,-111.986,3.374,435428068.000
-2.835,0.782,0.147,22.664,-111.908,3.393,435428169.000
-2.834,0.778,0.152,22.600,-111.832,3.393,435428269.000
-2.827,0.782,0.149,22.610,-111.830,3.394,435428369.000
-2.825,0.780,0.147,22.589,-111.754,3.377,435428469.000
-2.828,0.779,0.149,22.581,-111.660,3.386,435428570.000
-2.823,0.779,0.157,22.567,-111.612,3.387,435428669.000
-2.824,0.779,0.147,22.540,-111.549,3.360,435428769.000
-2.824,0.781,0.149,22.569,-111.443,3.370,435428868.000
-2.817,0.777,0.144,22.506,-111.426,3.371,435428969.000
-2.815,0.776,0.152,22.485,-111.365,3.381,435429068.000
-2.818,0.777,0.149,22.492,-111.288,3.372,435429169.000
-2.816,0.784,0.152,22.530,-111.220,3.354,435429268.000
-2.816,0.779,0.149,22.486,-111.180,3.363,435429368.000
-2.812,0.781,0.149,22.474,-111.108,3.374,435429469.000
-2.812,0.778,0.149,22.473,-111.035,3.365,435429568.000
-2.806,0.775,0.145,22.424,-111.042,3.338,435429669.000
-2.806,0.777,0.147,22.425,-110.985,3.348,435429768.000
-2.804,0.778,0.145,22.447,-110.909,3.339,435429868.000
-2.808,0.778,0.144,22.419,-110.787,3.339,435429968.000
-2.804,0.776,0.152,22.376,-110.764,3.359,435430068.000
-2.800,0.773,0.152,22.390,-110.692,3.378,435430169.000
-2.802,0.774,0.147,22.370,-110.648,3.369,435430268.000
-2.798,0.769,0.147,22.312,-110.576,3.324,435430368.000
-2.798,0.774,0.145,22.356,-110.536,3.343,435430468.000
-2.796,0.773,0.149,22.335,-110.459,3.353,435430568.000
-2.792,0.775,0.150,22.351,-110.436,3.335,435430669.000
-2.797,0.770,0.149,22.306,-110.338,3.344,435430768.000
-2.790,0.769,0.145,22.272,-110.296,3.327,435430869.000
-2.788,0.770,0.147,22.280,-110.276,3.318,435430968.000
-2.789,0.770,0.150,22.294,-110.171,3.347,435431068.000
-2.789,0.765,0.145,22.236,-110.139,3.328,435431168.000
-2.787,0.764,0.140,22.229,-110.072,3.311,435431269.000
-2.785,0.767,0.150,22.210,-110.027,3.339,435431369.000
-2.783,0.766,0.150,22.217,-109.967,3.321,435431468.000
-2.781,0.765,0.142,22.196,-109.956,3.303,435431569.000
-2.781,0.765,0.147,22.168,-109.843,3.331,435431668.000
-2.779,0.769,0.145,22.192,-109.840,3.332,435431768.000
-2.779,0.766,0.147,22.162,-109.735,3.323,435431868.000
-2.775,0.766,0.142,22.149,-109.704,3.296,435431968.000
-2.775,0.766,0.150,22.163,-109.679,3.324,435432069.000
-2.773,0.765,0.145,22.156,-109.611,3.307,435432168.000
-2.773,0.764,0.142,22.128,-109.547,3.307,435432268.000
-2.773,0.764,0.150,22.128,-109.498,3.307,435432368.000
-2.771,0.763,0.145,22.093,-109.431,3.290,435432468.000
-2.767,0.763,0.142,22.094,-109.392,3.290,435432569.000
-2.763,0.763,0.145,22.094,-109.384,3.263,435432669.000
-2.767,0.763,0.145,22.066,-109.262,3.291,435432769.000
-2.763,0.768,0.140,22.070,-109.256,3.282,435432869.000
-2.761,0.762,0.142,22.047,-109.212,3.329,435432969.000
-2.761,0.764,0.145,22.047,-109.155,3.284,435433070.000
-2.761,0.759,0.147,22.031,-109.098,3.293,435433170.000
-2.761,0.761,0.145,22.018,-109.034,3.275,435433269.000
-2.755,0.760,0.145,21.998,-109.000,3.286,435433370.000
-2.757,0.759,0.142,22.018,-108.922,3.295,435433469.000
-2.751,0.763,0.142,22.000,-108.937,3.296,435433570.000
-2.756,0.760,0.140,21.998,-108.822,3.259,435433669.000
-2.753,0.761,0.143,21.978,-108.803,3.250,435433769.000
-2.754,0.761,0.143,21.979,-108.754,3.278,435433869.000
-2.754,0.761,0.145,21.978,-108.722,3.279,435433969.000
-2.752,0.760,0.145,21.930,-108.662,3.261,435434070.000
-2.750,0.759,0.145,21.950,-108.626,3.271,435434169.000
-2.746,0.756,0.147,21.922,-108.546,3.290,435434269.000
-2.744,0.757,0.143,21.902,-108.528,3.281,435434369.000
-2.748,0.760,0.143,21.917,-108.454,3.263,435434470.000
-2.748,0.757,0.140,21.888,-108.414,3.281,435434569.000
-2.740,0.757,0.140,21.875,-108.392,3.255,435434669.000
-2.740,0.757,0.143,21.862,-108.335,3.283,435434769.000
-2.744,0.752,0.140,21.817,-108.270,3.264,435434869.000
-2.740,0.757,0.143,21.834,-108.238,3.256,435434969.000
-2.738,0.756,0.143,21.841,-108.178,3.266,435435070.000
-2.734,0.756,0.148,21.827,-108.163,3.267,435435170.000
-2.734,0.761,0.135,21.844,-108.108,3.230,435435269.000
-2.734,0.756,0.143,21.814,-108.059,3.267,435435369.000
-2.734,0.756,0.145,21.827,-108.001,3.240,435435469.000
-2.730,0.753,0.140,21.771,-107.971,3.232,435435570.000
-2.730,0.758,0.143,21.774,-107.939,3.250,435435670.000
-2.730,0.753,0.143,21.771,-107.890,3.232,435435770.000
-2.726,0.753,0.148,21.772,-107.850,3.233,435435870.000
-2.731,0.750,0.143,21.729,-107.745,3.224,435435970.000
-2.728,0.754,0.140,21.738,-107.718,3.224,435436070.000
-2.724,0.751,0.143,21.737,-107.686,3.216,435436170.000
-2.722,0.753,0.145,21.717,-107.667,3.235,435436270.000
-2.725,0.749,0.145,21.694,-107.605,3.235,435436370.000
-2.725,0.749,0.138,21.681,-107.533,3.208,435436469.000
-2.720,0.751,0.138,21.697,-107.510,3.245,435436569.000
-2.718,0.750,0.145,21.689,-107.474,3.228,435436670.000
-2.719,0.747,0.143,21.647,-107.410,3.219,435436770.000
-2.719,0.750,0.143,21.676,-107.385,3.228,435436869.000
-2.719,0.750,0.143,21.676,-107.337,3.229,435436969.000
-2.714,0.750,0.135,21.677,-107.314,3.229,435437070.000
-2.715,0.750,0.145,21.662,-107.257,3.230,435437170.000
-2.710,0.747,0.143,21.634,-107.242,3.193,435437269.000
-2.713,0.749,0.145,21.641,-107.149,3.212,435437369.000
-2.709,0.746,0.145,21.613,-107.150,3.204,435437469.000
-2.709,0.749,0.138,21.629,-107.102,3.213,435437570.000
-2.711,0.747,0.136,21.621,-107.025,3.195,435437670.000
-2.709,0.748,0.140,21.601,-107.021,3.214,435437769.000
-2.707,0.750,0.141,21.622,-106.961,3.178,435437870.000
-2.709,0.751,0.138,21.602,-106.933,3.196,435437970.000
-2.707,0.752,0.140,21.583,-106.865,3.215,435438069.000
-2.703,0.745,0.140,21.538,-106.842,3.216,435438169.000
-2.703,0.742,0.143,21.522,-106.809,3.207,435438269.000
-2.707,0.750,0.140,21.568,-106.719,3.207,435438369.000
-2.703,0.750,0.141,21.568,-106.696,3.207,435438469.000
-2.699,0.744,0.143,21.510,-106.689,3.190,435438569.000
-2.699,0.749,0.131,21.555,-106.634,3.181,435438669.000
-2.699,0.747,0.138,21.526,-106.561,3.200,435438769.000
-2.699,0.747,0.145,21.484,-106.536,3.200,435438870.000
-2.697,0.740,0.143,21.488,-106.508,3.191,435438969.000
-2.695,0.739,0.143,21.453,-106.473,3.201,435439069.000
-2.695,0.744,0.138,21.470,-106.465,3.192,435439169.000
-2.698,0.745,0.146,21.449,-106.355,3.183,435439270.000
-2.693,0.745,0.136,21.478,-106.316,3.184,435439370.000
-2.694,0.745,0.141,21.450,-106.300,3.184,435439469.000
-2.689,0.748,0.136,21.494,-106.293,3.166,435439570.000
-2.692,0.744,0.141,21.429,-106.240,3.166,435439670.000
-2.685,0.743,0.143,21.437,-106.221,3.204,435439769.000
-2.685,0.743,0.141,21.436,-106.157,3.177,435439869.000
-2.685,0.743,0.141,21.423,-106.133,3.177,435439969.000
-2.688,0.741,0.143,21.401,-106.063,3.186,435440069.000
-2.686,0.745,0.138,21.425,-106.044,3.187,435440170.000
-2.684,0.744,0.136,21.417,-105.993,3.169,435440270.000
-2.682,0.740,0.136,21.381,-105.981,3.169,435440370.000
-2.682,0.742,0.133,21.396,-105.917,3.151,435440469.000
-2.684,0.739,0.141,21.359,-105.879,3.179,435440570.000
-2.680,0.741,0.138,21.375,-105.840,3.161,435440670.000
-2.680,0.744,0.138,21.404,-105.816,3.171,435440769.000
-2.680,0.736,0.136,21.331,-105.752,3.144,435440870.000
-2.678,0.737,0.146,21.311,-105.731,3.162,435440970.000
-2.676,0.738,0.136,21.319,-105.680,3.154,435441070.000
-2.674,0.740,0.136,21.327,-105.693,3.145,435441169.000
-2.672,0.738,0.133,21.306,-105.617,3.127,435441269.000
-2.674,0.735,0.138,21.283,-105.588,3.155,435441370.000
-2.672,0.738,0.136,21.306,-105.536,3.155,435441469.000
-2.670,0.737,0.138,21.285,-105.541,3.165,435441569.000
-2.672,0.743,0.138,21.295,-105.480,3.146,435441669.000
-2.666,0.737,0.141,21.271,-105.461,3.138,435441770.000
-2.670,0.737,0.136,21.244,-105.404,3.138,435441869.000
-2.666,0.740,0.138,21.259,-105.397,3.148,435441969.000
-2.666,0.737,0.136,21.258,-105.356,3.139,435442069.000
-2.668,0.738,0.138,21.252,-105.287,3.157,435442169.000
-2.666,0.740,0.136,21.274,-105.260,3.177,435442270.000
-2.666,0.734,0.136,21.257,-105.235,3.158,435442370.000
-2.662,0.739,0.141,21.246,-105.220,3.150,435442470.000
-2.666,0.737,0.136,21.231,-105.163,3.140,435442569.000
-2.662,0.739,0.131,21.247,-105.108,3.123,435442669.000
-2.662,0.737,0.138,21.245,-105.083,3.142,435442770.000
-2.658,0.734,0.139,21.203,-105.060,3.133,435442869.000
-2.658,0.732,0.141,21.174,-105.003,3.152,435442969.000
-2.658,0.737,0.141,21.163,-104.979,3.142,435443070.000
-2.656,0.733,0.143,21.154,-104.984,3.143,435443170.000
-2.659,0.734,0.141,21.161,-104.907,3.134,435443270.000
-2.654,0.737,0.143,21.163,-104.875,3.144,435443369.000
-2.657,0.735,0.136,21.142,-104.839,3.125,435443470.000
-2.655,0.731,0.139,21.133,-104.795,3.126,435443569.000
-2.655,0.736,0.136,21.163,-104.779,3.117,435443670.000
-2.650,0.734,0.136,21.122,-104.756,3.136,435443770.000
-2.653,0.727,0.136,21.097,-104.719,3.099,435443869.000
-2.653,0.733,0.138,21.114,-104.663,3.146,435443970.000
-2.651,0.734,0.141,21.121,-104.594,3.137,435444069.000
-2.653,0.730,0.139,21.098,-104.565,3.109,435444170.000
-2.647,0.731,0.136,21.107,-104.588,3.101,435444270.000
-2.647,0.734,0.139,21.122,-104.555,3.110,435444370.000
-2.647,0.729,0.131,21.092,-104.507,3.120,435444470.000
-2.645,0.727,0.134,21.057,-104.488,3.130,435444569.000
-2.643,0.731,0.134,21.067,-104.476,3.130,435444669.000
-2.647,0.731,0.141,21.051,-104.378,3.102,435444770.000
-2.643,0.734,0.136,21.068,-104.371,3.112,435444869.000
-2.643,0.729,0.134,21.038,-104.355,3.121,435444970.000
-2.641,0.730,0.136,21.045,-104.335,3.113,435445069.000
-2.639,0.726,0.139,21.009,-104.291,3.113,435445169.000
-2.641,0.727,0.134,21.016,-104.247,3.104,435445269.000
-2.639,0.728,0.141,21.024,-104.210,3.123,435445369.000
-2.639,0.728,0.129,21.025,-104.179,3.096,435445469.000
-2.637,0.730,0.129,21.019,-104.168,3.087,435445569.000
-2.635,0.726,0.131,20.955,-104.124,3.087,435445670.000
-2.635,0.726,0.136,20.996,-104.083,3.115,435445769.000
-2.635,0.726,0.134,20.955,-104.043,3.088,435445870.000
-2.635,0.731,0.139,20.999,-104.002,3.107,435445969.000
-2.633,0.727,0.136,20.976,-104.047,3.107,435446070.000
-2.631,0.728,0.139,20.970,-103.955,3.098,435446169.000
-2.631,0.723,0.131,20.954,-103.931,3.080,435446269.000
-2.633,0.727,0.139,20.949,-103.870,3.108,435446369.000
-2.629,0.729,0.136,20.964,-103.879,3.090,435446469.000
-2.629,0.727,0.139,20.949,-103.847,3.109,435446570.000
-2.632,0.725,0.134,20.928,-103.778,3.090,435446669.000
-2.632,0.723,0.131,20.913,-103.762,3.109,435446769.000
-2.627,0.723,0.131,20.913,-103.739,3.082,435446869.000
-2.627,0.731,0.139,20.944,-103.714,3.082,435446969.000
-2.625,0.724,0.136,20.894,-103.687,3.101,435447069.000
-2.623,0.723,0.136,20.900,-103.675,3.083,435447170.000
-2.621,0.724,0.131,20.894,-103.632,3.074,435447269.000
-2.623,0.728,0.136,20.916,-103.602,3.074,435447369.000
-2.621,0.727,0.136,20.909,-103.567,3.084,435447469.000
-2.622,0.727,0.136,20.910,-103.518,3.112,435447570.000
-2.624,0.725,0.134,20.860,-103.466,3.093,435447669.000
-2.619,0.725,0.131,20.889,-103.475,3.094,435447769.000
-2.624,0.723,0.134,20.845,-103.417,3.084,435447870.000
-2.618,0.721,0.136,20.852,-103.398,3.095,435447970.000
-2.615,0.725,0.136,20.861,-103.387,3.068,435448069.000
-2.620,0.723,0.134,20.832,-103.321,3.086,435448169.000
-2.616,0.723,0.136,20.860,-103.314,3.087,435448269.000
-2.618,0.721,0.139,20.838,-103.245,3.068,435448369.000
-2.618,0.724,0.134,20.840,-103.237,3.077,435448469.000
-2.618,0.724,0.136,20.826,-103.180,3.078,435448570.000
-2.616,0.720,0.126,20.791,-103.154,3.078,435448669.000
-2.612,0.720,0.136,20.790,-103.195,3.079,435448769.000
-2.614,0.729,0.136,20.843,-103.133,3.097,435448869.000
-2.610,0.721,0.129,20.771,-103.111,3.070,435448970.000
-2.610,0.721,0.129,20.785,-103.087,3.070,435449070.000
-2.610,0.721,0.132,20.799,-103.030,3.071,435449169.000
-2.610,0.721,0.136,20.771,-103.014,3.071,435449270.000
-2.610,0.716,0.129,20.754,-102.990,3.053,435449369.000
-2.608,0.717,0.139,20.762,-102.969,3.072,435449470.000
-2.610,0.718,0.137,20.755,-102.917,3.062,435449570.000
-2.610,0.724,0.129,20.772,-102.893,3.053,435449669.000
-2.608,0.720,0.129,20.750,-102.857,3.054,435449769.000
-2.606,0.721,0.134,20.716,-102.830,3.045,435449870.000
-2.604,0.720,0.132,20.764,-102.826,3.055,435449970.000
-2.606,0.718,0.134,20.701,-102.781,3.036,435450069.000
-2.604,0.714,0.134,20.706,-102.745,3.037,435450169.000
-2.607,0.718,0.134,20.701,-102.684,3.037,435450270.000
-2.607,0.716,0.134,20.686,-102.684,3.055,435450370.000
-2.600,0.720,0.139,20.723,-102.681,3.084,435450471.000
-2.600,0.717,0.139,20.694,-102.657,3.047,435450570.000
-2.598,0.718,0.137,20.688,-102.630,3.038,435450670.000
-2.598,0.716,0.137,20.660,-102.606,3.057,435450771.000
-2.603,0.718,0.134,20.715,-102.540,3.039,435450870.000
-2.596,0.717,0.137,20.681,-102.546,3.049,435450971.000
-2.594,0.718,0.132,20.676,-102.502,3.067,435451070.000
-2.599,0.718,0.129,20.676,-102.461,3.067,435451170.000
-2.598,0.718,0.129,20.648,-102.461,3.039,435451271.000
-2.594,0.721,0.134,20.649,-102.446,3.021,435451370.000
-2.592,0.712,0.132,20.624,-102.394,3.032,435451471.000
-2.597,0.717,0.137,20.668,-102.376,3.050,435451570.000
-2.590,0.721,0.132,20.650,-102.358,3.050,435451670.000
-2.588,0.717,0.132,20.655,-102.322,3.051,435451770.000
-2.590,0.716,0.132,20.620,-102.310,3.060,435451870.000
-2.590,0.718,0.134,20.621,-102.302,3.042,435451971.000
-2.593,0.719,0.137,20.642,-102.232,3.060,435452070.000
-2.588,0.714,0.132,20.613,-102.226,3.043,435452170.000
-2.586,0.715,0.129,20.607,-102.198,3.034,435452270.000
-2.586,0.713,0.137,20.577,-102.173,3.025,435452370.000
-2.591,0.718,0.129,20.621,-102.124,3.015,435452471.000
-2.584,0.711,0.132,20.570,-102.106,3.035,435452570.000
-2.584,0.711,0.129,20.571,-102.090,3.035,435452670.000
-2.589,0.717,0.132,20.587,-102.056,3.053,435452770.000
-2.585,0.709,0.132,20.541,-102.033,2.998,435452870.000
-2.585,0.714,0.129,20.586,-101.993,3.045,435452971.000
-2.580,0.714,0.132,20.558,-101.986,3.018,435453070.000
-2.585,0.716,0.132,20.587,-101.936,3.027,435453170.000
-2.583,0.715,0.129,20.566,-101.909,3.036,435453270.000
-2.583,0.713,0.132,20.565,-101.900,3.027,435453371.000
-2.576,0.716,0.132,20.561,-101.890,3.028,435453470.000
-2.581,0.714,0.134,20.559,-101.857,3.046,435453571.000
-2.581,0.709,0.132,20.487,-101.817,3.028,435453670.000
-2.581,0.711,0.134,20.516,-101.760,3.038,435453770.000
-2.579,0.712,0.132,20.538,-101.781,3.029,435453870.000
-2.575,0.712,0.134,20.524,-101.749,3.002,435453970.000
-2.575,0.712,0.125,20.511,-101.710,3.002,435454070.000
-2.577,0.708,0.132,20.474,-101.672,3.002,435454170.000
-2.577,0.711,0.127,20.476,-101.665,3.011,435454270.000
-2.577,0.714,0.134,20.518,-101.616,3.021,435454370.000
-2.573,0.714,0.134,20.504,-101.617,2.994,435454470.000
-2.573,0.711,0.129,20.490,-101.585,3.040,435454571.000
-2.569,0.711,0.134,20.490,-101.594,3.013,435454670.000
-2.571,0.712,0.132,20.470,-101.565,3.003,435454769.000
-2.571,0.712,0.139,20.525,-101.516,3.032,435454870.000
-2.569,0.711,0.132,20.463,-101.481,3.014,435454970.000
-2.571,0.712,0.129,20.470,-101.452,3.004,435455069.000
-2.571,0.710,0.129,20.441,-101.428,3.023,435455169.000
-2.567,0.710,0.132,20.456,-101.397,3.024,435455269.000
-2.567,0.712,0.130,20.443,-101.381,3.005,435455370.000
-2.565,0.708,0.130,20.435,-101.370,3.006,435455469.000
-2.563,0.707,0.132,20.427,-101.350,3.015,435455570.000
-2.565,0.711,0.137,20.436,-101.296,3.015,435455670.000
-2.567,0.707,0.129,20.427,-101.260,3.015,435455769.000
-2.565,0.711,0.134,20.450,-101.256,3.016,435455870.000
-2.561,0.708,0.135,20.407,-101.233,2.980,435455969.000
-2.565,0.713,0.132,20.451,-101.216,2.998,435456069.000
-2.565,0.706,0.125,20.379,-101.168,2.998,435456170.000
-2.561,0.708,0.127,20.408,-101.185,3.008,435456269.000
-2.563,0.712,0.137,20.402,-101.140,3.007,435456370.000
-2.564,0.707,0.135,20.386,-101.099,2.989,435456469.000
-2.557,0.708,0.130,20.380,-101.130,2.981,435456570.000
-2.557,0.708,0.130,20.408,-101.081,3.009,435456669.000
-2.559,0.707,0.127,20.387,-101.028,2.991,435456769.000
-2.557,0.711,0.137,20.381,-101.008,2.991,435456869.000
-2.557,0.711,0.130,20.396,-100.984,2.991,435456969.000
-2.560,0.704,0.132,20.344,-100.964,3.009,435457069.000
-2.558,0.708,0.127,20.381,-100.920,3.010,435457170.000
-2.555,0.707,0.132,20.346,-100.916,2.992,435457269.000
-2.560,0.709,0.132,20.347,-100.867,3.001,435457369.000
-2.555,0.707,0.127,20.347,-100.885,3.020,435457469.000
-2.551,0.709,0.132,20.362,-100.893,3.002,435457570.000
-2.558,0.705,0.127,20.325,-100.799,3.001,435457669.000
-2.551,0.707,0.132,20.319,-100.797,3.021,435457769.000
-2.554,0.703,0.134,20.310,-100.776,3.021,435457870.000
-2.554,0.705,0.135,20.325,-100.727,3.003,435457970.000
-2.549,0.708,0.135,20.340,-100.752,2.985,435458070.000
-2.554,0.705,0.127,20.312,-100.704,3.003,435458169.000
-2.554,0.705,0.132,20.325,-100.663,3.003,435458269.000
-2.552,0.704,0.132,20.331,-100.651,2.985,435458369.000
-2.552,0.704,0.130,20.304,-100.635,2.985,435458470.000
-2.550,0.705,0.130,20.325,-100.624,2.976,435458570.000
-2.548,0.704,0.130,20.291,-100.588,2.986,435458669.000
-2.550,0.705,0.132,20.270,-100.543,2.977,435458769.000
-2.550,0.702,0.132,20.283,-100.543,2.968,435458870.000
-2.548,0.706,0.127,20.293,-100.500,2.996,435458970.000
-2.548,0.704,0.137,20.277,-100.466,3.015,435459070.000
-2.548,0.704,0.130,20.291,-100.443,2.987,435459170.000
-2.542,0.702,0.127,20.257,-100.465,2.969,435459269.000
-2.544,0.709,0.132,20.280,-100.412,2.978,435459370.000
-2.542,0.705,0.130,20.258,-100.408,2.979,435459469.000
-2.542,0.705,0.130,20.272,-100.384,2.979,435459570.000
-2.546,0.702,0.137,20.214,-100.334,2.997,435459670.000
-2.540,0.701,0.132,20.208,-100.340,2.979,435459770.000
-2.544,0.701,0.132,20.207,-100.315,2.979,435459869.000
-2.542,0.702,0.132,20.243,-100.279,2.971,435459969.000
-2.542,0.705,0.132,20.244,-100.255,2.952,435460070.000
-2.542,0.702,0.130,20.229,-100.239,2.971,435460169.000
-2.538,0.700,0.127,20.228,-100.224,2.962,435460270.000
-2.538,0.697,0.127,20.186,-100.176,2.953,435460369.000
-2.542,0.697,0.132,20.171,-100.158,2.980,435460469.000
-2.538,0.702,0.130,20.216,-100.143,2.972,435460570.000
-2.536,0.704,0.127,20.224,-100.140,2.963,435460669.000
-2.538,0.700,0.130,20.159,-100.119,2.963,435460770.000
-2.532,0.701,0.122,20.196,-100.109,2.982,435460870.000
-2.538,0.702,0.127,20.175,-100.055,2.972,435460969.000
-2.536,0.701,0.132,20.181,-100.026,2.955,435461070.000
-2.532,0.704,0.130,20.183,-100.060,2.964,435461170.000
-2.532,0.696,0.130,20.138,-100.012,2.965,435461270.000
-2.534,0.700,0.130,20.174,-99.975,2.965,435461369.000
-2.532,0.698,0.122,20.167,-99.988,2.974,435461470.000
-2.530,0.697,0.127,20.173,-99.960,2.956,435461569.000
-2.530,0.699,0.130,20.160,-99.928,2.938,435461669.000
-2.532,0.698,0.125,20.125,-99.883,2.947,435461769.000
-2.528,0.701,0.127,20.155,-99.900,2.957,435461869.000
-2.528,0.701,0.127,20.169,-99.876,2.957,435461970.000
-2.530,0.702,0.132,20.162,-99.822,2.975,435462069.000
-2.528,0.696,0.127,20.125,-99.803,2.967,435462170.000
-2.528,0.696,0.122,20.097,-99.772,2.939,435462270.000
-2.528,0.695,0.125,20.111,-99.763,2.939,435462369.000
-2.526,0.699,0.130,20.133,-99.759,2.940,435462470.000
-2.529,0.693,0.130,20.082,-99.674,2.986,435462569.000
-2.526,0.699,0.130,20.093,-99.687,2.967,435462669.000
-2.526,0.697,0.125,20.119,-99.679,2.931,435462770.000
-2.520,0.695,0.128,20.098,-99.709,2.941,435462869.000
-2.525,0.693,0.132,20.082,-99.618,2.959,435462969.000
-2.524,0.695,0.130,20.084,-99.627,2.941,435463069.000
-2.520,0.698,0.128,20.113,-99.612,2.951,435463170.000
-2.520,0.698,0.127,20.100,-99.588,2.951,435463270.000
-2.525,0.695,0.125,20.057,-99.547,2.941,435463369.000
-2.525,0.695,0.125,20.070,-99.474,2.942,435463470.000
-2.525,0.698,0.120,20.058,-99.491,2.950,435463570.000
-2.523,0.699,0.128,20.093,-99.454,2.915,435463669.000
-2.521,0.698,0.125,20.072,-99.475,2.951,435463770.000
-2.521,0.690,0.130,20.027,-99.459,2.952,435463869.000
-2.523,0.697,0.125,20.064,-99.414,2.933,435463969.000
-2.516,0.693,0.118,20.057,-99.428,2.934,435464069.000
-2.514,0.697,0.130,20.038,-99.400,2.934,435464169.000
-2.517,0.693,0.125,20.015,-99.355,2.934,435464270.000
-2.517,0.690,0.132,19.986,-99.331,2.953,435464369.000
-2.512,0.698,0.132,20.046,-99.332,2.954,435464470.000
-2.517,0.695,0.132,20.044,-99.282,2.944,435464570.000
-2.517,0.695,0.127,20.016,-99.250,2.944,435464669.000
-2.515,0.696,0.130,20.024,-99.230,2.936,435464770.000
-2.515,0.691,0.130,19.994,-99.230,2.945,435464869.000
-2.513,0.698,0.130,20.032,-99.195,2.955,435464970.000
-2.519,0.691,0.135,19.965,-99.140,2.945,435465069.000
-2.515,0.691,0.125,19.980,-99.174,2.945,435465170.000
-2.511,0.691,0.123,19.995,-99.160,2.946,435465269.000
-2.511,0.689,0.123,19.966,-99.135,2.937,435465370.000
-2.509,0.695,0.133,19.990,-99.139,2.946,435465469.000
-2.513,0.692,0.128,19.988,-99.106,2.937,435465569.000
-2.513,0.690,0.123,19.987,-99.050,2.928,435465669.000
-2.509,0.695,0.130,20.004,-99.050,2.947,435465770.000
-2.509,0.695,0.128,20.004,-99.035,2.947,435465870.000
-2.511,0.691,0.132,19.953,-99.005,2.947,435465969.000
-2.509,0.690,0.133,19.946,-98.970,2.929,435466069.000
-2.509,0.687,0.120,19.945,-98.963,2.920,435466170.000
-2.511,0.694,0.130,19.954,-98.917,2.929,435466270.000
-2.509,0.692,0.130,19.934,-98.905,2.938,435466370.000
-2.507,0.691,0.125,19.954,-98.935,2.920,435466469.000
-2.507,0.696,0.130,19.970,-98.894,2.939,435466570.000
-2.507,0.691,0.130,19.940,-98.845,2.921,435466670.000
-2.505,0.692,0.128,19.948,-98.842,2.940,435466769.000
-2.505,0.690,0.128,19.933,-98.842,2.930,435466870.000
-2.505,0.692,0.133,19.934,-98.801,2.912,435466969.000
-2.501,0.692,0.130,19.921,-98.787,2.913,435467069.000
-2.503,0.688,0.123,19.912,-98.750,2.913,435467169.000
-2.503,0.691,0.128,19.913,-98.758,2.922,435467269.000
-2.501,0.692,0.120,19.922,-98.723,2.913,435467370.000
-2.499,0.691,0.125,19.900,-98.695,2.923,435467469.000
-2.501,0.684,0.125,19.862,-98.682,2.914,435467570.000
-2.501,0.684,0.125,19.862,-98.682,2.914,435467669.000
-2.501,0.690,0.128,19.892,-98.650,2.932,435467771.000
-2.501,0.690,0.130,19.892,-98.617,2.933,435467870.000
-2.497,0.687,0.128,19.850,-98.627,2.924,435467970.000
-2.499,0.691,0.125,19.914,-98.574,2.924,435468070.000
-2.499,0.688,0.125,19.899,-98.574,2.915,435468170.000
-2.493,0.690,0.130,19.893,-98.571,2.934,435468271.000
-2.499,0.688,0.123,19.872,-98.509,2.915,435468371.000
-2.497,0.690,0.130,19.879,-98.522,2.934,435468470.000
-2.495,0.688,0.123,19.872,-98.535,2.916,435468571.000
-2.497,0.687,0.130,19.836,-98.473,2.925,435468670.000
-2.493,0.695,0.123,19.897,-98.475,2.925,435468771.000
-2.493,0.689,0.128,19.852,-98.434,2.880,435468870.000
-2.493,0.687,0.128,19.864,-98.434,2.898,435468970.000
-2.491,0.688,0.123,19.845,-98.415,2.917,435469070.000
-2.489,0.689,0.128,19.866,-98.387,2.908,435469170.000
-2.493,0.689,0.120,19.839,-98.362,2.908,435469271.000
-2.491,0.688,0.130,19.831,-98.342,2.917,435469370.000
-2.491,0.685,0.125,19.844,-98.310,2.909,435469471.000
-2.494,0.687,0.128,19.809,-98.289,2.899,435469571.000
-2.489,0.687,0.120,19.797,-98.291,2.899,435469670.000
-2.489,0.684,0.120,19.795,-98.267,2.890,435469770.000
-2.489,0.689,0.130,19.839,-98.258,2.909,435469870.000
-2.490,0.684,0.125,19.781,-98.226,2.891,435469970.000
-2.490,0.684,0.125,19.809,-98.226,2.891,435470070.000
-2.492,0.685,0.125,19.789,-98.165,2.909,435470171.000
-2.490,0.689,0.123,19.812,-98.162,2.910,435470270.000
-2.485,0.689,0.125,19.826,-98.179,2.910,435470371.000
-2.485,0.684,0.128,19.796,-98.146,2.920,435470470.000
-2.488,0.685,0.123,19.789,-98.126,2.883,435470570.000
-2.483,0.685,0.130,19.803,-98.126,2.911,435470671.000
-2.486,0.687,0.125,19.784,-98.082,2.929,435470770.000
-2.488,0.688,0.125,19.804,-98.045,2.892,435470871.000
-2.484,0.685,0.128,19.790,-98.038,2.912,435470971.000
-2.484,0.685,0.123,19.776,-98.030,2.884,435471071.000
-2.486,0.686,0.123,19.783,-98.017,2.874,435471170.000
-2.484,0.683,0.128,19.733,-97.965,2.903,435471270.000
-2.486,0.689,0.120,19.771,-97.953,2.884,435471371.000
-2.479,0.685,0.130,19.735,-97.982,2.912,435471471.000
-2.482,0.684,0.125,19.727,-97.938,2.894,435471571.000
-2.482,0.686,0.118,19.770,-97.938,2.875,435471671.000
-2.475,0.683,0.120,19.721,-97.944,2.876,435471770.000
-2.484,0.685,0.133,19.775,-97.851,2.885,435471871.000
-2.484,0.682,0.118,19.747,-97.829,2.876,435471970.000
-2.478,0.681,0.130,19.726,-97.874,2.886,435472070.000
-2.478,0.684,0.125,19.742,-97.842,2.895,435472170.000
-2.480,0.682,0.125,19.720,-97.805,2.877,435472270.000
-2.476,0.680,0.128,19.705,-97.798,2.868,435472370.000
-2.478,0.684,0.123,19.687,-97.778,2.895,435472470.000
-2.476,0.683,0.120,19.721,-97.750,2.905,435472571.000
-2.478,0.684,0.120,19.687,-97.714,2.896,435472670.000
-2.476,0.685,0.125,19.681,-97.686,2.887,435472770.000
-2.474,0.686,0.125,19.689,-97.650,2.878,435472870.000
-2.476,0.682,0.120,19.652,-97.630,2.878,435472970.000
-2.474,0.684,0.125,19.687,-97.625,2.897,435473070.000
-2.478,0.686,0.133,19.701,-97.599,2.878,435473170.000
-2.476,0.685,0.128,19.722,-97.628,2.888,435473271.000
-2.478,0.684,0.123,19.687,-97.584,2.897,435473371.000
-2.472,0.688,0.125,19.711,-97.590,2.898,435473471.000
-2.474,0.681,0.130,19.672,-97.560,2.888,435473571.000
-2.472,0.685,0.128,19.709,-97.581,2.889,435473670.000
-2.476,0.682,0.130,19.707,-97.499,2.907,435473770.000
-2.468,0.685,0.123,19.696,-97.551,2.889,435473871.000
-2.472,0.682,0.121,19.680,-97.509,2.880,435473970.000
-2.470,0.686,0.121,19.704,-97.473,2.880,435474071.000
-2.472,0.682,0.128,19.652,-97.460,2.880,435474170.000
-2.470,0.681,0.123,19.673,-97.441,2.890,435474270.000
-2.470,0.684,0.125,19.674,-97.433,2.899,435474370.000
-2.468,0.680,0.120,19.652,-97.414,2.900,435474470.000
-2.468,0.682,0.125,19.639,-97.397,2.881,435474571.000
-2.464,0.680,0.126,19.638,-97.398,2.873,435474670.000
-2.470,0.683,0.118,19.661,-97.361,2.872,435474771.000
-2.468,0.677,0.123,19.609,-97.333,2.863,435474871.000
-2.464,0.677,0.125,19.596,-97.350,2.891,435474971.000
-2.466,0.681,0.123,19.633,-97.297,2.919,435475071.000
-2.464,0.680,0.118,19.639,-97.302,2.873,435475171.000
-2.464,0.682,0.123,19.654,-97.285,2.883,435475271.000
-2.462,0.678,0.126,19.604,-97.266,2.883,435475371.000
-2.464,0.680,0.128,19.625,-97.245,2.874,435475471.000
-2.462,0.683,0.126,19.662,-97.217,2.874,435475571.000
-2.462,0.683,0.123,19.621,-97.226,2.874,435475670.000
-2.464,0.682,0.123,19.613,-97.165,2.883,435475770.000
-2.462,0.678,0.123,19.590,-97.177,2.884,435475871.000
-2.462,0.681,0.126,19.619,-97.169,2.865,435475970.000
-2.462,0.683,0.121,19.635,-97.137,2.875,435476070.000
-2.465,0.677,0.121,19.555,-97.100,2.865,435476170.000
-2.460,0.674,0.128,19.554,-97.101,2.884,435476270.000
-2.458,0.678,0.123,19.604,-97.130,2.857,435476370.000
-2.458,0.681,0.123,19.634,-97.105,2.866,435476470.000
-2.460,0.680,0.133,19.598,-97.060,2.903,435476570.000
-2.460,0.679,0.123,19.598,-97.044,2.876,435476670.000
-2.463,0.678,0.125,19.577,-97.024,2.912,435476770.000
-2.456,0.677,0.123,19.556,-97.022,2.895,435476870.000
-2.458,0.678,0.123,19.577,-96.985,2.886,435476970.000
-2.459,0.673,0.128,19.546,-96.968,2.867,435477070.000
-2.459,0.676,0.118,19.535,-96.953,2.876,435477171.000
-2.459,0.681,0.126,19.579,-96.928,2.895,435477270.000
-2.456,0.682,0.118,19.600,-96.917,2.859,435477371.000
-2.459,0.678,0.116,19.550,-96.889,2.858,435477470.000
-2.459,0.675,0.123,19.535,-96.839,2.877,435477570.000
-2.459,0.678,0.116,19.564,-96.816,2.859,435477670.000
-2.452,0.677,0.118,19.557,-96.870,2.869,435477770.000
-2.457,0.677,0.126,19.528,-96.795,2.869,435477871.000
-2.452,0.679,0.116,19.559,-96.830,2.878,435477970.000
-2.452,0.679,0.118,19.531,-96.797,2.851,435478070.000
-2.453,0.677,0.118,19.529,-96.773,2.842,435478170.000
-2.453,0.677,0.123,19.474,-96.757,2.841,435478270.000
-2.448,0.677,0.126,19.529,-96.749,2.843,435478370.000
-2.451,0.680,0.121,19.524,-96.705,2.815,435478471.000
-2.451,0.680,0.128,19.510,-96.680,2.815,435478570.000
-2.451,0.685,0.123,19.540,-96.648,2.806,435478671.000
-2.451,0.683,0.126,19.539,-96.640,2.797,435478771.000
-2.451,0.675,0.128,19.452,-96.583,2.825,435478871.000
-2.449,0.679,0.121,19.462,-96.573,2.797,435478971.000
-2.453,0.679,0.126,19.475,-96.555,2.797,435479069.000
-2.444,0.679,0.121,19.462,-96.598,2.770,435479170.000
-2.447,0.680,0.131,19.469,-96.552,2.788,435479270.000
-2.447,0.683,0.124,19.484,-96.504,2.743,435479371.000
-2.447,0.680,0.123,19.441,-96.504,2.761,435479471.000
-2.445,0.681,0.124,19.490,-96.492,2.752,435479570.000
-2.447,0.683,0.128,19.498,-96.463,2.771,435479670.000
-2.445,0.679,0.124,19.420,-96.444,2.743,435479770.000
-2.443,0.683,0.126,19.443,-96.425,2.744,435479870.000
-2.443,0.677,0.126,19.412,-96.424,2.725,435479971.000
-2.443,0.682,0.126,19.429,-96.400,2.716,435480071.000
-2.443,0.680,0.129,19.469,-96.367,2.735,435480170.000
-2.443,0.682,0.121,19.415,-96.344,2.716,435480270.000
-2.441,0.681,0.121,19.436,-96.357,2.726,435480370.000
-2.441,0.684,0.126,19.450,-96.340,2.708,435480470.000
-2.443,0.682,0.129,19.443,-96.295,2.745,435480571.000
-2.443,0.680,0.128,19.428,-96.295,2.763,435480669.000
-2.439,0.682,0.126,19.430,-96.280,2.745,435480770.000
-2.439,0.682,0.129,19.415,-96.272,2.718,435480869.000
-2.437,0.679,0.121,19.421,-96.285,2.718,435480969.000
-2.439,0.680,0.126,19.401,-96.256,2.736,435481069.000
-2.435,0.682,0.126,19.430,-96.257,2.746,435481169.000
-2.437,0.679,0.126,19.380,-96.196,2.746,435481270.000
-2.439,0.677,0.126,19.358,-96.159,2.727,435481370.000
-2.439,0.682,0.134,19.415,-96.158,2.718,435481470.000
-2.435,0.680,0.126,19.387,-96.160,2.710,435481569.000
-2.437,0.679,0.129,19.366,-96.140,2.746,435481670.000
-2.435,0.682,0.129,19.375,-96.128,2.719,435481769.000
-2.435,0.682,0.126,19.416,-96.088,2.720,435481870.000
-2.435,0.677,0.121,19.387,-96.104,2.729,435481970.000
-2.431,0.680,0.126,19.374,-96.113,2.711,435482069.000
-2.435,0.677,0.131,19.345,-96.047,2.729,435482169.000
-2.433,0.681,0.126,19.382,-96.052,2.729,435482270.000
-2.437,0.681,0.131,19.367,-96.034,2.729,435482369.000
-2.433,0.681,0.131,19.381,-96.036,2.729,435482469.000
-2.435,0.677,0.129,19.345,-95.983,2.729,435482570.000
-2.435,0.680,0.126,19.360,-95.967,2.711,435482670.000
-2.431,0.677,0.126,19.373,-95.992,2.730,435482770.000
-2.431,0.677,0.121,19.332,-95.985,2.702,435482870.000
-2.433,0.681,0.126,19.368,-95.931,2.730,435482970.000
-2.431,0.677,0.124,19.346,-95.928,2.730,435483069.000
-2.431,0.677,0.126,19.346,-95.895,2.731,435483170.000
-2.427,0.674,0.119,19.332,-95.921,2.722,435483270.000
-2.429,0.678,0.126,19.367,-95.884,2.722,435483370.000
-2.434,0.676,0.131,19.324,-95.842,2.740,435483470.000
-2.429,0.676,0.131,19.324,-95.867,2.740,435483570.000
-2.427,0.674,0.136,19.303,-95.839,2.722,435483670.000
-2.425,0.676,0.126,19.312,-95.837,2.741,435483769.000
-2.432,0.677,0.129,19.304,-95.790,2.731,435483870.000
-2.429,0.676,0.131,19.324,-95.770,2.741,435483969.000
-2.427,0.677,0.129,19.319,-95.791,2.732,435484070.000
-2.427,0.677,0.131,19.318,-95.759,2.732,435484170.000
-2.425,0.678,0.129,19.313,-95.732,2.723,435484269.000
-2.425,0.676,0.134,19.311,-95.739,2.714,435484370.000
-2.430,0.673,0.126,19.254,-95.690,2.704,435484469.000
-2.427,0.679,0.124,19.334,-95.711,2.714,435484570.000
-2.423,0.674,0.124,19.276,-95.688,2.696,435484670.000
-2.423,0.677,0.126,19.305,-95.680,2.706,435484770.000
-2.428,0.672,0.129,19.261,-95.646,2.714,435484870.000
-2.423,0.677,0.126,19.278,-95.632,2.706,435484970.000
-2.426,0.675,0.129,19.270,-95.586,2.687,435485070.000
-2.419,0.679,0.129,19.293,-95.624,2.688,435485170.000
-2.421,0.678,0.134,19.271,-95.619,2.697,435485270.000
-2.426,0.678,0.121,19.272,-95.563,2.697,435485371.000
-2.421,0.676,0.124,19.299,-95.580,2.744,435485470.000
-2.421,0.673,0.126,19.255,-95.596,2.706,435485570.000
-2.424,0.672,0.134,19.261,-95.558,2.716,435485671.000
-2.419,0.672,0.119,19.291,-95.633,2.771,435485771.000
-2.419,0.669,0.119,19.262,-95.609,2.790,435485871.000
-2.421,0.673,0.126,19.284,-95.596,2.762,435485970.000
-2.419,0.674,0.121,19.292,-95.577,2.753,435486071.000
-2.421,0.676,0.129,19.299,-95.563,2.771,435486170.000
-2.417,0.676,0.126,19.272,-95.573,2.772,435486271.000
-2.415,0.677,0.121,19.308,-95.554,2.763,435486370.000
-2.417,0.673,0.126,19.271,-95.500,2.763,435486471.000
-2.417,0.676,0.124,19.272,-95.508,2.744,435486571.000
-2.417,0.673,0.126,19.271,-95.452,2.764,435486670.000
-2.417,0.673,0.129,19.257,-95.492,2.763,435486770.000
-2.413,0.670,0.119,19.270,-95.453,2.755,435486871.000
-2.413,0.676,0.121,19.287,-95.445,2.746,435486970.000
-2.409,0.673,0.126,19.258,-95.430,2.765,435487071.000
-2.413,0.670,0.126,19.242,-95.404,2.755,435487171.000
-2.413,0.670,0.121,19.243,-95.421,2.755,435487271.000
-2.413,0.670,0.121,19.242,-95.421,2.727,435487370.000
-2.413,0.670,0.126,19.215,-95.356,2.755,435487470.000
-2.415,0.672,0.121,19.222,-95.360,2.746,435487571.000
-2.413,0.675,0.124,19.245,-95.340,2.746,435487671.000
-2.411,0.672,0.124,19.236,-95.329,2.747,435487770.000
-2.409,0.670,0.124,19.215,-95.317,2.729,435487871.000
-2.407,0.672,0.124,19.223,-95.330,2.747,435487970.000
-2.409,0.673,0.129,19.244,-95.276,2.766,435488071.000
-2.409,0.670,0.121,19.230,-95.277,2.757,435488170.000
-2.407,0.666,0.121,19.193,-95.266,2.757,435488270.000
-2.409,0.675,0.124,19.232,-95.245,2.747,435488370.000
-2.410,0.668,0.126,19.186,-95.212,2.748,435488471.000
-2.410,0.673,0.129,19.230,-95.203,2.739,435488570.000
-2.410,0.670,0.124,19.202,-95.196,2.757,435488670.000
-2.407,0.674,0.126,19.211,-95.201,2.757,435488771.000
-2.407,0.666,0.124,19.165,-95.185,2.730,435488870.000
-2.407,0.669,0.124,19.181,-95.185,2.739,435488970.000
-2.410,0.670,0.124,19.202,-95.148,2.757,435489071.000
-2.410,0.673,0.124,19.189,-95.099,2.739,435489171.000
-2.405,0.670,0.121,19.175,-95.109,2.730,435489271.000
-2.408,0.671,0.126,19.195,-95.104,2.721,435489370.000
-2.408,0.671,0.121,19.168,-95.072,2.721,435489471.000
-2.401,0.673,0.114,19.205,-95.111,2.713,435489571.000
-2.403,0.669,0.119,19.181,-95.081,2.713,435489671.000
-2.406,0.670,0.121,19.161,-95.036,2.731,435489771.000
-2.404,0.669,0.121,19.140,-95.025,2.740,435489871.000
-2.403,0.671,0.124,19.183,-95.041,2.750,435489971.000
-2.401,0.667,0.119,19.147,-94.997,2.723,435490070.000
-2.406,0.670,0.121,19.147,-94.964,2.731,435490171.000
-2.401,0.667,0.124,19.132,-95.005,2.723,435490270.000
-2.406,0.670,0.119,19.162,-94.923,2.759,435490370.000
-2.402,0.665,0.121,19.118,-94.941,2.741,435490470.000
-2.399,0.669,0.121,19.154,-94.929,2.714,435490570.000
-2.404,0.669,0.129,19.126,-94.903,2.741,435490671.000
-2.397,0.670,0.122,19.162,-94.942,2.705,435490771.000
-2.397,0.670,0.116,19.149,-94.934,2.733,435490871.000
-2.402,0.670,0.121,19.121,-94.844,2.733,435490970.000
-2.398,0.667,0.124,19.120,-94.861,2.752,435491070.000
-2.402,0.667,0.124,19.119,-94.835,2.724,435491170.000
-2.398,0.670,0.116,19.135,-94.813,2.734,435491270.000
-2.395,0.669,0.117,19.114,-94.850,2.715,435491371.000
-2.402,0.670,0.126,19.120,-94.779,2.733,435491470.000
-2.400,0.669,0.124,19.127,-94.800,2.743,435491570.000
-2.398,0.665,0.124,19.119,-94.837,2.798,435491671.000
-2.400,0.664,0.116,19.195,-94.872,2.835,435491770.000
-2.404,0.659,0.116,19.165,-94.847,2.872,435491870.000
-2.398,0.655,0.119,19.128,-94.829,2.845,435491970.000
-2.400,0.659,0.119,19.095,-94.768,2.817,435492070.000
-2.398,0.660,0.116,19.118,-94.789,2.836,435492170.000
-2.398,0.660,0.111,19.118,-94.757,2.808,435492270.000
-2.400,0.666,0.119,19.155,-94.743,2.817,435492370.000
-2.400,0.661,0.111,19.139,-94.720,2.799,435492471.000
-2.402,0.660,0.119,19.130,-94.706,2.808,435492571.000
-2.400,0.661,0.114,19.111,-94.687,2.799,435492671.000
-2.398,0.662,0.116,19.119,-94.716,2.818,435492770.000
-2.398,0.660,0.114,19.104,-94.700,2.809,435492870.000
-2.398,0.660,0.116,19.117,-94.643,2.809,435492970.000
-2.396,0.656,0.116,19.054,-94.681,2.837,435493070.000
-2.396,0.658,0.114,19.097,-94.664,2.818,435493170.000
-2.400,0.658,0.121,19.109,-94.614,2.791,435493270.000
-2.396,0.664,0.116,19.113,-94.608,2.809,435493371.000
-2.396,0.661,0.114,19.098,-94.592,2.800,435493470.000
-2.394,0.662,0.121,19.105,-94.604,2.819,435493571.000
-2.396,0.661,0.119,19.097,-94.575,2.801,435493670.000
-2.394,0.660,0.119,19.076,-94.564,2.810,435493770.000
-2.396,0.661,0.114,19.112,-94.519,2.801,435493871.000
-2.392,0.661,0.116,19.084,-94.560,2.801,435493971.000
-2.392,0.656,0.116,19.054,-94.512,2.811,435494070.000
-2.394,0.662,0.111,19.092,-94.516,2.792,435494170.000
-2.390,0.662,0.119,19.079,-94.517,2.820,435494271.000
-2.392,0.658,0.119,19.041,-94.480,2.792,435494370.000
-2.392,0.658,0.116,19.070,-94.464,2.820,435494470.000
-2.390,0.660,0.114,19.064,-94.485,2.811,435494570.000
-2.390,0.657,0.111,19.035,-94.445,2.802,435494670.000
-2.392,0.661,0.121,19.098,-94.422,2.802,435494771.000
-2.394,0.660,0.116,19.049,-94.403,2.811,435494870.000
-2.388,0.656,0.116,19.041,-94.416,2.812,435494971.000
-2.390,0.657,0.124,19.034,-94.379,2.803,435495071.000
-2.392,0.661,0.119,19.057,-94.334,2.803,435495171.000
-2.390,0.657,0.116,19.076,-94.355,2.803,435495270.000
-2.386,0.657,0.116,19.049,-94.381,2.831,435495371.000
-2.388,0.661,0.121,19.043,-94.351,2.803,435495471.000
-2.388,0.658,0.119,19.028,-94.336,2.794,435495571.000
-2.393,0.661,0.114,19.057,-94.302,2.803,435495670.000
-2.388,0.658,0.116,19.043,-94.295,2.822,435495770.000
-2.388,0.661,0.119,19.071,-94.287,2.804,435495871.000
-2.391,0.659,0.116,19.036,-94.258,2.813,435495970.000
-2.386,0.652,0.114,18.963,-94.268,2.785,435496071.000
-2.388,0.658,0.116,19.042,-94.247,2.795,435496170.000
-2.384,0.656,0.114,19.028,-94.256,2.786,435496270.000
-2.386,0.657,0.106,19.022,-94.220,2.777,435496370.000
-2.386,0.662,0.119,19.051,-94.203,2.795,435496470.000
-2.386,0.659,0.124,19.036,-94.186,2.814,435496571.000
-2.384,0.661,0.116,19.045,-94.200,2.805,435496670.000
-2.391,0.657,0.119,19.007,-94.153,2.804,435496770.000
-2.384,0.661,0.119,19.031,-94.143,2.805,435496870.000
-2.382,0.659,0.109,19.024,-94.140,2.787,435496970.000
-2.382,0.657,0.116,19.008,-94.140,2.806,435497070.000
-2.385,0.656,0.119,18.987,-94.119,2.815,435497170.000
-2.387,0.662,0.116,19.052,-94.090,2.796,435497271.000
-2.385,0.655,0.114,19.000,-94.063,2.787,435497370.000
-2.382,0.654,0.116,18.966,-94.091,2.797,435497470.000
-2.385,0.658,0.116,18.988,-94.079,2.824,435497570.000
-2.380,0.655,0.119,18.959,-94.047,2.788,435497670.000
-2.383,0.657,0.119,19.008,-94.059,2.806,435497771.000
-2.380,0.655,0.111,18.988,-94.048,2.788,435497870.000
-2.380,0.661,0.116,18.990,-94.032,2.806,435497970.000
-2.383,0.657,0.119,18.967,-93.986,2.806,435498070.000
-2.380,0.658,0.111,19.003,-93.999,2.798,435498170.000
-2.383,0.657,0.114,18.981,-93.979,2.807,435498270.000
-2.378,0.657,0.124,18.995,-93.995,2.807,435498370.000
-2.378,0.657,0.119,18.981,-93.987,2.780,435498470.000
-2.381,0.655,0.119,18.960,-93.951,2.816,435498570.000
-2.374,0.657,0.112,18.982,-93.965,2.780,435498670.000
-2.381,0.655,0.121,18.959,-93.918,2.789,435498770.000
-2.377,0.653,0.126,18.945,-93.927,2.808,435498871.000
-2.379,0.659,0.119,19.024,-93.890,2.790,435498970.000
-2.374,0.659,0.114,18.984,-93.908,2.790,435499070.000
-2.377,0.655,0.114,18.974,-93.871,2.790,435499170.000
-2.374,0.651,0.116,18.938,-93.876,2.790,435499270.000
-2.379,0.659,0.111,18.969,-93.843,2.790,435499370.000
-2.379,0.651,0.114,18.938,-93.834,2.818,435499470.000
-2.377,0.653,0.114,18.931,-93.823,2.781,435499570.000
-2.379,0.651,0.116,18.937,-93.802,2.790,435499671.000
-2.377,0.653,0.114,18.932,-93.774,2.781,435499770.000
-2.379,0.659,0.121,18.969,-93.761,2.790,435499870.000
-2.377,0.655,0.116,18.974,-93.790,2.791,435499971.000
-2.377,0.655,0.116,18.919,-93.742,2.791,435500070.000
-2.373,0.655,0.119,18.933,-93.759,2.791,435500170.000
-2.375,0.654,0.111,18.940,-93.771,2.800,435500270.000
-2.375,0.656,0.119,18.927,-93.722,2.782,435500370.000
-2.373,0.655,0.116,18.920,-93.719,2.791,435500471.000
-2.377,0.655,0.114,18.947,-93.677,2.791,435500571.000
-2.373,0.658,0.114,18.935,-93.703,2.773,435500671.000
-2.377,0.653,0.114,18.918,-93.653,2.782,435500770.000
-2.371,0.651,0.121,18.924,-93.666,2.792,435500871.000
-2.373,0.653,0.116,18.918,-93.646,2.783,435500971.000
-2.371,0.654,0.114,18.913,-93.619,2.802,435501070.000
-2.373,0.653,0.121,18.918,-93.630,2.783,435501170.000
-2.371,0.649,0.111,18.882,-93.603,2.783,435501271.000
-2.373,0.650,0.114,18.903,-93.582,2.774,435501371.000
-2.373,0.655,0.117,18.919,-93.574,2.765,435501471.000
-2.373,0.652,0.116,18.905,-93.574,2.783,435501570.000
-2.371,0.654,0.107,18.899,-93.547,2.774,435501670.000
-2.369,0.653,0.119,18.864,-93.543,2.784,435501770.000
-2.371,0.654,0.114,18.899,-93.546,2.774,435501870.000
-2.371,0.651,0.107,18.870,-93.523,2.765,435501971.000
-2.367,0.654,0.112,18.886,-93.532,2.775,435502070.000
-2.367,0.646,0.112,18.840,-93.532,2.775,435502170.000
-2.371,0.654,0.119,18.913,-93.505,2.803,435502270.000
-2.369,0.655,0.114,18.907,-93.462,2.794,435502370.000
-2.371,0.654,0.112,18.885,-93.458,2.775,435502470.000
-2.367,0.656,0.119,18.887,-93.458,2.785,435502570.000
-2.367,0.651,0.109,18.871,-93.467,2.766,435502672.000
-2.369,0.652,0.121,18.877,-93.437,2.785,435502771.000
-2.367,0.651,0.119,18.870,-93.434,2.794,435502871.000
-2.369,0.653,0.116,18.851,-93.406,2.812,435502971.000
-2.365,0.652,0.114,18.879,-93.415,2.786,435503072.000
-2.371,0.654,0.112,18.885,-93.361,2.776,435503171.000
-2.363,0.649,0.114,18.842,-93.355,2.786,435503271.000
-2.365,0.652,0.114,18.865,-93.391,2.786,435503372.000
-2.365,0.650,0.114,18.877,-93.342,2.777,435503472.000
-2.365,0.655,0.117,18.866,-93.334,2.768,435503572.000
-2.365,0.647,0.119,18.820,-93.302,2.796,435503671.000
-2.361,0.650,0.109,18.837,-93.312,2.778,435503771.000
-2.363,0.651,0.117,18.843,-93.298,2.768,435503871.000
-2.363,0.651,0.122,18.843,-93.282,2.768,435503971.000
-2.361,0.652,0.117,18.851,-93.311,2.759,435504071.000
-2.363,0.653,0.112,18.859,-93.266,2.750,435504171.000
-2.363,0.651,0.124,18.815,-93.249,2.768,435504272.000
-2.361,0.650,0.114,18.836,-93.247,2.778,435504371.000
-2.361,0.650,0.117,18.836,-93.263,2.778,435504472.000
-2.361,0.655,0.114,18.853,-93.222,2.769,435504571.000
-2.361,0.652,0.117,18.824,-93.214,2.760,435504671.000
-2.359,0.651,0.112,18.831,-93.219,2.769,435504772.000
-2.359,0.648,0.117,18.815,-93.203,2.760,435504871.000
-2.361,0.652,0.114,18.810,-93.174,2.760,435504970.000
-2.361,0.652,0.114,18.838,-93.174,2.760,435505070.000
-2.359,0.656,0.114,18.847,-93.163,2.760,435505170.000
-2.357,0.647,0.114,18.808,-93.151,2.770,435505272.000
-2.357,0.652,0.109,18.839,-93.168,2.761,435505371.000
-2.359,0.651,0.117,18.817,-93.130,2.770,435505470.000
-2.359,0.648,0.117,18.787,-93.106,2.761,435505570.000
-2.361,0.647,0.117,18.780,-93.093,2.770,435505670.000
-2.359,0.651,0.116,18.789,-93.082,2.798,435505770.000
-2.357,0.650,0.114,18.795,-93.103,2.752,435505870.000
-2.355,0.648,0.107,18.789,-93.068,2.762,435505970.000
-2.357,0.647,0.104,18.768,-93.063,2.770,435506070.000
-2.357,0.650,0.122,18.809,-93.029,2.780,435506170.000
-2.362,0.649,0.114,18.822,-93.028,2.752,435506270.000
-2.353,0.647,0.122,18.767,-93.006,2.772,435506370.000
-2.355,0.648,0.112,18.774,-93.027,2.734,435506471.000
-2.355,0.651,0.112,18.776,-93.003,2.771,435506572.000
-2.357,0.647,0.122,18.766,-92.981,2.771,435506670.000
-2.358,0.644,0.114,18.737,-92.957,2.734,435506770.000
-2.355,0.651,0.119,18.789,-92.978,2.771,435506870.000
-2.355,0.653,0.117,18.805,-92.962,2.753,435506971.000
-2.358,0.649,0.117,18.768,-92.925,2.753,435507072.000
-2.355,0.646,0.109,18.732,-92.914,2.753,435507171.000
-2.355,0.651,0.112,18.763,-92.930,2.772,435507270.000
-2.358,0.652,0.119,18.769,-92.917,2.762,435507371.000
-2.353,0.647,0.112,18.740,-92.894,2.772,435507471.000
-2.356,0.648,0.109,18.748,-92.866,2.763,435507571.000
-2.353,0.652,0.124,18.769,-92.877,2.763,435507671.000
-2.358,0.649,0.109,18.769,-92.829,2.781,435507771.000
-2.351,0.651,0.117,18.776,-92.866,2.745,435507871.000
-2.351,0.651,0.114,18.763,-92.875,2.773,435507971.000
-2.351,0.651,0.117,18.763,-92.842,2.773,435508070.000
-2.351,0.651,0.117,18.790,-92.842,2.773,435508170.000
-2.354,0.647,0.114,18.740,-92.813,2.773,435508271.000
-2.349,0.647,0.114,18.727,-92.815,2.773,435508370.000
-2.349,0.647,0.117,18.713,-92.806,2.773,435508471.000
-2.349,0.644,0.112,18.712,-92.799,2.764,435508570.000
-2.352,0.648,0.112,18.707,-92.738,2.764,435508670.000
-2.352,0.646,0.117,18.733,-92.745,2.783,435508771.000
-2.350,0.642,0.122,18.710,-92.741,2.756,435508870.000
-2.350,0.649,0.117,18.742,-92.734,2.756,435508971.000
-2.349,0.644,0.114,18.739,-92.766,2.765,435509070.000
-2.350,0.649,0.114,18.755,-92.693,2.728,435509170.000
-2.350,0.644,0.117,18.684,-92.685,2.765,435509270.000
-2.350,0.644,0.114,18.712,-92.669,2.765,435509370.000
-2.348,0.645,0.114,18.719,-92.682,2.756,435509470.000
-2.352,0.645,0.117,18.705,-92.648,2.756,435509570.000
-2.345,0.647,0.114,18.713,-92.670,2.747,435509671.000
-2.348,0.648,0.112,18.735,-92.666,2.766,435509770.000
-2.345,0.649,0.114,18.742,-92.646,2.757,435509871.000
-2.350,0.644,0.117,18.711,-92.588,2.738,435509970.000
-2.350,0.649,0.112,18.715,-92.605,2.756,435510071.000
-2.346,0.644,0.109,18.671,-92.590,2.738,435510171.000
-2.346,0.641,0.114,18.683,-92.573,2.730,435510271.000
-2.348,0.645,0.114,18.706,-92.561,2.757,435510371.000
-2.344,0.643,0.112,18.664,-92.571,2.748,435510470.000
-2.346,0.649,0.112,18.715,-92.533,2.757,435510571.000
-2.346,0.644,0.112,18.685,-92.533,2.739,435510670.000
-2.346,0.644,0.112,18.685,-92.533,2.767,435510770.000
-2.344,0.645,0.114,18.678,-92.538,2.730,435510870.000
-2.344,0.643,0.112,18.678,-92.498,2.749,435510970.000
-2.346,0.649,0.117,18.729,-92.492,2.758,435511071.000
-2.342,0.647,0.117,18.714,-92.518,2.749,435511170.000
-2.344,0.643,0.117,18.678,-92.481,2.777,435511270.000
-2.342,0.647,0.117,18.714,-92.469,2.750,435511370.000
-2.340,0.645,0.114,18.679,-92.466,2.759,435511470.000
-2.342,0.644,0.112,18.671,-92.486,2.740,435511571.000
-2.339,0.643,0.112,18.650,-92.475,2.722,435511671.000
-2.340,0.645,0.109,18.680,-92.435,2.759,435511770.000
-2.342,0.647,0.119,18.686,-92.389,2.750,435511870.000
-2.342,0.644,0.112,18.685,-92.413,2.741,435511970.000
-2.340,0.648,0.107,18.654,-92.395,2.741,435512071.000
-2.340,0.643,0.114,18.664,-92.418,2.750,435512170.000
-2.340,0.643,0.119,18.650,-92.377,2.750,435512271.000
-2.340,0.648,0.117,18.653,-92.362,2.769,435512371.000
-2.340,0.645,0.104,18.652,-92.354,2.732,435512471.000
-2.338,0.644,0.109,18.645,-92.351,2.741,435512571.000
-2.342,0.646,0.114,18.673,-92.333,2.750,435512670.000
-2.340,0.645,0.109,18.666,-92.313,2.732,435512771.000
-2.336,0.640,0.114,18.608,-92.322,2.714,435512871.000
-2.338,0.644,0.114,18.658,-92.310,2.742,435512971.000
-2.338,0.644,0.114,18.658,-92.310,2.742,435513071.000
-2.342,0.641,0.112,18.629,-92.244,2.732,435513170.000
-2.338,0.644,0.114,18.645,-92.285,2.742,435513271.000
-2.336,0.643,0.114,18.624,-92.274,2.751,435513371.000
-2.338,0.641,0.112,18.588,-92.246,2.733,435513471.000
-2.334,0.644,0.112,18.618,-92.247,2.743,435513571.000
-2.334,0.639,0.114,18.601,-92.238,2.724,435513670.000
-2.336,0.645,0.114,18.639,-92.225,2.733,435513770.000
-2.334,0.649,0.117,18.676,-92.230,2.761,435513871.000
-2.336,0.645,0.112,18.611,-92.161,2.734,435513971.000
-2.340,0.642,0.119,18.609,-92.159,2.752,435514070.000
-2.336,0.640,0.117,18.594,-92.169,2.743,435514170.000
-2.336,0.640,0.109,18.595,-92.170,2.743,435514270.000
-2.332,0.648,0.112,18.640,-92.162,2.716,435514371.000
-2.334,0.644,0.112,18.604,-92.125,2.716,435514470.000
-2.334,0.644,0.114,18.631,-92.141,2.744,435514570.000
-2.334,0.641,0.114,18.602,-92.117,2.734,435514670.000
-2.332,0.645,0.109,18.640,-92.122,2.735,435514770.000
-2.334,0.641,0.114,18.602,-92.117,2.734,435514870.000
-2.332,0.642,0.109,18.597,-92.074,2.726,435514971.000
-2.332,0.640,0.117,18.595,-92.097,2.717,435515070.000
-2.330,0.644,0.117,18.604,-92.086,2.744,435515170.000
-2.334,0.641,0.117,18.575,-92.036,2.735,435515270.000
-2.330,0.644,0.114,18.591,-92.046,2.745,435515370.000
-2.332,0.642,0.114,18.583,-92.033,2.726,435515470.000
-2.330,0.644,0.114,18.577,-92.022,2.745,435515570.000
-2.334,0.641,0.112,18.575,-92.004,2.735,435515670.000
-2.337,0.640,0.112,18.581,-91.967,2.744,435515770.000
-2.332,0.642,0.114,18.583,-91.985,2.754,435515871.000
-2.332,0.645,0.112,18.598,-91.969,2.736,435515970.000
-2.326,0.646,0.110,18.634,-91.991,2.727,435516070.000
-2.332,0.637,0.114,18.553,-91.936,2.736,435516170.000
-2.330,0.638,0.117,18.546,-91.941,2.727,435516271.000
-2.326,0.641,0.114,18.576,-91.974,2.737,435516370.000
-2.332,0.642,0.112,18.583,-91.920,2.727,435516470.000
-2.332,0.637,0.117,18.552,-91.904,2.736,435516570.000
-2.328,0.640,0.109,18.568,-91.930,2.718,435516671.000
-2.330,0.641,0.107,18.589,-91.876,2.681,435516770.000
-2.326,0.641,0.112,18.535,-91.886,2.709,435516870.000
-2.328,0.640,0.112,18.541,-91.897,2.718,435516970.000
-2.328,0.642,0.114,18.556,-91.865,2.728,435517070.000
-2.328,0.642,0.112,18.556,-91.849,2.728,435517170.000
-2.328,0.642,0.114,18.570,-91.840,2.728,435517270.000
-2.328,0.642,0.112,18.570,-91.824,2.728,435517370.000
-2.330,0.643,0.112,18.577,-91.812,2.719,435517470.000
-2.326,0.641,0.112,18.562,-91.837,2.710,435517570.000
-2.328,0.640,0.105,18.541,-91.801,2.719,435517671.000
-2.324,0.642,0.112,18.543,-91.802,2.729,435517771.000
-2.326,0.644,0.112,18.564,-91.765,2.747,435517870.000
-2.326,0.643,0.112,18.564,-91.765,2.720,435517971.000
-2.326,0.643,0.110,18.578,-91.773,2.720,435518070.000
-2.324,0.642,0.114,18.557,-91.745,2.729,435518171.000
-2.324,0.642,0.102,18.544,-91.738,2.729,435518271.000
-2.322,0.643,0.112,18.565,-91.742,2.720,435518370.000
-2.324,0.645,0.112,18.558,-91.753,2.738,435518470.000
-2.322,0.638,0.112,18.534,-91.741,2.702,435518570.000
-2.324,0.639,0.110,18.541,-91.713,2.693,435518671.000
-2.324,0.640,0.114,18.528,-91.672,2.721,435518770.000
-2.322,0.643,0.112,18.537,-91.693,2.720,435518871.000
-2.327,0.646,0.112,18.566,-91.643,2.730,435518970.000
-2.324,0.642,0.105,18.571,-91.657,2.730,435519070.000
-2.322,0.636,0.112,18.492,-91.645,2.721,435519171.000
-2.322,0.643,0.115,18.551,-91.636,2.721,435519271.000
-2.320,0.637,0.110,18.486,-91.666,2.712,435519371.000
-2.325,0.642,0.112,18.543,-91.608,2.730,435519470.000
-2.322,0.638,0.114,18.507,-91.612,2.730,435519571.000
-2.318,0.638,0.110,18.494,-91.630,2.731,435519671.000
-2.318,0.636,0.114,18.492,-91.589,2.722,435519770.000
-2.320,0.642,0.117,18.515,-91.568,2.703,435519871.000
-2.320,0.642,0.110,18.516,-91.569,2.703,435519970.000
-2.320,0.637,0.112,18.472,-91.561,2.712,435520070.000
-2.320,0.639,0.112,18.500,-91.585,2.694,435520171.000
-2.318,0.638,0.112,18.493,-91.549,2.704,435520271.000
-2.321,0.637,0.110,18.486,-91.520,2.713,435520371.000
-2.323,0.638,0.109,18.493,-91.508,2.731,435520471.000
-2.316,0.639,0.112,18.515,-91.537,2.695,435520571.000
-2.318,0.635,0.112,18.478,-91.501,2.695,435520671.000
-2.318,0.641,0.110,18.495,-91.509,2.713,435520771.000
-2.318,0.638,0.114,18.480,-91.493,2.732,435520871.000
-2.316,0.639,0.110,18.502,-91.497,2.723,435520971.000
-2.316,0.637,0.110,18.500,-91.473,2.714,435521072.000
-2.319,0.638,0.110,18.466,-91.436,2.704,435521171.000
-2.314,0.641,0.112,18.482,-91.478,2.714,435521272.000
-2.316,0.637,0.112,18.445,-91.441,2.714,435521371.000
-2.314,0.635,0.112,18.465,-91.453,2.696,435521472.000
-2.319,0.638,0.110,18.480,-91.412,2.732,435521571.000
-2.321,0.639,0.114,18.473,-91.407,2.723,435521672.000
-2.317,0.639,0.107,18.488,-91.409,2.723,435521772.000
-2.314,0.636,0.115,18.451,-91.397,2.724,435521872.000
-2.314,0.638,0.110,18.467,-91.365,2.706,435521972.000
-2.317,0.637,0.117,18.472,-91.327,2.715,435522072.000
-2.314,0.643,0.110,18.469,-91.365,2.696,435522172.000
-2.312,0.639,0.105,18.489,-91.370,2.697,435522271.000
-2.312,0.637,0.107,18.446,-91.338,2.743,435522372.000
-2.315,0.640,0.107,18.496,-91.325,2.688,435522471.000
-2.315,0.638,0.110,18.467,-91.316,2.706,435522572.000
-2.317,0.637,0.112,18.418,-91.296,2.715,435522672.000
-2.313,0.634,0.110,18.431,-91.305,2.734,435522771.000
-2.315,0.635,0.112,18.451,-91.284,2.697,435522872.000
-2.313,0.634,0.112,18.444,-91.297,2.706,435522972.000
-2.310,0.641,0.120,18.468,-91.285,2.716,435523071.000
-2.308,0.637,0.107,18.446,-91.315,2.688,435523171.000
-2.311,0.638,0.115,18.453,-91.253,2.707,435523271.000
-2.313,0.637,0.102,18.447,-91.209,2.716,435523372.000
-2.313,0.637,0.110,18.432,-91.232,2.716,435523472.000
-2.306,0.635,0.112,18.412,-91.263,2.726,435523572.000
-2.308,0.642,0.105,18.491,-91.226,2.707,435523671.000
-2.311,0.638,0.110,18.454,-91.221,2.707,435523772.000
-2.308,0.639,0.107,18.434,-91.218,2.698,435523872.000
-2.313,0.637,0.115,18.446,-91.143,2.717,435523971.000
-2.311,0.635,0.105,18.439,-91.189,2.698,435524072.000
-2.311,0.638,0.105,18.440,-91.165,2.707,435524172.000
-2.311,0.635,0.112,18.438,-91.140,2.699,435524271.000
-2.313,0.634,0.107,18.403,-91.144,2.707,435524372.000
-2.309,0.634,0.107,18.418,-91.145,2.708,435524472.000
-2.309,0.637,0.110,18.419,-91.137,2.717,435524571.000
-2.304,0.631,0.110,18.403,-91.138,2.699,435524672.000
-2.307,0.635,0.107,18.426,-91.109,2.699,435524771.000
-2.305,0.631,0.110,18.375,-91.090,2.700,435524871.000
-2.307,0.638,0.117,18.426,-91.100,2.709,435524971.000
-2.307,0.635,0.112,18.384,-91.069,2.727,435525072.000
-2.309,0.634,0.112,18.404,-91.056,2.709,435525172.000
-2.309,0.636,0.115,18.418,-91.072,2.690,435525271.000
-2.307,0.638,0.117,18.426,-91.052,2.709,435525371.000
-2.307,0.633,0.110,18.383,-91.028,2.691,435525471.000
-2.309,0.634,0.102,18.391,-91.016,2.709,435525571.000
-2.302,0.635,0.110,18.398,-91.054,2.700,435525671.000
-2.307,0.638,0.105,18.400,-91.021,2.709,435525771.000
-2.305,0.634,0.107,18.377,-91.001,2.709,435525872.000
-2.309,0.634,0.115,18.403,-90.975,2.682,435525971.000
-2.303,0.635,0.115,18.398,-90.989,2.701,435526071.000
-2.303,0.635,0.110,18.398,-91.005,2.701,435526172.000
-2.303,0.635,0.110,18.357,-90.981,2.700,435526271.000
-2.307,0.640,0.110,18.414,-90.956,2.691,435526372.000
-2.305,0.636,0.107,18.392,-90.953,2.691,435526472.000
-2.305,0.636,0.112,18.405,-90.960,2.691,435526571.000
-2.305,0.634,0.112,18.377,-90.936,2.710,435526672.000
-2.303,0.638,0.107,18.400,-90.917,2.683,435526771.000
-2.305,0.634,0.112,18.391,-90.912,2.710,435526871.000
-2.303,0.632,0.107,18.370,-90.868,2.692,435526971.000
-2.301,0.636,0.107,18.379,-90.905,2.692,435527072.000
-2.307,0.638,0.107,18.386,-90.867,2.710,435527171.000
-2.307,0.635,0.115,18.370,-90.867,2.701,435527272.000
-2.301,0.634,0.107,18.350,-90.881,2.711,435527372.000
-2.305,0.634,0.115,18.349,-90.855,2.683,435527472.000
-2.303,0.630,0.107,18.299,-90.820,2.683,435527571.000
-2.301,0.634,0.112,18.378,-90.816,2.712,435527672.000
-2.301,0.636,0.107,18.379,-90.808,2.693,435527772.000
-2.303,0.632,0.112,18.356,-90.828,2.693,435527871.000
-2.301,0.636,0.105,18.393,-90.817,2.693,435527971.000
-2.301,0.636,0.110,18.393,-90.800,2.693,435528072.000
-2.303,0.635,0.105,18.372,-90.780,2.702,435528171.000
-2.305,0.631,0.110,18.321,-90.751,2.702,435528271.000
-2.301,0.634,0.112,18.350,-90.768,2.712,435528371.000
-2.301,0.636,0.107,18.352,-90.760,2.693,435528472.000
-2.303,0.630,0.110,18.327,-90.739,2.712,435528571.000
-2.299,0.635,0.112,18.358,-90.732,2.703,435528672.000
-2.303,0.632,0.112,18.342,-90.707,2.721,435528772.000
-2.297,0.634,0.115,18.350,-90.712,2.685,435528872.000
-2.295,0.632,0.110,18.357,-90.766,2.694,435528971.000
-2.299,0.630,0.110,18.314,-90.692,2.685,435529071.000
-2.299,0.632,0.102,18.343,-90.717,2.694,435529172.000
-2.299,0.635,0.115,18.358,-90.699,2.703,435529272.000
-2.299,0.635,0.105,18.345,-90.660,2.703,435529371.000
-2.299,0.632,0.110,18.343,-90.667,2.694,435529471.000
-2.304,0.635,0.112,18.344,-90.634,2.703,435529571.000
-2.299,0.632,0.112,18.343,-90.635,2.695,435529671.000
-2.301,0.634,0.107,18.336,-90.615,2.685,435529771.000
-2.291,0.630,0.107,18.343,-90.678,2.686,435529871.000
-2.299,0.632,0.112,18.329,-90.611,2.695,435529971.000
-2.297,0.631,0.107,18.308,-90.616,2.676,435530071.000
-2.295,0.630,0.110,18.314,-90.620,2.686,435530172.000
-2.297,0.636,0.110,18.352,-90.607,2.667,435530272.000
-2.297,0.628,0.112,18.279,-90.575,2.695,435530371.000
-2.293,0.634,0.107,18.310,-90.617,2.686,435530471.000
-2.297,0.628,0.115,18.292,-90.567,2.695,435530572.000
-2.295,0.632,0.110,18.302,-90.572,2.695,435530671.000
-2.291,0.632,0.110,18.316,-90.573,2.696,435530772.000
-2.297,0.634,0.115,18.309,-90.543,2.686,435530872.000
-2.293,0.628,0.112,18.279,-90.552,2.668,435530970.000
-2.295,0.632,0.110,18.302,-90.524,2.696,435531071.000
-2.295,0.630,0.112,18.300,-90.515,2.687,435531171.000
-2.298,0.634,0.112,18.310,-90.478,2.714,435531270.000
-2.295,0.632,0.112,18.302,-90.491,2.696,435531371.000
-2.291,0.632,0.110,18.302,-90.500,2.669,435531472.000
-2.295,0.632,0.105,18.302,-90.492,2.668,435531572.000
-2.293,0.634,0.110,18.310,-90.488,2.687,435531670.000
-2.295,0.632,0.112,18.302,-90.443,2.696,435531770.000
-2.293,0.631,0.115,18.294,-90.471,2.678,435531871.000
-2.289,0.631,0.112,18.309,-90.456,2.707,435531970.000
-2.289,0.628,0.112,18.266,-90.456,2.669,435532070.000
-2.291,0.632,0.110,18.302,-90.452,2.669,435532170.000
-2.293,0.633,0.110,18.310,-90.439,2.660,435532271.000
-2.293,0.626,0.112,18.237,-90.407,2.688,435532371.000
-2.291,0.630,0.117,18.287,-90.403,2.688,435532471.000
-2.289,0.631,0.107,18.282,-90.425,2.679,435532571.000
-2.289,0.628,0.110,18.266,-90.392,2.670,435532670.000
-2.293,0.633,0.105,18.310,-90.359,2.688,435532770.000
-2.291,0.630,0.107,18.260,-90.388,2.688,435532871.000
-2.287,0.635,0.112,18.304,-90.372,2.680,435532970.000
-2.287,0.630,0.112,18.275,-90.372,2.717,435533070.000
-2.287,0.630,0.112,18.260,-90.348,2.689,435533170.000
-2.285,0.634,0.110,18.270,-90.369,2.689,435533270.000
-2.287,0.630,0.107,18.261,-90.316,2.689,435533370.000
-2.287,0.627,0.110,18.232,-90.357,2.680,435533470.000
-2.287,0.632,0.102,18.262,-90.309,2.671,435533570.000
-2.283,0.630,0.110,18.247,-90.334,2.690,435533671.000
-2.289,0.633,0.112,18.283,-90.287,2.661,435533770.000
-2.289,0.631,0.110,18.282,-90.295,2.680,435533870.000
-2.287,0.632,0.112,18.262,-90.275,2.671,435533970.000
-2.285,0.628,0.110,18.239,-90.272,2.671,435534071.000
-2.292,0.630,0.110,18.219,-90.234,2.689,435534170.000
-2.283,0.630,0.107,18.262,-90.245,2.690,435534271.000
-2.283,0.635,0.102,18.264,-90.262,2.681,435534370.000
-2.285,0.628,0.110,18.239,-90.224,2.644,435534470.000
-2.285,0.633,0.110,18.270,-90.224,2.662,435534570.000
-2.287,0.629,0.107,18.233,-90.219,2.662,435534670.000
-2.285,0.633,0.112,18.283,-90.215,2.663,435534770.000
-2.285,0.628,0.110,18.239,-90.224,2.672,435534870.000
-2.283,0.630,0.115,18.233,-90.196,2.691,435534971.000
-2.288,0.629,0.110,18.219,-90.163,2.690,435535071.000
-2.285,0.628,0.105,18.226,-90.168,2.672,435535170.000
-2.281,0.631,0.115,18.255,-90.184,2.682,435535270.000
-2.288,0.629,0.112,18.233,-90.106,2.663,435535371.000
-2.281,0.628,0.110,18.227,-90.177,2.700,435535471.000
-2.286,0.625,0.107,18.224,-90.111,2.663,435535570.000
-2.283,0.635,0.100,18.264,-90.149,2.654,435535671.000
-2.288,0.627,0.105,18.204,-90.082,2.654,435535771.000
-2.286,0.628,0.105,18.212,-90.095,2.672,435535870.000
-2.283,0.627,0.115,18.232,-90.123,2.682,435535971.000
-2.279,0.632,0.108,18.263,-90.149,2.645,435536070.000
-2.279,0.629,0.110,18.220,-90.117,2.664,435536171.000
-2.284,0.624,0.112,18.189,-90.059,2.673,435536271.000
-2.281,0.633,0.112,18.243,-90.071,2.664,435536370.000
-2.284,0.627,0.107,18.191,-90.051,2.682,435536470.000
-2.281,0.631,0.110,18.227,-90.055,2.655,435536571.000
-2.284,0.629,0.107,18.234,-90.051,2.664,435536671.000
-2.282,0.628,0.105,18.213,-90.024,2.674,435536770.000
-2.282,0.628,0.110,18.213,-90.007,2.674,435536870.000
-2.284,0.629,0.103,18.234,-90.019,2.664,435536971.000
-2.284,0.629,0.110,18.220,-89.994,2.692,435537070.000
-2.277,0.631,0.110,18.228,-90.032,2.656,435537170.000
-2.282,0.628,0.107,18.213,-89.991,2.674,435537271.000
-2.284,0.629,0.110,18.192,-89.946,2.664,435537370.000
-2.282,0.631,0.117,18.214,-89.982,2.683,435537471.000
-2.282,0.628,0.108,18.199,-89.918,2.647,435537570.000
-2.277,0.631,0.108,18.215,-89.992,2.656,435537671.000
-2.282,0.625,0.107,18.184,-89.967,2.665,435537772.000
-2.280,0.629,0.107,18.207,-89.931,2.665,435537871.000
-2.280,0.629,0.110,18.207,-89.947,2.665,435537972.000
-2.280,0.629,0.115,18.165,-89.907,2.665,435538071.000
-2.280,0.624,0.105,18.177,-89.915,2.647,435538172.000
-2.278,0.628,0.103,18.200,-89.912,2.675,435538271.000
-2.278,0.625,0.107,18.157,-89.896,2.666,435538372.000
-2.278,0.623,0.110,18.155,-89.887,2.657,435538471.000
-2.282,0.631,0.110,18.201,-89.862,2.684,435538571.000
-2.282,0.628,0.110,18.199,-89.837,2.675,435538671.000
-2.278,0.630,0.115,18.200,-89.871,2.657,435538771.000
-2.275,0.629,0.112,18.207,-89.892,2.666,435538871.000
-2.276,0.627,0.110,18.179,-89.852,2.685,435538971.000
-2.278,0.623,0.107,18.170,-89.847,2.685,435539072.000
-2.276,0.627,0.105,18.151,-89.820,2.657,435539171.000
-2.278,0.625,0.112,18.184,-89.830,2.666,435539271.000
-2.276,0.627,0.112,18.151,-89.819,2.685,435539372.000
-2.276,0.626,0.108,18.164,-89.811,2.630,435539471.000
-2.276,0.624,0.107,18.164,-89.787,2.676,435539571.000
-2.276,0.629,0.110,18.194,-89.803,2.667,435539671.000
-2.276,0.627,0.107,18.179,-89.787,2.685,435539771.000
-2.276,0.627,0.112,18.151,-89.771,2.658,435539871.000
-2.276,0.624,0.108,18.149,-89.763,2.649,435539972.000
-2.276,0.624,0.115,18.149,-89.762,2.676,435540071.000
-2.280,0.627,0.105,18.123,-89.746,2.657,435540171.000
-2.278,0.625,0.110,18.157,-89.718,2.667,435540271.000
-2.272,0.629,0.110,18.153,-89.756,2.667,435540371.000
-2.276,0.627,0.110,18.123,-89.706,2.658,435540471.000
-2.274,0.628,0.107,18.145,-89.727,2.677,435540571.000
-2.276,0.629,0.100,18.167,-89.691,2.640,435540672.000
-2.274,0.625,0.103,18.158,-89.695,2.668,435540772.000
-2.272,0.627,0.108,18.138,-89.692,2.659,435540871.000
-2.272,0.621,0.110,18.121,-89.683,2.668,435540972.000
-2.274,0.625,0.105,18.144,-89.687,2.640,435541071.000
-2.270,0.628,0.108,18.146,-89.704,2.650,435541172.000
-2.274,0.630,0.113,18.188,-89.662,2.659,435541272.000
-2.270,0.625,0.112,18.130,-89.688,2.668,435541372.000
-2.274,0.625,0.107,18.130,-89.630,2.668,435541472.000
-2.272,0.632,0.108,18.182,-89.619,2.650,435541571.000
-2.272,0.626,0.108,18.124,-89.619,2.659,435541672.000
-2.268,0.626,0.108,18.152,-89.644,2.660,435541771.000
-2.272,0.626,0.110,18.138,-89.611,2.659,435541871.000
-2.274,0.625,0.108,18.130,-89.582,2.641,435541972.000
-2.270,0.625,0.110,18.116,-89.599,2.641,435542071.000
-2.270,0.628,0.110,18.174,-89.575,2.679,435542171.000
-2.270,0.628,0.110,18.146,-89.575,2.651,435542271.000
-2.272,0.624,0.110,18.123,-89.562,2.651,435542371.000
-2.272,0.624,0.105,18.109,-89.603,2.650,435542472.000
-2.268,0.626,0.115,18.110,-89.571,2.660,435542572.000
-2.274,0.628,0.108,18.118,-89.534,2.650,435542671.000
-2.268,0.626,0.110,18.125,-89.563,2.660,435542771.000
-2.268,0.621,0.110,18.108,-89.539,2.670,435542871.000
-2.268,0.624,0.103,18.110,-89.516,2.651,435542972.000
-2.270,0.620,0.108,18.073,-89.511,2.651,435543071.000
-2.268,0.621,0.105,18.108,-89.507,2.642,435543171.000
-2.266,0.628,0.115,18.132,-89.511,2.680,435543271.000
-2.266,0.625,0.103,18.090,-89.529,2.670,435543372.000
-2.266,0.625,0.115,18.103,-89.487,2.643,435543471.000
-2.266,0.625,0.115,18.089,-89.463,2.643,435543571.000
-2.268,0.629,0.110,18.140,-89.466,2.643,435543672.000
-2.266,0.625,0.108,18.090,-89.463,2.643,435543771.000
-2.268,0.626,0.110,18.111,-89.442,2.634,435543872.000
-2.266,0.625,0.113,18.090,-89.447,2.671,435543971.000
-2.268,0.626,0.108,18.084,-89.427,2.661,435544072.000
-2.266,0.622,0.110,18.061,-89.407,2.662,435544171.000
-2.268,0.626,0.110,18.111,-89.394,2.634,435544271.000
-2.264,0.626,0.108,18.126,-89.427,2.662,435544371.000
-2.264,0.624,0.108,18.096,-89.403,2.653,435544472.000
-2.266,0.622,0.105,18.089,-89.375,2.662,435544572.000
-2.268,0.624,0.108,18.082,-89.402,2.624,435544671.000
-2.262,0.628,0.105,18.106,-89.376,2.653,435544771.000
-2.266,0.625,0.105,18.090,-89.351,2.671,435544872.000
-2.262,0.622,0.105,18.062,-89.352,2.635,435544971.000
-2.264,0.621,0.113,18.039,-89.363,2.644,435545072.000
-2.262,0.622,0.108,18.075,-89.343,2.635,435545172.000
-2.264,0.626,0.103,18.070,-89.348,2.634,435545272.000
-2.264,0.624,0.108,18.083,-89.331,2.653,435545372.000
-2.262,0.622,0.115,18.089,-89.318,2.663,435545471.000
-2.262,0.622,0.108,18.061,-89.319,2.635,435545571.000
-2.266,0.625,0.108,18.076,-89.294,2.644,435545671.000
-2.262,0.625,0.108,18.077,-89.319,2.672,435545771.000
-2.264,0.621,0.105,18.040,-89.267,2.644,435545871.000
-2.260,0.621,0.108,18.054,-89.284,2.645,435545971.000
-2.264,0.624,0.115,18.055,-89.282,2.654,435546072.000
-2.260,0.624,0.110,18.041,-89.300,2.626,435546171.000
-2.262,0.622,0.110,18.075,-89.262,2.663,435546271.000
-2.260,0.621,0.105,18.055,-89.268,2.645,435546372.000
-2.264,0.624,0.115,18.055,-89.233,2.654,435546471.000
-2.260,0.624,0.115,18.069,-89.234,2.627,435546571.000
-2.260,0.624,0.110,18.055,-89.227,2.627,435546672.000
-2.262,0.620,0.108,18.033,-89.198,2.654,435546771.000
-2.262,0.622,0.105,18.062,-89.206,2.636,435546871.000
-2.264,0.621,0.110,18.067,-89.201,2.645,435546971.000
-2.260,0.624,0.108,18.056,-89.211,2.627,435547071.000
-2.258,0.620,0.110,18.033,-89.191,2.628,435547171.000
-2.262,0.620,0.108,18.019,-89.174,2.627,435547271.000
-2.258,0.622,0.108,18.048,-89.175,2.637,435547371.000
-2.260,0.626,0.110,18.057,-89.154,2.637,435547471.000
-2.256,0.621,0.108,18.041,-89.188,2.646,435547571.000
-2.260,0.623,0.105,18.056,-89.146,2.627,435547671.000
-2.258,0.622,0.108,18.021,-89.175,2.637,435547772.000
-2.258,0.622,0.113,18.062,-89.134,2.665,435547872.000
-2.258,0.620,0.105,18.020,-89.135,2.628,435547971.000
-2.258,0.622,0.108,18.035,-89.103,2.637,435548071.000
-2.254,0.620,0.113,18.006,-89.136,2.656,435548171.000
-2.256,0.626,0.113,18.044,-89.123,2.637,435548271.000
