0.051,-0.083,-0.063,2.002,1.755,0.282,610531820.000
0.046,-0.085,-0.063,2.014,1.781,0.300,610531920.000
0.046,-0.086,-0.060,2.000,1.789,0.273,610532020.000
0.048,-0.082,-0.065,2.010,1.784,0.273,610532121.000
0.046,-0.083,-0.063,2.044,1.805,0.310,610532220.000
0.046,-0.080,-0.060,2.017,1.813,0.319,610532320.000
0.048,-0.087,-0.068,2.007,1.800,0.282,610532420.000
0.046,-0.083,-0.060,2.057,1.813,0.282,610532521.000
0.044,-0.087,-0.065,2.007,1.809,0.309,610532620.000
0.050,-0.085,-0.063,2.015,1.804,0.301,610532721.000
0.044,-0.087,-0.060,2.020,1.802,0.309,610532820.000
0.048,-0.082,-0.060,2.037,1.800,0.301,610532921.000
0.048,-0.087,-0.068,1.966,1.775,0.282,610533020.000
0.044,-0.087,-0.068,1.979,1.825,0.282,610533120.000
0.048,-0.084,-0.065,1.981,1.759,0.291,610533220.000
0.048,-0.084,-0.060,2.022,1.800,0.291,610533320.000
0.044,-0.084,-0.063,1.981,1.817,0.318,610533420.000
0.046,-0.083,-0.060,2.002,1.813,0.309,610533520.000
0.046,-0.080,-0.060,2.045,1.813,0.291,610533620.000
0.048,-0.082,-0.065,2.024,1.759,0.300,610533720.000
0.046,-0.083,-0.065,2.057,1.797,0.282,610533820.000
0.046,-0.086,-0.063,2.028,1.805,0.301,610533920.000
0.046,-0.086,-0.068,2.028,1.788,0.273,610534021.000
0.048,-0.084,-0.063,2.022,1.768,0.291,610534120.000
0.046,-0.080,-0.063,2.045,1.829,0.291,610534220.000
0.051,-0.083,-0.065,2.030,1.771,0.282,610534320.000
0.048,-0.084,-0.065,2.022,1.784,0.291,610534420.000
0.048,-0.087,-0.063,2.007,1.768,0.310,610534520.000
0.051,-0.083,-0.063,2.030,1.755,0.310,610534620.000
0.051,-0.080,-0.065,2.045,1.771,0.291,610534720.000
0.048,-0.082,-0.065,2.038,1.784,0.301,610534820.000
0.046,-0.083,-0.068,2.016,1.788,0.282,610534920.000
0.048,-0.084,-0.063,2.036,1.792,0.292,610535021.000
0.050,-0.083,-0.060,2.058,1.788,0.310,610535119.000
0.046,-0.086,-0.065,2.028,1.821,0.301,610535220.000
0.048,-0.084,-0.063,2.036,1.792,0.292,610535319.000
0.048,-0.084,-0.063,2.036,1.792,0.292,610535421.000
0.044,-0.084,-0.065,2.036,1.834,0.291,610535520.000
0.048,-0.084,-0.068,2.036,1.776,0.291,610535620.000
0.046,-0.086,-0.065,2.056,1.773,0.273,610535720.000
0.044,-0.084,-0.060,2.008,1.801,0.318,610535819.000
0.051,-0.083,-0.063,2.044,1.779,0.310,610535920.000
0.046,-0.080,-0.065,2.073,1.797,0.319,610536020.000
0.048,-0.084,-0.060,2.036,1.776,0.319,610536119.000
0.048,-0.087,-0.063,1.994,1.792,0.310,610536220.000
0.051,-0.083,-0.065,2.031,1.771,0.310,610536320.000
0.048,-0.084,-0.070,2.023,1.767,0.291,610536419.000
0.048,-0.089,-0.063,1.978,1.792,0.273,610536520.000
0.046,-0.083,-0.065,2.002,1.796,0.282,610536620.000
0.046,-0.088,-0.063,1.999,1.781,0.291,610536720.000
0.048,-0.084,-0.070,2.023,1.767,0.291,610536820.000
0.053,-0.084,-0.067,2.051,1.774,0.292,610536920.000
0.048,-0.084,-0.063,2.036,1.792,0.292,610537020.000
0.046,-0.086,-0.065,2.028,1.821,0.301,610537120.000
0.044,-0.084,-0.070,2.022,1.793,0.291,610537220.000
0.046,-0.078,-0.058,2.073,1.822,0.301,610537320.000
0.046,-0.085,-0.063,2.014,1.781,0.300,610537419.000
0.048,-0.087,-0.065,2.021,1.760,0.282,610537519.000
0.048,-0.082,-0.068,2.038,1.800,0.301,610537620.000
0.055,-0.085,-0.065,2.002,1.770,0.301,610537720.000
0.046,-0.080,-0.060,2.045,1.813,0.291,610537820.000
0.048,-0.084,-0.068,2.023,1.800,0.291,610537919.000
0.046,-0.083,-0.058,2.029,1.797,0.310,610538019.000
0.042,-0.083,-0.063,2.043,1.830,0.282,610538119.000
0.046,-0.083,-0.065,2.030,1.796,0.310,610538219.000
0.046,-0.085,-0.060,2.015,1.813,0.328,610538320.000
0.046,-0.080,-0.070,2.018,1.780,0.291,610538420.000
0.042,-0.083,-0.060,2.016,1.814,0.337,610538520.000
0.048,-0.084,-0.070,1.995,1.815,0.291,610538620.000
0.042,-0.083,-0.073,2.030,1.821,0.281,610538720.000
0.046,-0.086,-0.070,2.001,1.804,0.273,610538820.000
0.044,-0.082,-0.060,2.037,1.826,0.300,610538920.000
0.046,-0.085,-0.070,1.987,1.780,0.300,610539019.000
0.044,-0.084,-0.065,1.994,1.809,0.291,610539120.000
0.046,-0.080,-0.063,2.058,1.805,0.291,610539220.000
0.046,-0.083,-0.060,2.016,1.789,0.309,610539320.000
0.051,-0.083,-0.068,2.017,1.763,0.310,610539420.000
0.048,-0.082,-0.065,2.038,1.784,0.301,610539519.000
0.044,-0.084,-0.058,2.008,1.834,0.291,610539620.000
0.053,-0.084,-0.065,2.023,1.758,0.319,610539720.000
0.046,-0.083,-0.065,2.002,1.796,0.309,610539820.000
0.048,-0.082,-0.065,2.024,1.759,0.300,610539920.000
0.048,-0.082,-0.063,2.024,1.792,0.300,610540019.000
0.048,-0.082,-0.070,2.010,1.767,0.272,610540120.000
0.051,-0.083,-0.068,2.017,1.763,0.282,610540219.000
0.044,-0.084,-0.068,1.994,1.776,0.290,610540320.000
0.046,-0.083,-0.070,2.002,1.780,0.281,610540420.000
0.046,-0.083,-0.063,2.002,1.780,0.282,610540519.000
0.048,-0.084,-0.073,2.009,1.807,0.291,610540620.000
0.053,-0.082,-0.062,2.024,1.767,0.273,610540720.000
0.048,-0.082,-0.068,2.024,1.775,0.300,610540819.000
0.048,-0.084,-0.063,1.995,1.816,0.291,610540920.000
0.048,-0.084,-0.065,1.995,1.783,0.291,610541020.000
0.053,-0.082,-0.060,2.038,1.775,0.301,610541119.000
0.051,-0.080,-0.060,2.004,1.763,0.291,610541220.000
0.046,-0.086,-0.060,2.014,1.813,0.301,610541320.000
0.048,-0.084,-0.065,1.995,1.783,0.291,610541420.000
0.051,-0.083,-0.070,2.003,1.754,0.282,610541520.000
0.046,-0.083,-0.060,2.002,1.813,0.309,610541620.000
0.051,-0.080,-0.065,2.017,1.771,0.264,610541720.000
0.046,-0.080,-0.063,2.017,1.780,0.291,610541819.000
0.046,-0.086,-0.068,1.973,1.788,0.272,610541920.000
0.046,-0.088,-0.065,1.930,1.820,0.263,610542020.000
0.046,-0.083,-0.063,1.974,1.780,0.281,610542119.000
0.051,-0.078,-0.063,2.033,1.755,0.300,610542220.000
0.048,-0.087,-0.065,1.980,1.783,0.310,610542320.000
0.046,-0.083,-0.063,1.974,1.780,0.281,610542419.000
0.046,-0.080,-0.068,2.004,1.788,0.291,610542519.000
0.051,-0.085,-0.065,1.974,1.746,0.300,610542620.000
0.048,-0.084,-0.063,1.967,1.767,0.291,610542720.000
0.048,-0.084,-0.063,1.981,1.743,0.318,610542819.000
0.048,-0.087,-0.063,1.966,1.792,0.310,610542920.000
0.048,-0.079,-0.060,1.997,1.800,0.282,610543020.000
0.046,-0.078,-0.065,2.005,1.796,0.300,610543119.000
0.046,-0.088,-0.065,1.917,1.796,0.290,610543219.000
0.048,-0.082,-0.063,1.982,1.767,0.300,610543320.000
0.048,-0.082,-0.063,1.969,1.791,0.300,610543420.000
0.046,-0.080,-0.070,1.990,1.779,0.263,610543519.000
0.046,-0.080,-0.063,1.962,1.780,0.290,610543619.000
0.051,-0.083,-0.070,1.948,1.754,0.281,610543719.000
0.048,-0.084,-0.060,1.953,1.775,0.291,610543819.000
0.042,-0.080,-0.068,1.976,1.813,0.290,610543919.000
0.053,-0.079,-0.065,1.984,1.733,0.282,610544019.000
0.048,-0.079,-0.065,1.997,1.783,0.282,610544119.000
0.048,-0.076,-0.065,1.985,1.783,0.263,610544219.000
0.048,-0.082,-0.065,1.941,1.759,0.272,610544319.000
0.044,-0.082,-0.070,1.927,1.792,0.271,610544419.000
0.046,-0.083,-0.065,1.920,1.795,0.309,610544519.000
0.048,-0.079,-0.065,1.997,1.783,0.282,610544619.000
0.048,-0.087,-0.070,1.897,1.766,0.281,610544719.000
0.049,-0.079,-0.068,1.970,1.750,0.281,610544820.000
0.048,-0.082,-0.073,1.928,1.782,0.300,610544920.000
0.046,-0.078,-0.060,1.963,1.788,0.299,610545019.000
0.048,-0.082,-0.070,1.927,1.766,0.272,610545119.000
0.051,-0.080,-0.070,1.949,1.778,0.291,610545220.000
0.044,-0.082,-0.060,1.926,1.776,0.299,610545320.000
0.046,-0.083,-0.065,1.933,1.771,0.281,610545419.000
0.051,-0.083,-0.068,1.906,1.762,0.281,610545520.000
0.046,-0.083,-0.070,1.878,1.803,0.281,610545620.000
0.048,-0.079,-0.058,1.928,1.808,0.281,610545720.000
0.046,-0.083,-0.070,1.892,1.779,0.281,610545820.000
0.049,-0.081,-0.073,1.887,1.757,0.299,610545920.000
0.049,-0.076,-0.068,1.930,1.750,0.290,610546019.000
0.048,-0.082,-0.065,1.886,1.758,0.271,610546120.000
0.046,-0.083,-0.068,1.892,1.763,0.280,610546220.000
0.048,-0.079,-0.065,1.901,1.758,0.281,610546320.000
0.046,-0.078,-0.060,1.908,1.787,0.271,610546420.000
0.051,-0.080,-0.065,1.894,1.745,0.290,610546520.000
0.044,-0.079,-0.063,1.900,1.768,0.280,610546619.000
0.051,-0.083,-0.060,1.864,1.738,0.281,610546719.000
0.046,-0.075,-0.063,1.923,1.755,0.280,610546820.000
0.048,-0.076,-0.063,1.902,1.766,0.290,610546920.000
0.053,-0.079,-0.063,1.901,1.765,0.281,610547019.000
0.051,-0.080,-0.070,1.866,1.729,0.262,610547119.000
0.046,-0.080,-0.068,1.879,1.762,0.262,610547220.000
0.046,-0.083,-0.060,1.878,1.787,0.281,610547320.000
0.049,-0.074,-0.068,1.904,1.725,0.298,610547419.000
0.049,-0.076,-0.065,1.902,1.734,0.289,610547519.000
0.051,-0.078,-0.063,1.867,1.753,0.271,610547621.000
0.049,-0.074,-0.065,1.904,1.758,0.299,610547721.000
0.049,-0.079,-0.068,1.887,1.750,0.280,610547821.000
0.051,-0.078,-0.063,1.867,1.753,0.299,610547920.000
0.051,-0.075,-0.068,1.883,1.737,0.280,610548021.000
0.051,-0.078,-0.065,1.867,1.721,0.271,610548121.000
0.048,-0.079,-0.060,1.832,1.750,0.280,610548221.000
0.049,-0.079,-0.063,1.873,1.742,0.253,610548321.000
0.049,-0.074,-0.058,1.862,1.734,0.271,610548420.000
0.046,-0.080,-0.065,1.838,1.770,0.289,610548520.000
0.046,-0.080,-0.060,1.851,1.763,0.289,610548620.000
0.048,-0.074,-0.063,1.862,1.766,0.271,610548720.000
0.051,-0.075,-0.065,1.883,1.769,0.281,610548820.000
0.051,-0.075,-0.065,1.855,1.769,0.280,610548920.000
0.051,-0.078,-0.063,1.853,1.729,0.271,610549020.000
0.049,-0.079,-0.068,1.819,1.725,0.307,610549120.000
0.044,-0.079,-0.065,1.818,1.783,0.307,610549220.000
0.046,-0.078,-0.065,1.839,1.746,0.270,610549320.000
0.051,-0.075,-0.065,1.827,1.720,0.280,610549421.000
0.044,-0.074,-0.063,1.861,1.791,0.270,610549521.000
0.046,-0.070,-0.053,1.829,1.714,0.297,610549620.000
0.049,-0.079,-0.058,1.831,1.734,0.280,610549720.000
0.049,-0.076,-0.060,1.861,1.726,0.289,610549821.000
0.044,-0.074,-0.060,1.861,1.678,0.297,610549920.000
0.047,-0.075,-0.065,1.841,1.673,0.279,610550020.000
0.047,-0.070,-0.058,1.939,1.650,0.270,610550121.000
0.044,-0.074,-0.065,1.889,1.662,0.297,610550220.000
0.047,-0.077,-0.065,1.867,1.601,0.297,610550321.000
0.042,-0.077,-0.063,1.880,1.635,0.297,610550421.000
0.047,-0.080,-0.063,1.865,1.561,0.288,610550521.000
0.036,-0.071,-0.055,1.903,1.504,0.304,610550621.000
0.041,-0.076,-0.068,1.929,1.461,0.314,610550720.000
0.041,-0.073,-0.063,1.958,1.308,0.322,610550820.000
0.035,-0.072,-0.058,2.005,1.291,0.312,610550920.000
0.029,-0.073,-0.056,2.010,1.046,0.319,610551020.000
0.023,-0.074,-0.070,2.058,0.890,0.326,610551120.000
0.013,-0.076,-0.066,2.117,0.607,0.332,610551220.000
0.008,-0.066,-0.066,2.183,0.184,0.374,610551321.000
-0.007,-0.070,-0.058,2.310,-0.137,0.398,610551420.000
-0.020,-0.063,-0.059,2.428,-0.677,0.429,610551521.000
-0.036,-0.068,-0.056,2.533,-1.124,0.462,610551621.000
-0.052,-0.057,-0.054,2.660,-1.740,0.464,610551721.000
-0.070,-0.055,-0.054,2.831,-2.303,0.532,610551821.000
-0.083,-0.051,-0.049,2.961,-2.924,0.526,610551921.000
-0.103,-0.048,-0.050,3.111,-3.523,0.584,610552021.000
-0.116,-0.051,-0.052,3.251,-4.144,0.578,610552120.000
-0.140,-0.041,-0.047,3.405,-4.774,0.634,610552220.000
-0.154,-0.039,-0.043,3.617,-5.418,0.675,610552320.000
-0.175,-0.037,-0.045,3.717,-6.110,0.658,610552421.000
-0.189,-0.035,-0.048,3.889,-6.683,0.726,610552521.000
-0.207,-0.031,-0.041,4.032,-7.366,0.719,610552621.000
-0.228,-0.027,-0.046,4.217,-8.017,0.795,610552720.000
-0.246,-0.020,-0.036,4.403,-8.668,0.825,610552820.000
-0.268,-0.018,-0.039,4.518,-9.336,0.863,610552921.000
-0.286,-0.022,-0.034,4.713,-9.979,0.913,610553021.000
-0.305,-0.013,-0.037,4.852,-10.635,0.905,610553120.000
-0.318,-0.004,-0.039,5.097,-11.353,1.000,610553220.000
-0.336,-0.007,-0.029,5.208,-11.931,0.994,610553320.000
-0.360,-0.002,-0.032,5.332,-12.610,1.060,610553420.000
-0.376,0.001,-0.032,5.537,-13.234,1.091,610553520.000
-0.393,0.003,-0.025,5.638,-13.918,1.129,610553620.000
-0.417,0.006,-0.026,5.829,-14.516,1.187,610553720.000
-0.435,0.011,-0.026,5.959,-15.176,1.207,610553820.000
-0.450,0.011,-0.026,6.136,-15.825,1.257,610553920.000
-0.470,0.017,-0.024,6.273,-16.488,1.268,610554020.000
-0.492,0.024,-0.024,6.488,-17.098,1.353,610554120.000
-0.508,0.027,-0.017,6.638,-17.770,1.356,610554221.000
-0.530,0.028,-0.024,6.795,-18.333,1.423,610554320.000
-0.547,0.033,-0.017,6.938,-18.968,1.444,610554420.000
-0.563,0.033,-0.015,7.032,-19.634,1.520,610554520.000
-0.585,0.032,-0.017,7.228,-20.227,1.523,610554620.000
-0.607,0.039,-0.010,7.345,-20.862,1.579,610554721.000
-0.622,0.045,-0.015,7.567,-21.503,1.620,610554821.000
-0.646,0.046,-0.016,7.674,-22.174,1.694,610554921.000
-0.655,0.050,-0.006,7.860,-22.754,1.717,610555021.000
-0.680,0.053,-0.004,8.009,-23.343,1.747,610555121.000
-0.697,0.052,-0.009,8.165,-23.923,1.806,610555221.000
-0.715,0.059,-0.012,8.297,-24.592,1.863,610555320.000
-0.724,0.063,0.001,8.483,-25.189,1.886,610555420.000
-0.753,0.064,-0.007,8.590,-25.786,1.960,610555520.000
-0.764,0.067,-0.010,8.755,-26.396,1.992,610555621.000
-0.792,0.070,-0.005,8.918,-27.097,2.048,610555720.000
-0.812,0.073,0.004,9.067,-27.663,2.078,610555821.000
-0.832,0.073,0.004,9.188,-28.335,2.154,610555920.000
-0.847,0.082,0.001,9.411,-28.967,2.203,610556020.000
-0.871,0.087,0.006,9.547,-29.621,2.214,610556120.000
-0.891,0.080,0.008,9.651,-30.260,2.317,610556220.000
-0.913,0.092,0.013,9.882,-30.927,2.365,610556320.000
-0.933,0.093,0.005,10.045,-31.575,2.414,610556420.000
-0.951,0.097,0.015,10.133,-32.178,2.462,610556520.000
-0.972,0.102,0.012,10.374,-32.893,2.538,610556620.000
-0.994,0.101,0.012,10.501,-33.528,2.567,610556720.000
-1.016,0.105,0.009,10.673,-34.268,2.642,610556820.000
-1.040,0.113,0.016,10.866,-34.913,2.718,610556921.000
-1.057,0.110,0.011,11.007,-35.590,2.766,610557020.000
-1.077,0.116,0.021,11.185,-36.277,2.805,610557120.000
-1.101,0.119,0.018,11.322,-36.956,2.889,610557221.000
-1.123,0.123,0.020,11.506,-37.655,2.937,610557320.000
-1.145,0.128,0.020,11.664,-38.290,3.013,610557421.000
-1.169,0.128,0.027,11.798,-38.911,3.061,610557520.000
-1.184,0.142,0.017,12.024,-39.593,3.100,610557620.000
-1.208,0.129,0.029,12.137,-40.294,3.185,610557721.000
-1.232,0.143,0.029,12.306,-40.989,3.222,610557820.000
-1.254,0.145,0.033,12.517,-41.631,3.289,610557920.000
-1.278,0.148,0.023,12.613,-42.287,3.346,610558020.000
-1.300,0.152,0.033,12.839,-43.058,3.421,610558120.000
-1.324,0.153,0.027,13.029,-43.745,3.496,610558220.000
-1.339,0.158,0.037,13.153,-44.457,3.535,610558321.000
-1.363,0.154,0.037,13.312,-45.079,3.620,610558420.000
-1.387,0.165,0.034,13.480,-45.831,3.648,610558520.000
-1.417,0.167,0.041,13.717,-46.583,3.741,610558620.000
-1.435,0.168,0.036,13.820,-47.236,3.808,610558720.000
-1.452,0.170,0.048,13.989,-47.927,3.875,610558820.000
-1.485,0.179,0.040,14.197,-48.596,3.949,610558920.000
-1.502,0.181,0.049,14.353,-49.295,4.015,610559020.000
-1.526,0.186,0.047,14.546,-49.998,4.109,610559120.000
-1.550,0.187,0.054,14.749,-50.740,4.156,610559220.000
-1.572,0.189,0.043,14.837,-51.458,4.222,610559320.000
-1.598,0.193,0.056,15.034,-52.122,4.269,610559420.000
-1.626,0.201,0.053,15.228,-52.824,4.371,610559520.000
-1.639,0.201,0.055,15.384,-53.525,4.402,610559620.000
-1.669,0.203,0.057,15.608,-54.270,4.494,610559721.000
-1.687,0.207,0.059,15.752,-55.019,4.542,610559820.000
-1.717,0.209,0.064,15.894,-55.683,4.662,610559920.000
-1.739,0.211,0.068,16.008,-56.350,4.728,610560020.000
-1.761,0.221,0.070,16.279,-57.000,4.823,610560121.000
-1.763,0.224,0.071,16.093,-57.062,4.710,610560221.000
-1.789,0.224,0.068,16.359,-57.703,4.823,610560320.000
-1.819,0.228,0.060,16.529,-58.505,4.841,610560419.000
-1.830,0.223,0.072,16.648,-59.162,4.927,610560519.000
-1.865,0.230,0.077,16.819,-59.946,4.982,610560619.000
-1.886,0.235,0.069,17.033,-60.630,5.057,610560720.000
-1.910,0.240,0.071,17.183,-61.389,5.067,610560821.000
-1.930,0.244,0.083,17.402,-62.043,5.208,610560919.000
-1.960,0.246,0.078,17.516,-62.790,5.272,610561020.000
-1.978,0.245,0.080,17.686,-63.393,5.331,610561119.000
-2.010,0.253,0.080,17.878,-64.182,5.376,610561219.000
-2.028,0.255,0.092,18.007,-64.849,5.470,610561320.000
-2.054,0.262,0.084,18.235,-65.508,5.555,610561419.000
-2.076,0.261,0.091,18.389,-66.287,5.611,610561520.000
-2.104,0.267,0.088,18.526,-66.916,5.677,610561619.000
-2.126,0.269,0.095,18.710,-67.623,5.743,610561720.000
-2.156,0.273,0.087,18.894,-68.304,5.789,610561819.000
-2.174,0.275,0.100,19.064,-68.995,5.856,610561919.000
-2.197,0.278,0.097,19.187,-69.699,5.940,610562020.000
-2.222,0.284,0.099,19.338,-70.264,6.007,610562119.000
-2.244,0.283,0.106,19.464,-70.801,6.037,610562220.000
-2.241,0.287,0.103,19.529,-71.016,6.091,610562320.000
-2.249,0.285,0.103,19.540,-71.159,6.080,610562420.000
-2.248,0.286,0.103,19.534,-71.050,6.072,610562519.000
-2.240,0.283,0.101,19.452,-70.722,6.038,610562619.000
-2.230,0.284,0.104,19.405,-70.463,6.032,610562720.000
-2.222,0.284,0.104,19.379,-70.223,6.035,610562819.000
-2.214,0.281,0.101,19.282,-70.016,6.000,610562920.000
-2.208,0.280,0.099,19.248,-69.796,5.957,610563020.000
-2.202,0.278,0.099,19.173,-69.617,5.968,610563119.000
-2.194,0.271,0.094,19.074,-69.442,5.970,610563219.000
-2.190,0.278,0.097,19.133,-69.265,5.944,610563319.000
-2.184,0.274,0.099,19.043,-69.102,5.974,610563419.000
-2.182,0.273,0.094,19.007,-68.937,5.901,610563519.000
-2.174,0.275,0.097,18.996,-68.811,5.913,610563619.000
-2.174,0.275,0.089,18.941,-68.618,5.886,610563719.000
-2.168,0.271,0.097,18.905,-68.486,5.888,610563819.000
-2.160,0.271,0.097,18.879,-68.391,5.890,610563919.000
-2.158,0.270,0.095,18.830,-68.219,5.845,610564020.000
-2.154,0.267,0.095,18.816,-68.099,5.865,610564120.000
-2.150,0.269,0.095,18.776,-67.979,5.848,610564220.000
-2.146,0.264,0.095,18.747,-67.859,5.858,610564319.000
-2.145,0.270,0.097,18.798,-67.718,5.814,610564420.000
-2.138,0.269,0.092,18.737,-67.628,5.824,610564519.000
-2.137,0.270,0.097,18.675,-67.503,5.816,610564620.000
-2.130,0.272,0.095,18.725,-67.404,5.809,610564719.000
-2.129,0.268,0.095,18.648,-67.320,5.781,610564820.000
-2.125,0.265,0.092,18.620,-67.208,5.801,610564920.000
-2.123,0.266,0.092,18.586,-67.100,5.793,610565019.000
-2.121,0.262,0.095,18.563,-66.983,5.766,610565121.000
-2.117,0.260,0.090,18.508,-66.904,5.758,610565220.000
-2.115,0.261,0.088,18.502,-66.829,5.750,610565320.000
-2.111,0.263,0.088,18.490,-66.709,5.733,610565420.000
-2.107,0.263,0.095,18.462,-66.637,5.734,610565520.000
-2.105,0.262,0.088,18.428,-66.505,5.744,610565621.000
-2.103,0.260,0.085,18.421,-66.405,5.726,610565720.000
-2.099,0.260,0.090,18.408,-66.341,5.728,610565820.000
-2.095,0.258,0.093,18.379,-66.261,5.719,610565921.000
-2.091,0.258,0.091,18.366,-66.198,5.693,610566021.000
-2.089,0.254,0.085,18.289,-66.083,5.721,610566120.000
-2.091,0.258,0.090,18.338,-66.004,5.694,610566220.000
-2.089,0.259,0.086,18.305,-65.913,5.686,610566320.000
-2.085,0.259,0.088,18.320,-65.833,5.687,610566421.000
-2.083,0.263,0.091,18.315,-65.765,5.688,610566520.000
-2.077,0.256,0.088,18.264,-65.714,5.652,610566621.000
-2.079,0.260,0.081,18.259,-65.606,5.652,610566720.000
-2.073,0.256,0.086,18.210,-65.530,5.653,610566821.000
-2.073,0.256,0.083,18.182,-65.466,5.654,610566921.000
-2.069,0.256,0.083,18.183,-65.395,5.655,610567020.000
-2.067,0.257,0.088,18.176,-65.318,5.619,610567121.000
-2.061,0.256,0.086,18.169,-65.292,5.602,610567220.000
-2.063,0.254,0.091,18.120,-65.190,5.611,610567321.000
-2.059,0.254,0.088,18.108,-65.127,5.640,610567421.000
-2.059,0.252,0.091,18.078,-65.070,5.603,610567521.000
-2.057,0.253,0.086,18.072,-64.978,5.595,610567621.000
-2.053,0.258,0.091,18.103,-64.939,5.586,610567720.000
-2.049,0.253,0.089,18.073,-64.851,5.569,610567821.000
-2.051,0.251,0.081,18.038,-64.791,5.578,610567921.000
-2.050,0.250,0.084,17.990,-64.699,5.588,610568020.000
-2.050,0.253,0.089,18.004,-64.634,5.571,610568121.000
-2.046,0.247,0.084,17.961,-64.603,5.553,610568221.000
-2.041,0.250,0.079,17.950,-64.549,5.563,610568320.000
-2.046,0.250,0.086,17.935,-64.450,5.563,610568421.000
-2.042,0.250,0.084,17.936,-64.411,5.564,610568520.000
-2.038,0.252,0.091,17.951,-64.339,5.574,610568620.000
-2.036,0.251,0.091,17.916,-64.303,5.556,610568720.000
-2.034,0.252,0.086,17.952,-64.235,5.548,610568820.000
-2.032,0.246,0.086,17.900,-64.175,5.540,610568920.000
-2.034,0.250,0.081,17.882,-64.107,5.539,610569020.000
-2.030,0.255,0.084,17.912,-64.100,5.531,610569120.000
-2.026,0.252,0.086,17.857,-64.020,5.550,610569220.000
-2.028,0.253,0.089,17.877,-63.950,5.514,610569321.000
-2.024,0.248,0.081,17.821,-63.880,5.524,610569420.000
-2.020,0.253,0.089,17.851,-63.856,5.515,610569520.000
-2.020,0.248,0.091,17.793,-63.824,5.525,610569620.000
-2.018,0.249,0.086,17.801,-63.756,5.516,610569720.000
-2.016,0.245,0.086,17.792,-63.696,5.517,610569820.000
-2.014,0.249,0.089,17.774,-63.652,5.518,610569920.000
-2.016,0.245,0.082,17.751,-63.592,5.490,610570020.000
-2.014,0.247,0.079,17.718,-63.565,5.481,610570121.000
-2.012,0.248,0.082,17.739,-63.520,5.472,610570220.000
-2.010,0.246,0.084,17.732,-63.452,5.483,610570321.000
-2.008,0.250,0.082,17.741,-63.425,5.455,610570420.000
-2.008,0.245,0.082,17.697,-63.352,5.465,610570521.000
-2.006,0.244,0.079,17.704,-63.325,5.475,610570620.000
-2.002,0.244,0.082,17.677,-63.269,5.476,610570720.000
-2.002,0.246,0.084,17.678,-63.213,5.485,610570821.000
-2.000,0.242,0.092,17.641,-63.152,5.486,610570920.000
-2.002,0.246,0.087,17.691,-63.107,5.459,610571020.000
-2.000,0.248,0.084,17.645,-63.104,5.477,610571120.000
-1.994,0.246,0.077,17.652,-63.070,5.460,610571221.000
-1.998,0.244,0.087,17.608,-62.963,5.478,610571321.000
-1.992,0.242,0.082,17.629,-62.921,5.434,610571420.000
-1.992,0.242,0.087,17.601,-62.904,5.434,610571520.000
-1.994,0.241,0.079,17.566,-62.844,5.415,610571621.000
-1.995,0.241,0.082,17.552,-62.788,5.443,610571721.000
-1.990,0.243,0.084,17.582,-62.756,5.426,610571820.000
-1.988,0.239,0.077,17.560,-62.721,5.426,610571921.000
-1.988,0.247,0.082,17.564,-62.680,5.426,610572021.000
-1.989,0.242,0.084,17.533,-62.599,5.436,610572120.000
-1.982,0.241,0.087,17.512,-62.581,5.419,610572220.000
-1.980,0.242,0.077,17.507,-62.554,5.410,610572320.000
-1.982,0.238,0.080,17.484,-62.509,5.410,610572421.000
-1.983,0.241,0.084,17.485,-62.468,5.419,610572520.000
-1.978,0.238,0.082,17.471,-62.429,5.411,610572620.000
-1.976,0.242,0.085,17.480,-62.385,5.411,610572721.000
-1.976,0.242,0.085,17.452,-62.337,5.412,610572820.000
-1.979,0.243,0.082,17.473,-62.284,5.403,610572920.000
-1.977,0.244,0.077,17.495,-62.240,5.366,610573021.000
-1.972,0.242,0.077,17.439,-62.242,5.385,610573120.000
-1.975,0.240,0.080,17.418,-62.173,5.394,610573220.000
-1.968,0.244,0.077,17.441,-62.146,5.368,610573320.000
-1.968,0.239,0.077,17.397,-62.122,5.377,610573420.000
-1.964,0.239,0.080,17.397,-62.115,5.378,610573520.000
-1.966,0.240,0.072,17.391,-62.030,5.341,610573621.000
-1.967,0.240,0.085,17.404,-61.989,5.369,610573721.000
-1.967,0.235,0.085,17.332,-61.965,5.351,610573821.000
-1.969,0.239,0.075,17.370,-61.912,5.351,610573921.000
-1.963,0.240,0.080,17.350,-61.886,5.343,610574021.000
-1.961,0.239,0.082,17.384,-61.841,5.353,610574120.000
-1.961,0.239,0.080,17.357,-61.826,5.353,610574221.000
-1.959,0.237,0.077,17.322,-61.774,5.335,610574321.000
-1.959,0.240,0.080,17.309,-61.742,5.344,610574421.000
-1.959,0.237,0.085,17.322,-61.677,5.363,610574520.000
-1.955,0.232,0.075,17.265,-61.687,5.345,610574620.000
-1.955,0.235,0.075,17.280,-61.638,5.327,610574721.000
-1.953,0.236,0.075,17.260,-61.603,5.318,610574821.000
-1.953,0.236,0.077,17.260,-61.570,5.319,610574920.000
-1.953,0.241,0.085,17.317,-61.521,5.310,610575020.000
-1.949,0.236,0.078,17.233,-61.499,5.292,610575120.000
-1.953,0.241,0.080,17.290,-61.441,5.310,610575221.000
-1.953,0.236,0.080,17.260,-61.392,5.320,610575320.000
-1.945,0.236,0.082,17.206,-61.411,5.321,610575421.000
-1.947,0.234,0.075,17.212,-61.375,5.302,610575521.000
-1.947,0.232,0.075,17.183,-61.302,5.293,610575620.000
-1.943,0.240,0.083,17.229,-61.278,5.322,610575720.000
-1.943,0.232,0.078,17.183,-61.246,5.295,610575820.000
-1.941,0.233,0.075,17.191,-61.195,5.286,610575920.000
-1.941,0.233,0.080,17.205,-61.202,5.286,610576020.000
-1.939,0.237,0.080,17.159,-61.143,5.314,610576120.000
-1.937,0.233,0.075,17.164,-61.123,5.287,610576221.000
-1.937,0.233,0.080,17.150,-61.083,5.287,610576320.000
-1.937,0.233,0.075,17.178,-61.051,5.288,610576421.000
-1.933,0.233,0.078,17.164,-61.068,5.260,610576520.000
-1.933,0.238,0.078,17.168,-61.020,5.279,610576620.000
-1.933,0.233,0.080,17.123,-60.963,5.289,610576720.000
-1.931,0.234,0.083,17.145,-60.967,5.280,610576821.000
-1.933,0.235,0.075,17.139,-60.882,5.271,610576921.000
-1.931,0.234,0.075,17.118,-60.871,5.280,610577020.000
-1.931,0.234,0.078,17.132,-60.814,5.281,610577121.000
-1.933,0.235,0.078,17.125,-60.777,5.244,610577220.000
-1.927,0.234,0.078,17.104,-60.743,5.254,610577320.000
-1.920,0.228,0.075,17.053,-60.789,5.245,610577420.000
-1.925,0.233,0.078,17.069,-60.707,5.236,610577521.000
-1.925,0.228,0.078,17.026,-60.683,5.273,610577620.000
-1.923,0.229,0.083,17.033,-60.631,5.237,610577720.000
-1.921,0.235,0.083,17.085,-60.619,5.247,610577821.000
-1.923,0.229,0.080,17.033,-60.566,5.265,610577920.000
-1.923,0.234,0.083,17.063,-60.534,5.256,610578021.000
-1.921,0.232,0.083,17.056,-60.498,5.238,610578120.000
-1.917,0.230,0.078,17.000,-60.516,5.229,610578221.000
-1.921,0.232,0.080,17.001,-60.434,5.238,610578320.000
-1.921,0.230,0.080,17.027,-60.409,5.230,610578420.000
-1.913,0.230,0.076,17.001,-60.429,5.230,610578520.000
-1.915,0.226,0.076,16.964,-60.392,5.203,610578620.000
-1.917,0.230,0.080,16.959,-60.314,5.230,610578720.000
-1.911,0.234,0.078,17.010,-60.336,5.231,610578820.000
-1.915,0.226,0.075,16.937,-60.295,5.231,610578921.000
-1.911,0.234,0.083,16.996,-60.247,5.232,610579020.000
-1.911,0.231,0.081,16.967,-60.207,5.223,610579120.000
-1.907,0.228,0.073,16.939,-60.209,5.214,610579221.000
-1.909,0.230,0.076,16.933,-60.188,5.232,610579320.000
-1.907,0.231,0.076,16.954,-60.128,5.196,610579421.000
-1.907,0.228,0.081,16.925,-60.136,5.215,610579520.000
-1.907,0.228,0.073,16.926,-60.088,5.215,610579621.000
-1.903,0.226,0.078,16.910,-60.097,5.206,610579720.000
-1.903,0.226,0.078,16.911,-60.048,5.207,610579820.000
-1.903,0.228,0.081,16.912,-60.040,5.216,610579921.000
-1.901,0.232,0.076,16.921,-59.997,5.189,610580021.000
-1.903,0.231,0.078,16.927,-59.976,5.198,610580120.000
-1.903,0.228,0.078,16.871,-59.952,5.216,610580221.000
-1.901,0.227,0.081,16.863,-59.932,5.198,610580320.000
-1.901,0.229,0.076,16.865,-59.876,5.180,610580420.000
-1.901,0.227,0.081,16.863,-59.835,5.199,610580520.000
-1.904,0.231,0.081,16.886,-59.822,5.199,610580620.000
-1.897,0.227,0.076,16.864,-59.828,5.172,610580720.000
-1.902,0.229,0.078,16.878,-59.770,5.181,610580821.000
-1.895,0.226,0.081,16.829,-59.776,5.182,610580920.000
-1.900,0.228,0.081,16.857,-59.726,5.163,610581020.000
-1.897,0.224,0.078,16.821,-59.699,5.164,610581120.000
-1.891,0.228,0.066,16.832,-59.730,5.164,610581221.000
-1.893,0.224,0.078,16.794,-59.676,5.164,610581320.000
-1.893,0.227,0.078,16.823,-59.652,5.174,610581420.000
-1.891,0.225,0.083,16.801,-59.672,5.155,610581520.000
-1.891,0.225,0.073,16.802,-59.609,5.156,610581621.000
-1.891,0.223,0.076,16.787,-59.576,5.175,610581720.000
-1.891,0.225,0.076,16.774,-59.528,5.156,610581821.000
-1.889,0.227,0.073,16.768,-59.549,5.147,610581921.000
-1.887,0.225,0.076,16.788,-59.480,5.130,610582021.000
-1.889,0.227,0.076,16.782,-59.492,5.148,610582120.000
-1.887,0.225,0.076,16.747,-59.457,5.157,610582220.000
-1.885,0.224,0.081,16.767,-59.452,5.139,610582321.000
-1.888,0.228,0.078,16.790,-59.375,5.167,610582421.000
-1.883,0.225,0.076,16.762,-59.409,5.158,610582521.000
-1.881,0.221,0.073,16.712,-59.406,5.158,610582622.000
-1.888,0.225,0.073,16.734,-59.319,5.130,610582722.000
-1.886,0.221,0.076,16.711,-59.300,5.131,610582822.000
-1.881,0.224,0.071,16.713,-59.269,5.113,610582921.000
-1.881,0.224,0.076,16.713,-59.252,5.141,610583021.000
-1.881,0.226,0.076,16.756,-59.252,5.123,610583121.000
-1.882,0.226,0.076,16.700,-59.204,5.123,610583221.000
-1.879,0.225,0.071,16.693,-59.185,5.105,610583322.000
-1.875,0.225,0.074,16.694,-59.178,5.133,610583422.000
-1.880,0.222,0.066,16.692,-59.129,5.096,610583522.000
-1.875,0.225,0.076,16.708,-59.121,5.134,610583621.000
-1.876,0.222,0.079,16.692,-59.088,5.125,610583721.000
-1.878,0.221,0.081,16.670,-59.067,5.106,610583822.000
-1.873,0.226,0.074,16.688,-59.070,5.125,610583921.000
-1.878,0.224,0.074,16.686,-59.020,5.116,610584022.000
-1.871,0.225,0.074,16.667,-59.010,5.107,610584121.000
-1.874,0.224,0.083,16.645,-58.988,5.116,610584222.000
-1.874,0.221,0.071,16.644,-58.981,5.107,610584322.000
-1.871,0.227,0.074,16.654,-58.961,5.089,610584421.000
-1.872,0.222,0.076,16.624,-58.929,5.098,610584522.000
-1.872,0.222,0.071,16.597,-58.897,5.098,610584622.000
-1.872,0.225,0.069,16.667,-58.881,5.108,610584721.000
-1.870,0.226,0.079,16.661,-58.836,5.100,610584822.000
-1.865,0.223,0.081,16.604,-58.854,5.091,610584921.000
-1.870,0.223,0.076,16.646,-58.820,5.090,610585022.000
-1.870,0.218,0.079,16.574,-58.764,5.100,610585120.000
-1.868,0.222,0.071,16.611,-58.753,5.100,610585222.000
-1.866,0.226,0.076,16.579,-58.749,5.100,610585322.000
-1.870,0.223,0.079,16.618,-58.691,5.064,610585421.000
-1.866,0.223,0.074,16.591,-58.733,5.091,610585522.000
-1.866,0.221,0.071,16.535,-58.693,5.082,610585622.000
-1.861,0.221,0.071,16.577,-58.694,5.083,610585721.000
-1.862,0.223,0.069,16.606,-58.654,5.065,610585821.000
-1.864,0.222,0.074,16.556,-58.601,5.074,610585920.000
-1.862,0.218,0.081,16.547,-58.637,5.074,610586021.000
-1.864,0.219,0.074,16.541,-58.601,5.065,610586122.000
-1.860,0.217,0.074,16.513,-58.553,5.056,610586221.000
-1.860,0.217,0.076,16.526,-58.545,5.057,610586321.000
-1.856,0.224,0.074,16.600,-58.506,5.058,610586420.000
-1.860,0.217,0.071,16.513,-58.489,5.057,610586520.000
-1.856,0.222,0.081,16.543,-58.481,5.076,610586620.000
-1.858,0.215,0.071,16.492,-58.478,5.066,610586721.000
-1.856,0.222,0.071,16.530,-58.442,5.049,610586820.000
-1.858,0.220,0.079,16.535,-58.404,5.058,610586921.000
-1.858,0.223,0.076,16.537,-58.412,5.039,610587020.000
-1.856,0.222,0.074,16.530,-58.409,5.049,610587120.000
-1.858,0.223,0.076,16.523,-58.340,5.040,610587220.000
-1.854,0.221,0.071,16.495,-58.358,5.059,610587320.000
-1.856,0.219,0.064,16.474,-58.322,5.040,610587420.000
-1.850,0.218,0.074,16.480,-58.302,5.050,610587521.000
-1.850,0.220,0.074,16.509,-58.278,5.032,610587620.000
-1.850,0.215,0.076,16.479,-58.245,5.042,610587720.000
-1.852,0.219,0.071,16.474,-58.249,5.069,610587821.000
-1.852,0.216,0.071,16.473,-58.225,5.032,610587921.000
-1.848,0.219,0.076,16.474,-58.210,5.042,610588020.000
-1.850,0.218,0.071,16.439,-58.214,5.023,610588121.000
-1.850,0.215,0.076,16.424,-58.197,5.069,610588220.000
-1.848,0.222,0.077,16.489,-58.161,5.024,610588320.000
-1.846,0.220,0.064,16.441,-58.167,5.005,610588421.000
-1.846,0.215,0.072,16.424,-58.142,5.015,610588520.000
-1.848,0.221,0.072,16.462,-58.081,5.024,610588620.000
-1.842,0.223,0.081,16.470,-58.086,5.044,610588721.000
-1.846,0.220,0.069,16.455,-58.078,5.006,610588820.000
-1.840,0.216,0.074,16.419,-58.075,5.035,610588920.000
-1.844,0.219,0.072,16.434,-58.034,5.016,610589020.000
-1.842,0.220,0.074,16.414,-58.014,5.035,610589120.000
-1.838,0.218,0.072,16.427,-58.023,4.999,610589221.000
-1.840,0.219,0.079,16.392,-57.986,5.017,610589320.000
-1.844,0.219,0.072,16.420,-57.961,5.017,610589420.000
-1.840,0.211,0.069,16.347,-57.971,4.989,610589520.000
-1.840,0.219,0.069,16.407,-57.947,5.017,610589621.000
-1.840,0.216,0.077,16.377,-57.873,5.008,610589721.000
-1.838,0.218,0.074,16.399,-57.894,5.027,610589820.000
-1.838,0.215,0.072,16.356,-57.878,4.990,610589921.000
-1.840,0.216,0.086,16.377,-57.840,5.036,610590020.000
-1.836,0.219,0.072,16.380,-57.843,5.018,610590121.000
-1.836,0.219,0.072,16.394,-57.818,5.019,610590221.000
-1.836,0.219,0.064,16.353,-57.844,4.990,610590321.000
-1.836,0.216,0.069,16.351,-57.803,4.982,610590421.000
-1.838,0.217,0.077,16.371,-57.765,5.000,610590520.000
-1.836,0.216,0.077,16.392,-57.729,4.983,610590621.000
-1.834,0.215,0.069,16.316,-57.767,4.991,610590720.000
-1.834,0.217,0.081,16.345,-57.726,5.029,610590821.000
-1.834,0.215,0.069,16.316,-57.719,4.992,610590920.000
-1.832,0.216,0.074,16.323,-57.715,4.983,610591020.000
-1.830,0.215,0.072,16.344,-57.663,4.993,610591121.000
-1.828,0.216,0.069,16.352,-57.660,4.984,610591220.000
-1.830,0.217,0.077,16.331,-57.646,5.002,610591321.000
-1.834,0.220,0.072,16.332,-57.613,4.983,610591420.000
-1.828,0.216,0.069,16.338,-57.587,4.985,610591521.000
-1.830,0.215,0.074,16.302,-57.606,4.965,610591621.000
-1.830,0.215,0.072,16.302,-57.590,4.966,610591720.000
-1.828,0.219,0.077,16.312,-57.562,4.994,610591820.000
-1.828,0.213,0.074,16.282,-57.547,5.003,610591920.000
-1.828,0.213,0.082,16.295,-57.521,5.003,610592020.000
-1.830,0.215,0.067,16.289,-57.486,4.994,610592121.000
-1.826,0.217,0.067,16.305,-57.511,4.976,610592221.000
-1.828,0.216,0.074,16.269,-57.450,4.985,610592321.000
-1.824,0.213,0.069,16.255,-57.492,4.976,610592420.000
-1.828,0.216,0.069,16.269,-57.418,4.958,610592521.000
-1.824,0.219,0.077,16.285,-57.443,4.995,610592620.000
-1.826,0.215,0.069,16.248,-57.406,4.967,610592720.000
-1.824,0.211,0.072,16.239,-57.411,4.940,610592821.000
-1.822,0.217,0.077,16.291,-57.382,4.950,610592920.000
-1.824,0.218,0.064,16.271,-57.339,4.940,610593021.000
-1.824,0.216,0.077,16.255,-57.321,4.959,610593121.000
-1.820,0.216,0.079,16.270,-57.338,4.960,610593221.000
-1.820,0.216,0.072,16.243,-57.339,4.959,610593320.000
-1.820,0.216,0.072,16.284,-57.315,4.960,610593420.000
-1.820,0.216,0.074,16.242,-57.307,4.960,610593520.000
-1.822,0.217,0.077,16.249,-57.262,4.950,610593620.000
-1.820,0.213,0.077,16.227,-57.274,4.951,610593720.000
-1.818,0.214,0.072,16.208,-57.255,4.942,610593820.000
-1.818,0.212,0.069,16.220,-57.239,4.960,610593921.000
-1.820,0.211,0.072,16.185,-57.243,4.941,610594020.000
-1.820,0.213,0.067,16.200,-57.211,4.923,610594120.000
-1.818,0.217,0.069,16.223,-57.191,4.924,610594220.000
-1.818,0.217,0.069,16.209,-57.167,4.951,610594321.000
-1.816,0.210,0.082,16.184,-57.186,4.915,610594421.000
-1.816,0.216,0.069,16.216,-57.155,4.933,610594521.000
-1.816,0.213,0.072,16.186,-57.147,4.924,610594620.000
-1.814,0.212,0.069,16.166,-57.120,4.934,610594720.000
-1.814,0.212,0.069,16.166,-57.120,4.934,610594821.000
-1.812,0.213,0.070,16.187,-57.108,4.925,610594920.000
-1.814,0.212,0.074,16.151,-57.079,4.934,610595020.000
-1.814,0.214,0.072,16.180,-57.087,4.916,610595120.000
-1.812,0.216,0.074,16.216,-57.067,4.935,610595220.000
-1.814,0.214,0.069,16.153,-57.023,4.916,610595320.000
-1.810,0.217,0.075,16.196,-57.031,4.926,610595421.000
-1.810,0.212,0.070,16.166,-57.000,4.908,610595520.000
-1.808,0.213,0.070,16.174,-57.012,4.926,610595620.000
-1.808,0.216,0.070,16.176,-56.988,4.936,610595720.000
-1.810,0.212,0.072,16.180,-56.991,4.908,610595821.000
-1.806,0.217,0.075,16.197,-56.960,4.927,610595921.000
-1.812,0.215,0.070,16.147,-56.914,4.908,610596020.000
-1.813,0.213,0.067,16.132,-56.899,4.926,610596120.000
-1.810,0.211,0.077,16.124,-56.878,4.908,610596221.000
-1.808,0.213,0.070,16.160,-56.891,4.900,610596321.000
-1.808,0.213,0.070,16.132,-56.891,4.899,610596421.000
-1.808,0.208,0.075,16.088,-56.851,4.881,610596520.000
-1.808,0.215,0.075,16.134,-56.851,4.909,610596620.000
-1.808,0.213,0.065,16.133,-56.811,4.900,610596720.000
-1.802,0.214,0.070,16.127,-56.857,4.891,610596820.000
-1.809,0.215,0.077,16.161,-56.769,4.910,610596920.000
-1.806,0.214,0.082,16.140,-56.790,4.919,610597020.000
-1.802,0.214,0.070,16.113,-56.784,4.892,610597120.000
-1.806,0.211,0.072,16.070,-56.775,4.882,610597221.000
-1.804,0.210,0.067,16.090,-56.756,4.892,610597320.000
-1.807,0.211,0.067,16.084,-56.719,4.882,610597421.000
-1.804,0.215,0.072,16.107,-56.715,4.910,610597520.000
-1.802,0.214,0.077,16.113,-56.687,4.893,610597621.000
-1.798,0.217,0.067,16.115,-56.721,4.874,610597720.000
-1.802,0.211,0.075,16.070,-56.671,4.883,610597820.000
-1.805,0.207,0.072,16.047,-56.642,4.883,610597920.000
-1.802,0.211,0.077,16.084,-56.662,4.883,610598020.000
-1.796,0.207,0.070,16.049,-56.677,4.884,610598121.000
-1.800,0.210,0.075,16.077,-56.659,4.893,610598221.000
-1.800,0.215,0.062,16.108,-56.628,4.856,610598320.000
-1.803,0.214,0.070,16.086,-56.590,4.865,610598420.000
-1.796,0.210,0.072,16.077,-56.620,4.866,610598520.000
-1.796,0.213,0.075,16.092,-56.588,4.876,610598621.000
-1.796,0.210,0.072,16.077,-56.572,4.867,610598720.000
-1.799,0.211,0.077,16.071,-56.518,4.885,610598820.000
-1.794,0.209,0.067,16.029,-56.577,4.848,610598920.000
-1.799,0.206,0.072,16.027,-56.511,4.867,610599020.000
-1.796,0.207,0.072,16.007,-56.524,4.885,610599120.000
-1.799,0.211,0.070,16.057,-56.495,4.857,610599221.000
-1.794,0.209,0.065,16.015,-56.489,4.849,610599321.000
-1.796,0.212,0.070,16.051,-56.483,4.876,610599420.000
-1.792,0.210,0.070,16.023,-56.485,4.867,610599520.000
-1.794,0.209,0.075,16.015,-56.455,4.877,610599621.000
-1.795,0.211,0.072,16.044,-56.415,4.859,610599720.000
-1.792,0.207,0.077,15.994,-56.412,4.886,610599821.000
-1.797,0.212,0.072,16.023,-56.403,4.849,610599921.000
-1.795,0.208,0.065,16.002,-56.368,4.849,610600020.000
-1.790,0.211,0.070,16.017,-56.376,4.887,610600122.000
-1.795,0.214,0.072,16.045,-56.342,4.868,610600221.000
-1.793,0.207,0.072,16.008,-56.355,4.859,610600321.000
-1.795,0.206,0.072,15.958,-56.319,4.840,610600422.000
-1.793,0.210,0.070,16.009,-56.315,4.869,610600521.000
-1.791,0.211,0.075,16.017,-56.311,4.860,610600622.000
-1.790,0.211,0.070,15.990,-56.328,4.859,610600721.000
-1.788,0.210,0.072,16.009,-56.308,4.842,610600822.000
-1.786,0.211,0.080,15.948,-56.296,4.832,610600921.000
-1.788,0.210,0.077,15.968,-56.267,4.842,610601021.000
-1.789,0.210,0.080,15.968,-56.235,4.842,610601122.000
-1.782,0.206,0.075,15.933,-56.266,4.870,610601222.000
-1.786,0.206,0.072,15.932,-56.224,4.842,610601322.000
-1.789,0.207,0.072,15.939,-56.211,4.833,610601422.000
-1.784,0.210,0.075,15.955,-56.204,4.843,610601521.000
-1.787,0.211,0.072,15.962,-56.176,4.833,610601621.000
-1.785,0.207,0.077,15.926,-56.148,4.861,610601721.000
-1.782,0.206,0.070,15.933,-56.185,4.843,610601822.000
-1.787,0.211,0.082,15.989,-56.142,4.834,610601921.000
-1.782,0.208,0.075,15.961,-56.144,4.853,610602022.000
-1.780,0.210,0.077,15.955,-56.149,4.844,610602122.000
-1.785,0.207,0.072,15.940,-56.091,4.834,610602221.000
-1.780,0.207,0.072,15.927,-56.093,4.835,610602321.000
-1.785,0.209,0.075,15.941,-56.083,4.816,610602422.000
-1.785,0.210,0.072,15.941,-56.067,4.844,610602522.000
-1.780,0.210,0.072,15.928,-56.069,4.816,610602621.000
-1.783,0.206,0.077,15.904,-56.039,4.816,610602722.000
-1.778,0.211,0.075,15.949,-56.024,4.836,610602822.000
-1.781,0.212,0.073,15.971,-56.020,4.826,610602921.000
-1.781,0.207,0.072,15.899,-55.996,4.835,610603021.000
-1.781,0.209,0.075,15.900,-55.988,4.817,610603122.000
-1.781,0.207,0.075,15.885,-55.988,4.835,610603221.000
-1.778,0.206,0.072,15.905,-55.984,4.817,610603321.000
-1.776,0.207,0.070,15.899,-55.957,4.809,610603421.000
-1.776,0.204,0.077,15.856,-55.957,4.799,610603522.000
-1.774,0.211,0.078,15.908,-55.945,4.809,610603621.000
-1.779,0.211,0.072,15.880,-55.936,4.808,610603721.000
-1.779,0.206,0.070,15.892,-55.896,4.818,610603822.000
-1.777,0.204,0.073,15.870,-55.900,4.800,610603922.000
-1.777,0.207,0.073,15.872,-55.876,4.809,610604021.000
-1.772,0.209,0.078,15.914,-55.885,4.791,610604122.000
-1.772,0.209,0.077,15.887,-55.885,4.819,610604222.000
-1.777,0.207,0.077,15.858,-55.835,4.809,610604322.000
-1.775,0.205,0.068,15.865,-55.857,4.791,610604422.000
-1.775,0.206,0.072,15.865,-55.840,4.819,610604522.000
-1.770,0.205,0.075,15.892,-55.833,4.792,610604621.000
-1.773,0.209,0.075,15.901,-55.796,4.792,610604722.000
-1.773,0.207,0.068,15.859,-55.797,4.782,610604821.000
-1.770,0.208,0.070,15.894,-55.777,4.802,610604921.000
-1.768,0.207,0.075,15.873,-55.749,4.811,610605022.000
-1.773,0.212,0.070,15.903,-55.740,4.801,610605122.000
-1.768,0.207,0.078,15.859,-55.741,4.811,610605221.000
-1.771,0.208,0.078,15.852,-55.704,4.802,610605321.000
-1.773,0.214,0.073,15.890,-55.708,4.811,610605421.000
-1.768,0.204,0.073,15.816,-55.709,4.802,610605521.000
-1.768,0.209,0.070,15.861,-55.717,4.793,610605621.000
-1.766,0.210,0.073,15.896,-55.697,4.784,610605722.000
-1.766,0.205,0.070,15.811,-55.682,4.793,610605821.000
-1.769,0.204,0.073,15.817,-55.661,4.802,610605922.000
-1.769,0.201,0.075,15.801,-55.628,4.794,610606022.000
-1.764,0.207,0.070,15.805,-55.670,4.784,610606122.000
-1.769,0.204,0.068,15.789,-55.629,4.802,610606221.000
-1.767,0.203,0.075,15.823,-55.616,4.785,610606322.000
-1.762,0.205,0.073,15.797,-55.651,4.766,610606421.000
-1.760,0.204,0.075,15.803,-55.606,4.776,610606521.000
-1.771,0.210,0.068,15.841,-55.543,4.784,610606622.000
-1.765,0.209,0.075,15.833,-55.581,4.794,610606721.000
-1.765,0.207,0.073,15.791,-55.517,4.785,610606821.000
-1.765,0.207,0.075,15.818,-55.532,4.786,610606922.000
-1.762,0.205,0.068,15.784,-55.546,4.795,610607022.000
-1.762,0.205,0.073,15.769,-55.554,4.767,610607121.000
-1.765,0.207,0.073,15.791,-55.517,4.785,610607221.000
-1.765,0.204,0.073,15.789,-55.492,4.777,610607321.000
-1.763,0.210,0.078,15.827,-55.489,4.786,610607422.000
-1.765,0.206,0.068,15.791,-55.485,4.758,610607521.000
-1.765,0.206,0.078,15.804,-55.476,4.786,610607621.000
-1.763,0.208,0.073,15.826,-55.481,4.777,610607722.000
-1.763,0.203,0.070,15.727,-55.441,4.786,610607822.000
-1.761,0.206,0.073,15.791,-55.445,4.759,610607922.000
-1.761,0.204,0.073,15.790,-55.421,4.778,610608021.000
-1.761,0.206,0.068,15.778,-55.389,4.759,610608121.000
-1.761,0.206,0.070,15.791,-55.381,4.759,610608221.000
-1.763,0.205,0.068,15.756,-55.352,4.768,610608321.000
-1.763,0.208,0.078,15.757,-55.344,4.778,610608421.000
-1.759,0.208,0.070,15.785,-55.369,4.750,610608521.000
-1.761,0.206,0.068,15.778,-55.341,4.760,610608621.000
-1.759,0.205,0.070,15.770,-55.321,4.769,610608722.000
-1.759,0.205,0.073,15.743,-55.337,4.769,610608822.000
-1.757,0.206,0.070,15.737,-55.310,4.760,610608921.000
-1.759,0.205,0.065,15.730,-55.314,4.769,610609022.000
-1.757,0.204,0.065,15.722,-55.278,4.751,610609121.000
-1.755,0.205,0.060,15.744,-55.283,4.742,610609222.000
-1.755,0.202,0.073,15.728,-55.266,4.761,610609322.000
-1.759,0.208,0.068,15.758,-55.257,4.751,610609422.000
-1.757,0.201,0.070,15.706,-55.261,4.742,610609522.000
-1.757,0.206,0.070,15.751,-55.237,4.761,610609621.000
-1.757,0.209,0.073,15.724,-55.229,4.770,610609721.000
-1.755,0.205,0.070,15.729,-55.225,4.743,610609821.000
-1.757,0.204,0.078,15.735,-55.188,4.752,610609921.000
-1.753,0.204,0.065,15.736,-55.230,4.725,610610021.000
-1.757,0.204,0.075,15.735,-55.172,4.752,610610122.000
-1.755,0.200,0.073,15.699,-55.193,4.752,610610222.000
-1.753,0.201,0.073,15.693,-55.181,4.716,610610321.000
-1.753,0.204,0.073,15.695,-55.157,4.753,610610421.000
-1.753,0.204,0.070,15.694,-55.141,4.725,610610521.000
-1.753,0.206,0.070,15.696,-55.166,4.734,610610622.000
-1.751,0.208,0.078,15.717,-55.153,4.753,610610722.000
-1.751,0.205,0.073,15.716,-55.146,4.716,610610821.000
-1.753,0.204,0.075,15.681,-55.101,4.753,610610922.000
-1.751,0.205,0.078,15.661,-55.130,4.744,610611021.000
-1.749,0.201,0.073,15.694,-55.110,4.744,610611121.000
-1.749,0.204,0.073,15.695,-55.086,4.726,610611222.000
-1.749,0.206,0.075,15.696,-55.078,4.735,610611322.000
-1.755,0.205,0.083,15.687,-55.039,4.744,610611420.000
-1.749,0.204,0.075,15.681,-55.078,4.726,610611521.000
-1.749,0.201,0.068,15.652,-55.054,4.717,610611620.000
-1.747,0.202,0.070,15.660,-55.034,4.736,610611721.000
-1.749,0.206,0.070,15.683,-55.022,4.736,610611821.000
-1.747,0.205,0.068,15.648,-55.067,4.717,610611921.000
-1.751,0.202,0.073,15.673,-55.000,4.736,610612021.000
-1.749,0.206,0.070,15.669,-54.998,4.736,610612121.000
-1.749,0.206,0.070,15.669,-54.997,4.708,610612220.000
-1.747,0.207,0.068,15.705,-54.994,4.727,610612320.000
-1.745,0.201,0.065,15.612,-54.991,4.718,610612420.000
-1.747,0.205,0.068,15.675,-54.970,4.718,610612521.000
-1.747,0.205,0.073,15.662,-54.929,4.746,610612620.000
-1.747,0.205,0.073,15.675,-54.953,4.718,610612721.000
-1.749,0.206,0.071,15.669,-54.900,4.709,610612820.000
-1.745,0.201,0.070,15.639,-54.926,4.718,610612921.000
-1.745,0.201,0.068,15.626,-54.886,4.719,610613021.000
-1.747,0.199,0.066,15.618,-54.906,4.700,610613120.000
-1.747,0.205,0.073,15.634,-54.881,4.746,610613220.000
-1.743,0.205,0.073,15.648,-54.882,4.691,610613320.000
-1.743,0.202,0.068,15.633,-54.899,4.710,610613421.000
-1.747,0.202,0.066,15.647,-54.833,4.710,610613520.000
-1.747,0.205,0.066,15.648,-54.809,4.719,610613620.000
-1.745,0.198,0.065,15.583,-54.822,4.710,610613721.000
-1.745,0.203,0.073,15.640,-54.821,4.701,610613821.000
-1.745,0.203,0.073,15.627,-54.797,4.728,610613920.000
-1.745,0.206,0.071,15.642,-54.829,4.710,610614020.000
-1.741,0.203,0.066,15.641,-54.798,4.701,610614121.000
-1.741,0.203,0.071,15.627,-54.806,4.701,610614221.000
-1.741,0.201,0.073,15.598,-54.846,4.692,610614321.000
-1.741,0.201,0.068,15.598,-54.766,4.692,610614421.000
-1.741,0.201,0.071,15.598,-54.782,4.692,610614520.000
-1.739,0.205,0.071,15.621,-54.746,4.693,610614620.000
-1.739,0.205,0.071,15.622,-54.746,4.720,610614720.000
-1.741,0.201,0.073,15.584,-54.725,4.665,610614821.000
-1.743,0.202,0.066,15.592,-54.713,4.683,610614920.000
-1.737,0.198,0.063,15.570,-54.735,4.684,610615021.000
-1.741,0.201,0.068,15.557,-54.694,4.692,610615121.000
-1.741,0.201,0.063,15.571,-54.686,4.693,610615220.000
-1.739,0.202,0.071,15.606,-54.698,4.684,610615320.000
-1.739,0.202,0.068,15.579,-54.682,4.684,610615420.000
-1.739,0.202,0.066,15.579,-54.666,4.684,610615520.000
-1.737,0.206,0.076,15.615,-54.670,4.684,610615621.000
-1.737,0.206,0.071,15.615,-54.638,4.685,610615721.000
-1.739,0.202,0.076,15.578,-54.633,4.684,610615820.000
-1.737,0.203,0.073,15.572,-54.654,4.675,610615921.000
-1.739,0.202,0.071,15.578,-54.601,4.684,610616021.000
-1.735,0.202,0.076,15.579,-54.610,4.685,610616121.000
-1.737,0.195,0.068,15.541,-54.598,4.703,610616221.000
-1.737,0.201,0.071,15.571,-54.614,4.694,610616320.000
-1.735,0.205,0.068,15.567,-54.611,4.694,610616420.000
-1.737,0.201,0.068,15.530,-54.574,4.666,610616521.000
-1.739,0.202,0.068,15.551,-54.537,4.685,610616620.000
-1.733,0.201,0.068,15.558,-54.599,4.694,610616721.000
-1.733,0.203,0.068,15.559,-54.575,4.676,610616820.000
-1.733,0.203,0.068,15.559,-54.575,4.676,610616921.000
-1.733,0.203,0.068,15.532,-54.575,4.676,610617021.000
-1.733,0.206,0.068,15.589,-54.551,4.686,610617120.000
-1.735,0.202,0.071,15.537,-54.505,4.658,610617221.000
-1.729,0.201,0.068,15.531,-54.528,4.668,610617320.000
-1.729,0.201,0.068,15.531,-54.528,4.668,610617421.000
-1.735,0.204,0.073,15.553,-54.473,4.667,610617521.000
-1.737,0.203,0.068,15.545,-54.477,4.676,610617622.000
-1.731,0.202,0.063,15.539,-54.483,4.659,610617722.000
-1.731,0.202,0.063,15.552,-54.507,4.658,610617821.000
-1.731,0.202,0.063,15.539,-54.483,4.659,610617922.000
-1.733,0.200,0.068,15.503,-54.454,4.668,610618021.000
-1.733,0.200,0.071,15.544,-54.445,4.668,610618122.000
-1.729,0.200,0.066,15.531,-54.463,4.668,610618221.000
-1.733,0.200,0.068,15.503,-54.406,4.668,610618321.000
-1.729,0.200,0.066,15.531,-54.415,4.641,610618422.000
-1.729,0.200,0.068,15.490,-54.407,4.668,610618522.000
-1.727,0.199,0.066,15.510,-54.403,4.651,610618622.000
-1.731,0.202,0.066,15.525,-54.378,4.659,610618722.000
-1.733,0.200,0.068,15.516,-54.381,4.641,610618821.000
-1.731,0.202,0.073,15.497,-54.377,4.659,610618921.000
-1.727,0.197,0.071,15.467,-54.387,4.669,610619021.000
-1.729,0.206,0.066,15.548,-54.342,4.660,610619121.000
-1.727,0.202,0.071,15.525,-54.338,4.660,610619222.000
-1.729,0.203,0.071,15.546,-54.301,4.651,610619321.000
-1.729,0.200,0.068,15.489,-54.310,4.642,610619422.000
-1.727,0.196,0.068,15.467,-54.323,4.642,610619521.000
-1.727,0.199,0.066,15.482,-54.307,4.651,610619622.000
-1.729,0.203,0.066,15.491,-54.318,4.650,610619721.000
-1.729,0.195,0.066,15.459,-54.294,4.651,610619822.000
-1.731,0.199,0.068,15.496,-54.273,4.651,610619922.000
-1.727,0.199,0.073,15.482,-54.306,4.651,610620021.000
-1.725,0.203,0.063,15.505,-54.303,4.624,610620122.000
-1.723,0.199,0.066,15.456,-54.284,4.652,610620222.000
-1.721,0.198,0.073,15.448,-54.296,4.661,610620321.000
-1.725,0.198,0.068,15.461,-54.263,4.633,610620422.000
-1.721,0.206,0.073,15.535,-54.271,4.662,610620522.000
-1.719,0.194,0.066,15.440,-54.285,4.662,610620622.000
-1.723,0.202,0.061,15.457,-54.228,4.633,610620721.000
-1.727,0.202,0.071,15.484,-54.217,4.661,610620821.000
-1.725,0.200,0.068,15.449,-54.214,4.643,610620921.000
-1.727,0.201,0.071,15.470,-54.193,4.633,610621022.000
-1.723,0.199,0.071,15.441,-54.195,4.652,610621121.000
-1.723,0.199,0.063,15.442,-54.195,4.652,610621222.000
-1.725,0.198,0.066,15.447,-54.174,4.634,610621322.000
-1.725,0.198,0.071,15.461,-54.182,4.661,610621421.000
-1.723,0.199,0.066,15.455,-54.187,4.625,610621521.000
-1.723,0.199,0.071,15.428,-54.171,4.652,610621622.000
-1.725,0.198,0.071,15.434,-54.133,4.662,610621722.000
-1.723,0.202,0.071,15.457,-54.146,4.662,610621821.000
-1.723,0.201,0.063,15.457,-54.147,4.634,610621921.000
-1.723,0.196,0.068,15.426,-54.130,4.616,610622021.000
-1.719,0.196,0.066,15.441,-54.164,4.644,610622121.000
-1.719,0.199,0.068,15.428,-54.132,4.653,610622222.000
-1.719,0.202,0.068,15.443,-54.131,4.635,610622321.000
-1.721,0.200,0.068,15.463,-54.118,4.616,610622421.000
-1.719,0.199,0.068,15.470,-54.107,4.654,610622521.000
-1.719,0.201,0.066,15.444,-54.116,4.635,610622621.000
-1.721,0.195,0.066,15.378,-54.055,4.626,610622721.000
-1.719,0.196,0.066,15.441,-54.067,4.617,610622822.000
-1.719,0.199,0.066,15.428,-54.067,4.626,610622921.000
-1.721,0.200,0.076,15.449,-54.045,4.617,610623022.000
-1.721,0.200,0.071,15.436,-54.038,4.644,610623121.000
-1.719,0.196,0.071,15.413,-54.050,4.617,610623221.000
-1.715,0.199,0.073,15.401,-54.044,4.654,610623321.000
-1.715,0.201,0.066,15.444,-54.044,4.636,610623422.000
-1.715,0.199,0.068,15.374,-54.061,4.654,610623521.000
-1.715,0.201,0.071,15.416,-54.028,4.636,610623621.000
-1.715,0.201,0.073,15.416,-53.995,4.636,610623722.000
-1.721,0.198,0.073,15.393,-54.005,4.635,610623821.000
-1.715,0.201,0.068,15.416,-54.012,4.608,610623922.000
-1.719,0.196,0.068,15.372,-53.962,4.617,610624021.000
-1.722,0.197,0.073,15.420,-53.957,4.636,610624122.000
-1.713,0.200,0.068,15.396,-54.000,4.646,610624222.000
-1.715,0.196,0.073,15.399,-53.971,4.618,610624322.000
-1.717,0.197,0.073,15.379,-53.958,4.609,610624422.000
-1.715,0.199,0.061,15.388,-53.940,4.627,610624522.000
-1.717,0.200,0.068,15.409,-53.902,4.618,610624622.000
-1.720,0.196,0.066,15.372,-53.898,4.618,610624722.000
-1.713,0.192,0.066,15.336,-53.912,4.619,610624822.000
-1.711,0.196,0.073,15.372,-53.948,4.619,610624922.000
-1.713,0.197,0.064,15.367,-53.896,4.609,610625022.000
-1.713,0.197,0.068,15.380,-53.903,4.610,610625122.000
-1.711,0.201,0.073,15.375,-53.900,4.637,610625221.000
-1.711,0.196,0.068,15.359,-53.892,4.619,610625322.000
-1.713,0.200,0.068,15.382,-53.879,4.619,610625422.000
-1.713,0.197,0.066,15.408,-53.839,4.610,610625522.000
-1.711,0.196,0.068,15.359,-53.843,4.619,610625621.000
-1.711,0.196,0.068,15.387,-53.843,4.620,610625722.000
-1.709,0.195,0.066,15.393,-53.864,4.601,610625821.000
-1.709,0.195,0.071,15.338,-53.848,4.601,610625921.000
-1.713,0.200,0.071,15.395,-53.822,4.592,610626022.000
-1.713,0.197,0.074,15.379,-53.789,4.583,610626122.000
-1.709,0.197,0.071,15.367,-53.824,4.611,610626222.000
-1.707,0.199,0.069,15.388,-53.844,4.602,610626322.000
-1.713,0.195,0.069,15.364,-53.806,4.573,610626422.000
-1.713,0.200,0.066,15.368,-53.791,4.592,610626522.000
-1.711,0.199,0.073,15.346,-53.778,4.601,610626622.000
