0.036,-0.037,-0.121,1.270,1.001,0.366,522107105.000
0.032,-0.040,-0.121,1.268,1.051,0.356,522107205.000
0.038,-0.031,-0.116,1.335,1.053,0.348,522107305.000
0.036,-0.037,-0.109,1.255,1.042,0.366,522107406.000
0.034,-0.033,-0.126,1.265,1.045,0.338,522107506.000
0.032,-0.032,-0.121,1.273,1.026,0.383,522107605.000
0.036,-0.042,-0.126,1.240,1.033,0.320,522107706.000
0.036,-0.037,-0.118,1.298,1.034,0.366,522107805.000
0.034,-0.039,-0.121,1.276,1.038,0.347,522107906.000
0.034,-0.033,-0.121,1.334,1.038,0.366,522108006.000
0.034,-0.041,-0.123,1.261,1.054,0.366,522108105.000
0.034,-0.039,-0.126,1.262,1.045,0.347,522108205.000
0.036,-0.037,-0.118,1.298,1.034,0.366,522108305.000
0.036,-0.040,-0.126,1.283,1.033,0.357,522108406.000
0.036,-0.040,-0.121,1.297,1.025,0.385,522108505.000
0.036,-0.040,-0.118,1.282,1.034,0.357,522108605.000
0.036,-0.037,-0.121,1.312,1.025,0.366,522108706.000
0.036,-0.037,-0.118,1.298,1.034,0.366,522108805.000
0.034,-0.036,-0.118,1.291,1.070,0.357,522108906.000
0.034,-0.033,-0.123,1.320,1.030,0.338,522109006.000
0.036,-0.035,-0.111,1.284,1.034,0.348,522109105.000
0.034,-0.036,-0.121,1.277,1.062,0.357,522109205.000
0.032,-0.037,-0.123,1.297,1.091,0.338,522109306.000
0.036,-0.040,-0.116,1.268,1.042,0.357,522109405.000
0.034,-0.036,-0.118,1.305,1.046,0.357,522109505.000
0.034,-0.036,-0.116,1.304,1.030,0.357,522109605.000
0.034,-0.036,-0.123,1.291,1.054,0.357,522109705.000
0.036,-0.037,-0.128,1.298,1.000,0.338,522109806.000
0.036,-0.035,-0.118,1.299,1.009,0.348,522109906.000
0.032,-0.035,-0.121,1.299,1.051,0.375,522110005.000
0.034,-0.036,-0.118,1.277,1.046,0.357,522110105.000
0.036,-0.032,-0.118,1.300,1.033,0.357,522110205.000
0.036,-0.037,-0.121,1.284,1.025,0.366,522110305.000
0.034,-0.036,-0.121,1.291,1.038,0.329,522110405.000
0.036,-0.037,-0.123,1.270,1.017,0.338,522110505.000
0.034,-0.039,-0.118,1.303,1.022,0.348,522110605.000
0.034,-0.041,-0.126,1.247,1.045,0.338,522110705.000
0.034,-0.036,-0.126,1.319,1.022,0.329,522110805.000
0.036,-0.037,-0.121,1.284,1.025,0.366,522110905.000
0.038,-0.036,-0.121,1.347,1.013,0.358,522111006.000
0.036,-0.037,-0.121,1.325,1.050,0.367,522111105.000
0.034,-0.041,-0.123,1.261,1.054,0.338,522111205.000
0.038,-0.039,-0.123,1.290,1.053,0.348,522111306.000
0.038,-0.041,-0.118,1.275,1.069,0.367,522111405.000
0.036,-0.040,-0.126,1.283,1.033,0.357,522111506.000
0.036,-0.040,-0.118,1.296,1.058,0.357,522111605.000
0.036,-0.040,-0.123,1.283,1.065,0.357,522111706.000
0.038,-0.036,-0.118,1.305,1.069,0.358,522111806.000
0.034,-0.039,-0.121,1.276,1.086,0.348,522111905.000
0.034,-0.039,-0.126,1.304,1.070,0.348,522112005.000
0.034,-0.039,-0.116,1.317,1.079,0.348,522112105.000
0.036,-0.037,-0.121,1.311,1.074,0.339,522112205.000
0.036,-0.037,-0.118,1.325,1.082,0.339,522112306.000
0.036,-0.037,-0.123,1.284,1.090,0.367,522112406.000
0.034,-0.036,-0.118,1.291,1.119,0.357,522112506.000
0.036,-0.037,-0.126,1.312,1.057,0.367,522112605.000
0.032,-0.035,-0.121,1.298,1.099,0.348,522112705.000
0.036,-0.037,-0.126,1.312,1.057,0.339,522112805.000
0.034,-0.041,-0.121,1.247,1.111,0.339,522112905.000
0.036,-0.037,-0.118,1.325,1.082,0.367,522113005.000
0.034,-0.039,-0.123,1.290,1.078,0.348,522113105.000
0.034,-0.039,-0.118,1.262,1.095,0.348,522113205.000
0.036,-0.035,-0.123,1.313,1.065,0.348,522113306.000
0.036,-0.037,-0.121,1.297,1.098,0.339,522113406.000
0.036,-0.035,-0.123,1.313,1.065,0.348,522113506.000
0.036,-0.043,-0.123,1.309,1.090,0.349,522113605.000
0.034,-0.036,-0.118,1.332,1.095,0.330,522113705.000
0.034,-0.041,-0.121,1.302,1.111,0.339,522113806.000
0.034,-0.036,-0.123,1.319,1.103,0.357,522113906.000
0.036,-0.040,-0.118,1.282,1.082,0.357,522114005.000
0.036,-0.040,-0.118,1.282,1.082,0.357,522114105.000
0.036,-0.032,-0.113,1.341,1.075,0.357,522114205.000
0.036,-0.040,-0.116,1.282,1.066,0.357,522114305.000
0.040,-0.037,-0.123,1.312,1.064,0.367,522114405.000
0.036,-0.042,-0.126,1.268,1.081,0.348,522114506.000
0.034,-0.039,-0.126,1.290,1.094,0.376,522114606.000
0.036,-0.037,-0.118,1.325,1.082,0.367,522114705.000
0.036,-0.042,-0.126,1.240,1.081,0.348,522114805.000
0.036,-0.040,-0.121,1.269,1.074,0.357,522114905.000
0.036,-0.035,-0.118,1.285,1.082,0.348,522115006.000
0.036,-0.040,-0.118,1.310,1.082,0.358,522115105.000
0.036,-0.032,-0.121,1.328,1.098,0.357,522115205.000
0.036,-0.040,-0.118,1.268,1.058,0.330,522115305.000
0.036,-0.040,-0.123,1.283,1.065,0.357,522115405.000
0.034,-0.033,-0.116,1.319,1.079,0.339,522115506.000
0.036,-0.040,-0.128,1.241,1.073,0.329,522115605.000
0.029,-0.039,-0.128,1.275,1.111,0.320,522115705.000
0.038,-0.036,-0.118,1.264,1.045,0.357,522115806.000
0.038,-0.039,-0.121,1.263,1.037,0.348,522115905.000
0.036,-0.032,-0.116,1.314,1.042,0.357,522116007.000
0.032,-0.037,-0.123,1.297,1.091,0.366,522116106.000
0.036,-0.040,-0.116,1.255,1.066,0.357,522116206.000
0.038,-0.039,-0.121,1.290,1.037,0.348,522116306.000
0.038,-0.039,-0.118,1.276,1.045,0.348,522116407.000
0.036,-0.040,-0.123,1.241,1.041,0.357,522116507.000
0.036,-0.035,-0.126,1.340,1.033,0.320,522116607.000
0.040,-0.040,-0.116,1.269,1.016,0.357,522116707.000
0.032,-0.035,-0.123,1.298,1.067,0.347,522116807.000
0.034,-0.039,-0.123,1.276,1.054,0.348,522116906.000
0.032,-0.035,-0.123,1.312,1.042,0.347,522117006.000
0.032,-0.042,-0.118,1.239,1.059,0.347,522117106.000
0.034,-0.033,-0.123,1.306,1.054,0.338,522117206.000
0.036,-0.040,-0.123,1.269,1.041,0.357,522117306.000
0.029,-0.036,-0.116,1.318,1.080,0.357,522117407.000
0.034,-0.036,-0.118,1.291,1.070,0.357,522117507.000
0.034,-0.033,-0.116,1.334,1.055,0.366,522117606.000
0.038,-0.036,-0.121,1.292,1.012,0.357,522117707.000
0.038,-0.041,-0.121,1.261,1.012,0.339,522117806.000
0.038,-0.033,-0.123,1.335,1.029,0.367,522117906.000
0.029,-0.039,-0.116,1.275,1.080,0.347,522118006.000
0.038,-0.036,-0.121,1.292,1.012,0.357,522118107.000
0.036,-0.037,-0.123,1.298,1.017,0.338,522118206.000
0.036,-0.040,-0.116,1.268,1.042,0.357,522118306.000
0.032,-0.035,-0.121,1.326,1.051,0.347,522118406.000
0.040,-0.040,-0.123,1.283,0.992,0.330,522118506.000
0.036,-0.035,-0.121,1.299,1.025,0.348,522118607.000
0.032,-0.035,-0.121,1.326,1.051,0.347,522118706.000
0.036,-0.035,-0.118,1.340,1.034,0.348,522118806.000
0.034,-0.039,-0.113,1.289,1.063,0.348,522118906.000
0.036,-0.032,-0.121,1.342,1.025,0.357,522119006.000
0.029,-0.039,-0.118,1.316,1.072,0.347,522119106.000
0.036,-0.040,-0.113,1.309,1.050,0.357,522119207.000
0.034,-0.036,-0.113,1.346,1.039,0.357,522119306.000
0.034,-0.039,-0.121,1.331,1.038,0.348,522119407.000
0.036,-0.042,-0.116,1.253,1.042,0.348,522119506.000
0.034,-0.039,-0.116,1.289,1.030,0.348,522119606.000
0.034,-0.041,-0.123,1.274,1.030,0.338,522119706.000
0.032,-0.037,-0.121,1.311,1.051,0.338,522119807.000
0.036,-0.037,-0.126,1.325,1.033,0.339,522119906.000
0.038,-0.033,-0.121,1.321,1.037,0.367,522120006.000
0.036,-0.040,-0.121,1.282,1.050,0.357,522120106.000
0.032,-0.037,-0.123,1.311,1.067,0.338,522120206.000
0.034,-0.036,-0.121,1.319,1.038,0.357,522120306.000
0.034,-0.039,-0.123,1.304,1.054,0.348,522120406.000
0.032,-0.037,-0.118,1.311,1.083,0.366,522120507.000
0.032,-0.040,-0.123,1.323,1.067,0.357,522120606.000
0.034,-0.041,-0.118,1.288,1.071,0.366,522120706.000
0.034,-0.039,-0.121,1.303,1.038,0.348,522120806.000
0.036,-0.037,-0.118,1.311,1.010,0.339,522120906.000
0.032,-0.040,-0.118,1.309,1.059,0.329,522121006.000
0.036,-0.040,-0.128,1.297,1.025,0.357,522121106.000
0.032,-0.040,-0.128,1.282,1.074,0.357,522121206.000
0.034,-0.039,-0.116,1.303,1.055,0.348,522121306.000
0.036,-0.042,-0.123,1.281,1.041,0.348,522121406.000
0.036,-0.037,-0.126,1.312,1.057,0.367,522121506.000
0.036,-0.037,-0.121,1.325,1.050,0.367,522121605.000
0.038,-0.039,-0.126,1.304,1.093,0.349,522121706.000
0.038,-0.039,-0.121,1.290,1.037,0.348,522121806.000
0.036,-0.035,-0.118,1.285,1.082,0.348,522121906.000
0.038,-0.036,-0.118,1.305,1.069,0.358,522122006.000
0.036,-0.035,-0.123,1.313,1.065,0.348,522122106.000
0.038,-0.039,-0.116,1.276,1.078,0.348,522122206.000
0.036,-0.035,-0.123,1.299,1.090,0.348,522122306.000
0.038,-0.036,-0.123,1.320,1.077,0.358,522122406.000
0.036,-0.035,-0.121,1.299,1.122,0.348,522122505.000
0.036,-0.037,-0.116,1.284,1.090,0.367,522122606.000
0.036,-0.037,-0.123,1.284,1.138,0.339,522122706.000
0.036,-0.037,-0.116,1.283,1.139,0.339,522122805.000
0.036,-0.037,-0.123,1.298,1.163,0.340,522122906.000
0.034,-0.039,-0.121,1.290,1.159,0.349,522123006.000
0.038,-0.036,-0.113,1.305,1.135,0.358,522123106.000
0.038,-0.036,-0.126,1.292,1.141,0.330,522123205.000
0.040,-0.042,-0.121,1.254,1.145,0.349,522123306.000
0.038,-0.039,-0.118,1.290,1.166,0.349,522123406.000
0.040,-0.037,-0.121,1.326,1.073,0.340,522123506.000
0.028,-0.035,-0.116,1.367,0.924,0.374,522123606.000
0.028,-0.040,-0.123,1.337,0.729,0.382,522123705.000
0.014,-0.033,-0.114,1.427,0.415,0.387,522123806.000
0.003,-0.030,-0.111,1.591,-0.178,0.391,522123905.000
-0.011,-0.031,-0.119,1.747,-0.864,0.394,522124005.000
-0.036,-0.027,-0.116,1.931,-1.682,0.412,522124105.000
-0.068,-0.016,-0.114,2.152,-2.560,0.466,522124206.000
-0.087,-0.010,-0.112,2.413,-3.538,0.503,522124306.000
-0.113,-0.005,-0.105,2.624,-4.485,0.521,522124405.000
-0.136,-0.002,-0.102,2.883,-5.413,0.549,522124505.000
-0.159,0.001,-0.105,3.101,-6.382,0.576,522124605.000
-0.180,0.006,-0.108,3.314,-7.243,0.623,522124705.000
-0.204,0.011,-0.100,3.519,-8.034,0.660,522124806.000
-0.227,0.017,-0.096,3.738,-8.978,0.697,522124906.000
-0.253,0.021,-0.096,3.963,-9.853,0.715,522125005.000
-0.274,0.026,-0.091,4.162,-10.786,0.762,522125106.000
-0.308,0.030,-0.094,4.386,-11.643,0.806,522125206.000
-0.327,0.039,-0.094,4.649,-12.581,0.853,522125306.000
-0.353,0.046,-0.097,4.862,-13.586,0.879,522125406.000
-0.378,0.048,-0.095,5.058,-14.453,0.916,522125506.000
-0.406,0.051,-0.092,5.290,-15.405,0.971,522125605.000
-0.431,0.058,-0.073,5.557,-16.407,1.025,522125705.000
-0.457,0.063,-0.083,5.783,-17.316,1.044,522125806.000
-0.484,0.071,-0.078,6.072,-18.331,1.116,522125906.000
-0.509,0.073,-0.078,6.254,-19.304,1.124,522126005.000
-0.539,0.072,-0.081,6.463,-20.307,1.178,522126106.000
-0.568,0.085,-0.079,6.747,-21.343,1.222,522126205.000
-0.591,0.093,-0.077,7.036,-22.416,1.268,522126306.000
-0.627,0.096,-0.075,7.308,-23.389,1.321,522126406.000
-0.652,0.099,-0.075,7.491,-24.458,1.384,522126506.000
-0.682,0.111,-0.063,7.774,-25.509,1.456,522126606.000
-0.707,0.110,-0.068,7.997,-26.498,1.483,522126705.000
-0.743,0.119,-0.064,8.285,-27.608,1.553,522126806.000
-0.768,0.126,-0.054,8.553,-28.644,1.608,522126905.000
-0.795,0.132,-0.062,8.786,-29.750,1.670,522127006.000
-0.827,0.133,-0.057,9.015,-30.764,1.714,522127105.000
-0.858,0.146,-0.065,9.307,-31.917,1.748,522127205.000
-0.890,0.145,-0.055,9.577,-32.914,1.867,522127306.000
-0.915,0.155,-0.053,9.846,-33.927,1.930,522127406.000
-0.949,0.156,-0.053,10.083,-34.945,1.937,522127506.000
-0.980,0.168,-0.049,10.400,-36.104,2.018,522127605.000
-1.010,0.175,-0.037,10.640,-37.131,2.099,522127705.000
-1.039,0.172,-0.047,10.861,-38.135,2.144,522127806.000
-1.073,0.179,-0.047,11.156,-39.299,2.196,522127905.000
-1.098,0.189,-0.040,11.426,-40.295,2.287,522128006.000
-1.134,0.189,-0.043,11.641,-41.357,2.330,522128105.000
-1.157,0.200,-0.036,11.945,-42.414,2.385,522128205.000
-1.193,0.199,-0.039,12.146,-43.476,2.447,522128306.000
-1.220,0.212,-0.029,12.437,-44.475,2.510,522128405.000
-1.245,0.209,-0.029,12.686,-45.568,2.555,522128506.000
-1.277,0.220,-0.027,12.962,-46.639,2.608,522128606.000
-1.312,0.226,-0.023,13.263,-47.749,2.725,522128706.000
-1.338,0.228,-0.023,13.459,-48.746,2.733,522128806.000
-1.367,0.238,-0.026,13.770,-49.773,2.796,522128906.000
-1.399,0.244,-0.018,14.044,-50.876,2.886,522129005.000
-1.430,0.245,-0.021,14.273,-51.891,2.930,522129105.000
-1.462,0.253,-0.017,14.466,-52.858,3.029,522129206.000
-1.487,0.258,-0.017,14.760,-53.854,3.075,522129305.000
-1.525,0.265,-0.013,14.985,-54.904,3.155,522129405.000
-1.548,0.276,-0.015,15.277,-55.969,3.181,522129506.000
-1.582,0.278,-0.011,15.486,-56.923,3.299,522129605.000
-1.610,0.282,-0.001,15.703,-57.946,3.353,522129705.000
-1.644,0.286,0.001,15.983,-58.932,3.425,522129805.000
-1.669,0.288,-0.007,16.194,-59.856,3.489,522129905.000
-1.700,0.294,0.008,16.453,-60.983,3.579,522130006.000
-1.728,0.305,0.007,16.730,-62.015,3.633,522130105.000
-1.760,0.303,0.002,16.932,-62.942,3.696,522130205.000
-1.791,0.309,0.004,17.164,-63.989,3.786,522130306.000
-1.821,0.316,0.009,17.445,-64.992,3.840,522130406.000
-1.848,0.325,0.018,17.680,-66.040,3.940,522130505.000
-1.880,0.328,0.023,17.993,-67.078,3.994,522130606.000
-1.914,0.330,0.015,18.175,-68.049,4.028,522130705.000
-1.937,0.336,0.017,18.422,-69.122,4.119,522130806.000
-1.973,0.340,0.017,18.681,-70.104,4.200,522130905.000
-2.004,0.351,0.024,18.916,-71.086,4.309,522131006.000
-2.030,0.353,0.023,19.195,-72.130,4.345,522131105.000
-2.065,0.356,0.023,19.412,-73.185,4.425,522131206.000
-2.097,0.370,0.030,19.717,-74.167,4.515,522131305.000
-2.124,0.366,0.027,19.862,-75.208,4.569,522131406.000
-2.152,0.372,0.032,20.137,-76.175,4.660,522131506.000
-2.186,0.381,0.031,20.447,-77.241,4.750,522131606.000
-2.220,0.383,0.038,20.642,-78.138,4.813,522131706.000
-2.243,0.389,0.031,20.876,-79.124,4.877,522131806.000
-2.275,0.398,0.040,21.138,-80.049,4.977,522131905.000
-2.309,0.402,0.040,21.348,-80.995,5.022,522132005.000
-2.330,0.407,0.057,21.546,-81.862,5.096,522132106.000
-2.356,0.411,0.052,21.772,-82.803,5.169,522132205.000
-2.383,0.415,0.046,22.046,-83.779,5.251,522132305.000
-2.419,0.413,0.048,22.232,-84.655,5.314,522132405.000
-2.447,0.424,0.043,22.441,-85.583,5.396,522132505.000
-2.474,0.427,0.052,22.700,-86.582,5.478,522132605.000
-2.509,0.429,0.057,22.923,-87.511,5.541,522132706.000
-2.534,0.439,0.054,23.124,-88.420,5.605,522132805.000
-2.559,0.439,0.066,23.374,-89.374,5.715,522132905.000
-2.593,0.446,0.066,23.573,-90.321,5.796,522133005.000
-2.619,0.453,0.068,23.827,-91.236,5.851,522133105.000
-2.655,0.459,0.067,24.032,-92.097,5.942,522133205.000
-2.679,0.459,0.057,24.264,-93.018,5.988,522133306.000
-2.710,0.465,0.067,24.524,-94.016,6.106,522133405.000
-2.738,0.471,0.071,24.729,-94.911,6.170,522133507.000
-2.763,0.471,0.078,24.897,-95.931,6.279,522133606.000
-2.800,0.479,0.083,25.143,-96.823,6.296,522133706.000
-2.827,0.488,0.085,25.392,-97.848,6.396,522133807.000
-2.857,0.490,0.087,25.615,-98.738,6.460,522133906.000
-2.886,0.497,0.082,25.815,-99.677,6.514,522134007.000
-2.914,0.505,0.091,26.076,-100.579,6.587,522134106.000
-2.950,0.509,0.093,26.238,-101.505,6.668,522134206.000
-2.976,0.513,0.083,26.478,-102.486,6.713,522134306.000
-3.003,0.517,0.095,26.681,-103.404,6.795,522134406.000
-3.033,0.526,0.097,26.992,-104.367,6.859,522134506.000
-3.061,0.522,0.102,27.150,-105.286,6.941,522134606.000
-3.093,0.525,0.106,27.312,-106.156,7.023,522134706.000
-3.122,0.537,0.101,27.584,-107.071,7.095,522134807.000
-3.157,0.542,0.098,27.754,-107.928,7.168,522134906.000
-3.176,0.545,0.098,27.972,-108.793,7.196,522135006.000
-3.200,0.551,0.103,28.220,-109.544,7.290,522135106.000
-3.232,0.554,0.117,28.367,-110.404,7.344,522135206.000
-3.257,0.561,0.107,28.650,-111.385,7.426,522135307.000
-3.285,0.562,0.114,28.797,-112.248,7.472,522135406.000
-3.317,0.568,0.121,29.016,-113.206,7.562,522135507.000
-3.350,0.575,0.118,29.270,-114.184,7.643,522135606.000
-3.382,0.579,0.118,29.543,-115.167,7.725,522135706.000
-3.412,0.583,0.117,29.712,-116.065,7.770,522135806.000
-3.435,0.589,0.119,29.946,-116.921,7.862,522135906.000
-3.472,0.587,0.129,30.091,-117.773,7.925,522136006.000
-3.495,0.598,0.128,30.341,-118.588,7.981,522136106.000
-3.523,0.604,0.136,30.546,-119.499,8.045,522136206.000
-3.555,0.604,0.135,30.749,-120.336,8.118,522136306.000
-3.579,0.613,0.137,30.942,-121.241,8.191,522136407.000
-3.592,0.612,0.135,31.085,-121.790,8.251,522136506.000
-3.611,0.611,0.132,31.116,-122.023,8.283,522136606.000
-3.613,0.610,0.139,31.107,-122.057,8.237,522136706.000
-3.603,0.613,0.142,31.077,-121.750,8.268,522136806.000
-3.585,0.612,0.132,30.990,-121.219,8.228,522136906.000
-3.572,0.602,0.140,30.801,-120.678,8.215,522137006.000
-3.553,0.603,0.137,30.728,-120.244,8.183,522137107.000
-3.539,0.602,0.130,30.640,-119.850,8.142,522137206.000
-3.530,0.598,0.135,30.509,-119.413,8.146,522137306.000
-3.518,0.597,0.135,30.469,-119.029,8.095,522137406.000
-3.508,0.596,0.128,30.367,-118.682,8.053,522137506.000
-3.498,0.594,0.128,30.278,-118.358,8.065,522137607.000
-3.491,0.586,0.136,30.178,-118.021,8.014,522137706.000
-3.485,0.587,0.126,30.091,-117.681,8.007,522137807.000
-3.473,0.589,0.124,30.052,-117.402,7.964,522137906.000
-3.463,0.585,0.126,29.962,-117.119,7.968,522138006.000
-3.453,0.586,0.124,29.944,-116.827,7.962,522138106.000
-3.449,0.586,0.126,29.875,-116.554,7.937,522138207.000
-3.441,0.586,0.122,29.822,-116.282,7.912,522138306.000
-3.429,0.581,0.122,29.724,-116.044,7.924,522138406.000
-3.419,0.579,0.124,29.691,-115.833,7.909,522138507.000
-3.416,0.577,0.129,29.621,-115.551,7.902,522138607.000
-3.412,0.576,0.127,29.580,-115.295,7.877,522138706.000
-3.404,0.574,0.122,29.497,-115.096,7.842,522138806.000
-3.396,0.571,0.119,29.456,-114.840,7.836,522138907.000
-3.386,0.572,0.132,29.423,-114.669,7.829,522139006.000
-3.388,0.570,0.125,29.360,-114.415,7.812,522139107.000
-3.374,0.569,0.120,29.327,-114.230,7.797,522139207.000
-3.368,0.565,0.120,29.251,-114.026,7.799,522139307.000
-3.362,0.569,0.122,29.232,-113.813,7.774,522139406.000
-3.356,0.565,0.120,29.156,-113.594,7.776,522139506.000
-3.350,0.563,0.118,29.149,-113.422,7.760,522139606.000
-3.342,0.566,0.118,29.124,-113.207,7.744,522139706.000
-3.343,0.563,0.123,29.012,-113.021,7.735,522139807.000
-3.337,0.562,0.123,29.005,-112.817,7.719,522139907.000
-3.329,0.559,0.115,28.951,-112.650,7.712,522140006.000
-3.325,0.559,0.123,28.923,-112.481,7.714,522140106.000
-3.319,0.560,0.115,28.863,-112.303,7.679,522140206.000
-3.313,0.556,0.123,28.813,-112.098,7.681,522140307.000
-3.309,0.558,0.118,28.802,-111.946,7.665,522140407.000
-3.307,0.557,0.113,28.753,-111.758,7.648,522140506.000
-3.297,0.556,0.116,28.706,-111.619,7.659,522140606.000
-3.295,0.551,0.116,28.655,-111.438,7.605,522140707.000
-3.287,0.559,0.116,28.675,-111.296,7.635,522140806.000
-3.286,0.553,0.113,28.610,-111.099,7.627,522140907.000
-3.280,0.554,0.113,28.563,-110.943,7.620,522141006.000
-3.271,0.551,0.111,28.508,-110.809,7.585,522141107.000
-3.270,0.550,0.113,28.473,-110.644,7.596,522141206.000
-3.270,0.552,0.114,28.474,-110.474,7.578,522141306.000
-3.260,0.548,0.111,28.398,-110.377,7.580,522141407.000
-3.254,0.547,0.109,28.392,-110.205,7.564,522141507.000
-3.256,0.548,0.114,28.344,-110.031,7.556,522141607.000
-3.248,0.545,0.104,28.317,-109.897,7.576,522141707.000
-3.244,0.543,0.114,28.260,-109.768,7.568,522141807.000
-3.238,0.547,0.114,28.256,-109.613,7.570,522141906.000
-3.234,0.541,0.116,28.198,-109.460,7.526,522142006.000
-3.232,0.542,0.106,28.193,-109.337,7.518,522142106.000
-3.222,0.541,0.109,28.132,-109.223,7.501,522142207.000
-3.222,0.541,0.114,28.131,-109.061,7.502,522142307.000
-3.220,0.539,0.112,28.083,-108.936,7.485,522142407.000
-3.217,0.542,0.107,28.086,-108.760,7.496,522142506.000
-3.213,0.539,0.112,28.043,-108.624,7.461,522142607.000
-3.207,0.538,0.112,28.009,-108.517,7.471,522142707.000
-3.203,0.535,0.112,27.966,-108.397,7.464,522142806.000
-3.201,0.541,0.109,27.977,-108.249,7.446,522142906.000
-3.193,0.534,0.109,27.892,-108.130,7.448,522143006.000
-3.193,0.536,0.112,27.920,-107.976,7.431,522143107.000
-3.191,0.535,0.109,27.858,-107.877,7.413,522143207.000
-3.187,0.532,0.109,27.830,-107.732,7.433,522143306.000
-3.179,0.535,0.112,27.804,-107.630,7.417,522143406.000
-3.177,0.533,0.110,27.783,-107.506,7.399,522143507.000
-3.173,0.533,0.112,27.771,-107.377,7.429,522143607.000
-3.171,0.534,0.107,27.738,-107.237,7.420,522143707.000
-3.167,0.532,0.107,27.709,-107.142,7.412,522143807.000
-3.161,0.528,0.100,27.632,-107.036,7.386,522143906.000
-3.155,0.529,0.107,27.626,-106.952,7.378,522144007.000
-3.155,0.529,0.097,27.641,-106.815,7.379,522144107.000
-3.156,0.529,0.105,27.572,-106.646,7.380,522144206.000
-3.150,0.527,0.107,27.523,-106.530,7.336,522144306.000
-3.141,0.522,0.107,27.480,-106.460,7.347,522144406.000
-3.139,0.526,0.105,27.489,-106.336,7.320,522144506.000
-3.140,0.523,0.105,27.447,-106.190,7.340,522144606.000
-3.134,0.527,0.108,27.471,-106.099,7.341,522144707.000
-3.134,0.519,0.100,27.384,-105.930,7.314,522144806.000
-3.130,0.524,0.108,27.401,-105.834,7.307,522144906.000
-3.126,0.522,0.110,27.373,-105.706,7.327,522145006.000
-3.124,0.518,0.105,27.309,-105.614,7.300,522145106.000
-3.118,0.521,0.105,27.319,-105.531,7.301,522145207.000
-3.116,0.517,0.103,27.282,-105.407,7.275,522145306.000
-3.112,0.520,0.103,27.298,-105.287,7.258,522145407.000
-3.110,0.516,0.093,27.235,-105.163,7.259,522145506.000
-3.106,0.516,0.100,27.194,-105.067,7.287,522145606.000
-3.100,0.517,0.101,27.202,-105.009,7.252,522145707.000
-3.098,0.513,0.105,27.139,-104.884,7.280,522145807.000
-3.092,0.512,0.098,27.118,-104.802,7.236,522145906.000
-3.094,0.510,0.098,27.083,-104.644,7.218,522146007.000
-3.088,0.512,0.103,27.063,-104.568,7.238,522146106.000
-3.088,0.517,0.103,27.094,-104.471,7.229,522146206.000
-3.089,0.514,0.098,27.038,-104.319,7.221,522146307.000
-3.080,0.511,0.093,26.996,-104.241,7.213,522146406.000
-3.076,0.511,0.101,26.996,-104.169,7.215,522146507.000
-3.074,0.510,0.091,26.976,-104.045,7.197,522146606.000
-3.070,0.512,0.096,26.922,-103.933,7.180,522146706.000
-3.066,0.507,0.096,26.920,-103.861,7.190,522146806.000
-3.062,0.510,0.094,26.909,-103.774,7.173,522146906.000
-3.063,0.510,0.101,26.881,-103.677,7.201,522147007.000
-3.061,0.508,0.094,26.846,-103.545,7.184,522147105.000
-3.055,0.510,0.104,26.868,-103.477,7.176,522147205.000
-3.055,0.509,0.094,26.813,-103.365,7.149,522147306.000
-3.053,0.503,0.101,26.762,-103.256,7.169,522147405.000
-3.047,0.502,0.099,26.728,-103.182,7.179,522147506.000
-3.045,0.511,0.096,26.767,-103.057,7.143,522147605.000
-3.045,0.508,0.096,26.738,-102.936,7.135,522147706.000
-3.039,0.504,0.099,26.675,-102.869,7.136,522147805.000
-3.035,0.507,0.101,26.677,-102.790,7.147,522147905.000
-3.033,0.505,0.099,26.683,-102.714,7.129,522148007.000
-3.031,0.506,0.096,26.678,-102.589,7.121,522148106.000
-3.029,0.502,0.099,26.627,-102.521,7.122,522148205.000
-3.025,0.502,0.096,26.615,-102.410,7.123,522148306.000
-3.023,0.506,0.097,26.596,-102.301,7.096,522148406.000
-3.019,0.503,0.102,26.540,-102.189,7.088,522148507.000
-3.019,0.498,0.089,26.538,-102.109,7.071,522148606.000
-3.013,0.505,0.097,26.562,-102.026,7.081,522148706.000
-3.016,0.501,0.099,26.484,-101.933,7.081,522148805.000
-3.012,0.498,0.097,26.497,-101.845,7.074,522148905.000
-3.003,0.501,0.097,26.459,-101.799,7.084,522149005.000
-3.004,0.498,0.097,26.416,-101.654,7.076,522149105.000
-3.000,0.498,0.094,26.389,-101.567,7.077,522149206.000
-3.000,0.498,0.097,26.361,-101.486,7.049,522149306.000
-2.996,0.498,0.097,26.375,-101.390,7.051,522149405.000
-2.994,0.499,0.094,26.370,-101.314,7.043,522149506.000
-2.987,0.495,0.097,26.306,-101.247,7.044,522149606.000
-2.990,0.491,0.089,26.312,-101.138,7.044,522149705.000
-2.986,0.494,0.087,26.300,-101.051,7.027,522149805.000
-2.984,0.487,0.094,26.206,-100.966,7.018,522149906.000
-2.982,0.494,0.089,26.231,-100.875,7.028,522150006.000
-2.974,0.493,0.087,26.205,-100.813,7.002,522150105.000
-2.976,0.489,0.087,26.182,-100.703,7.003,522150205.000
-2.974,0.496,0.092,26.206,-100.627,7.013,522150305.000
-2.970,0.488,0.092,26.133,-100.555,6.986,522150406.000
-2.966,0.493,0.090,26.164,-100.468,6.978,522150505.000
-2.966,0.493,0.092,26.110,-100.339,7.007,522150606.000
-2.964,0.489,0.095,26.087,-100.271,7.007,522150705.000
-2.962,0.493,0.092,26.083,-100.171,7.008,522150805.000
-2.958,0.488,0.092,26.039,-100.075,6.963,522150905.000
-2.959,0.490,0.090,26.068,-99.986,6.973,522151006.000
-2.950,0.488,0.092,26.041,-99.932,6.993,522151106.000
-2.948,0.484,0.087,25.963,-99.865,6.966,522151206.000
-2.948,0.489,0.088,26.048,-99.767,6.930,522151307.000
-2.947,0.485,0.087,25.957,-99.659,6.959,522151406.000
-2.942,0.485,0.095,25.916,-99.612,6.959,522151506.000
-2.943,0.485,0.092,25.944,-99.498,6.961,522151606.000
-2.939,0.485,0.090,25.930,-99.435,6.934,522151706.000
-2.939,0.482,0.085,25.875,-99.331,6.953,522151806.000
-2.933,0.486,0.090,25.898,-99.256,6.927,522151906.000
-2.931,0.484,0.093,25.862,-99.187,6.909,522152007.000
-2.924,0.488,0.093,25.858,-99.129,6.910,522152106.000
-2.927,0.484,0.090,25.863,-99.003,6.911,522152206.000
-2.923,0.477,0.088,25.750,-98.941,6.912,522152306.000
-2.921,0.483,0.090,25.788,-98.872,6.922,522152406.000
-2.919,0.477,0.090,25.750,-98.788,6.913,522152507.000
-2.915,0.476,0.090,25.709,-98.692,6.887,522152607.000
-2.913,0.480,0.095,25.773,-98.615,6.888,522152706.000
-2.913,0.480,0.088,25.719,-98.520,6.916,522152807.000
-2.909,0.475,0.090,25.689,-98.464,6.899,522152906.000
-2.909,0.480,0.085,25.665,-98.384,6.889,522153007.000
-2.901,0.483,0.091,25.680,-98.321,6.845,522153107.000
-2.903,0.476,0.088,25.601,-98.220,6.864,522153206.000
-2.903,0.476,0.088,25.629,-98.123,6.865,522153306.000
-2.895,0.478,0.088,25.631,-98.053,6.848,522153406.000
-2.893,0.482,0.083,25.599,-97.986,6.848,522153506.000
-2.891,0.476,0.088,25.575,-97.909,6.840,522153606.000
-2.889,0.477,0.083,25.542,-97.818,6.859,522153707.000
-2.887,0.470,0.083,25.490,-97.709,6.823,522153806.000
-2.885,0.477,0.088,25.515,-97.633,6.833,522153906.000
-2.881,0.474,0.093,25.486,-97.617,6.853,522154006.000
-2.882,0.472,0.088,25.458,-97.464,6.844,522154107.000
-2.875,0.468,0.081,25.408,-97.406,6.790,522154206.000
-2.875,0.473,0.088,25.425,-97.333,6.837,522154307.000
-2.876,0.475,0.078,25.413,-97.221,6.791,522154406.000
-2.869,0.469,0.083,25.389,-97.170,6.811,522154506.000
-2.870,0.474,0.086,25.392,-97.089,6.802,522154607.000
-2.868,0.470,0.078,25.342,-97.006,6.803,522154706.000
-2.868,0.478,0.083,25.401,-96.916,6.776,522154806.000
-2.864,0.470,0.086,25.301,-96.861,6.777,522154906.000
-2.860,0.470,0.081,25.288,-96.782,6.778,522155006.000
-2.860,0.472,0.086,25.303,-96.668,6.788,522155106.000
-2.851,0.472,0.079,25.291,-96.647,6.762,522155206.000
-2.854,0.466,0.086,25.239,-96.561,6.781,522155306.000
-2.850,0.468,0.086,25.227,-96.490,6.763,522155406.000
-2.848,0.467,0.091,25.219,-96.389,6.773,522155506.000
-2.848,0.469,0.084,25.248,-96.317,6.756,522155607.000
-2.844,0.472,0.079,25.237,-96.262,6.738,522155706.000
-2.842,0.471,0.086,25.188,-96.153,6.748,522155806.000
-2.840,0.464,0.086,25.136,-96.093,6.740,522155906.000
-2.836,0.464,0.084,25.137,-96.006,6.741,522156006.000
-2.838,0.468,0.081,25.119,-95.905,6.741,522156106.000
-2.832,0.464,0.084,25.097,-95.862,6.742,522156206.000
-2.828,0.461,0.089,25.040,-95.799,6.734,522156306.000
-2.830,0.463,0.081,25.061,-95.714,6.697,522156406.000
-2.824,0.469,0.086,25.086,-95.614,6.708,522156506.000
-2.822,0.465,0.084,25.036,-95.563,6.709,522156606.000
-2.820,0.461,0.089,25.000,-95.486,6.710,522156706.000
-2.818,0.460,0.081,24.979,-95.427,6.692,522156806.000
-2.816,0.458,0.079,24.959,-95.303,6.702,522156906.000
-2.817,0.464,0.082,24.975,-95.246,6.693,522157007.000
-2.812,0.463,0.077,24.962,-95.167,6.667,522157106.000
-2.811,0.462,0.091,24.940,-95.106,6.704,522157206.000
-2.809,0.456,0.079,24.862,-95.015,6.668,522157306.000
-2.809,0.458,0.084,24.876,-94.949,6.650,522157407.000
-2.803,0.459,0.084,24.871,-94.867,6.670,522157506.000
-2.805,0.458,0.079,24.864,-94.773,6.652,522157606.000
-2.801,0.460,0.082,24.851,-94.718,6.634,522157706.000
-2.797,0.455,0.079,24.795,-94.631,6.645,522157806.000
-2.795,0.457,0.079,24.817,-94.571,6.664,522157907.000
-2.791,0.454,0.082,24.774,-94.515,6.628,522158006.000
-2.791,0.454,0.079,24.746,-94.403,6.629,522158107.000
-2.791,0.459,0.087,24.762,-94.329,6.620,522158206.000
-2.785,0.450,0.084,24.711,-94.255,6.631,522158306.000
-2.783,0.456,0.084,24.694,-94.171,6.640,522158406.000
-2.783,0.451,0.079,24.663,-94.090,6.595,522158506.000
-2.779,0.454,0.084,24.665,-94.027,6.633,522158606.000
-2.777,0.455,0.077,24.674,-93.943,6.625,522158707.000
-2.775,0.456,0.077,24.668,-93.883,6.616,522158806.000
-2.773,0.447,0.082,24.601,-93.807,6.626,522158906.000
-2.771,0.456,0.085,24.640,-93.714,6.590,522159006.000
-2.767,0.453,0.082,24.584,-93.651,6.582,522159106.000
-2.765,0.449,0.077,24.549,-93.560,6.583,522159206.000
-2.763,0.448,0.080,24.541,-93.491,6.565,522159306.000
-2.761,0.449,0.077,24.535,-93.464,6.584,522159406.000
-2.759,0.448,0.080,24.528,-93.347,6.594,522159506.000
-2.757,0.452,0.075,24.538,-93.255,6.568,522159606.000
-2.753,0.447,0.080,24.480,-93.216,6.578,522159706.000
-2.756,0.448,0.080,24.432,-93.107,6.541,522159806.000
-2.747,0.450,0.077,24.476,-93.093,6.579,522159906.000
-2.750,0.446,0.077,24.426,-92.983,6.552,522160006.000
-2.750,0.446,0.082,24.425,-92.870,6.553,522160107.000
-2.746,0.451,0.080,24.443,-92.807,6.544,522160207.000
-2.737,0.449,0.080,24.415,-92.785,6.564,522160306.000
-2.737,0.451,0.082,24.416,-92.728,6.546,522160407.000
-2.735,0.447,0.075,24.325,-92.621,6.519,522160506.000
-2.736,0.445,0.080,24.351,-92.531,6.539,522160606.000
-2.734,0.443,0.073,24.317,-92.497,6.520,522160707.000
-2.732,0.445,0.075,24.297,-92.380,6.512,522160806.000
-2.726,0.443,0.073,24.304,-92.329,6.523,522160906.000
-2.724,0.442,0.080,24.269,-92.245,6.533,522161006.000
-2.719,0.442,0.070,24.270,-92.206,6.506,522161107.000
-2.722,0.443,0.073,24.264,-92.088,6.525,522161206.000
-2.718,0.441,0.075,24.207,-92.057,6.516,522161306.000
-2.716,0.442,0.073,24.188,-91.958,6.508,522161406.000
-2.716,0.442,0.075,24.174,-91.852,6.481,522161506.000
-2.714,0.438,0.078,24.165,-91.808,6.510,522161606.000
-2.710,0.438,0.070,24.152,-91.762,6.483,522161706.000
-2.706,0.440,0.078,24.154,-91.665,6.493,522161806.000
-2.708,0.441,0.073,24.175,-91.596,6.457,522161906.000
-2.702,0.443,0.078,24.128,-91.521,6.504,522162006.000
-2.704,0.436,0.073,24.104,-91.452,6.467,522162107.000
-2.702,0.440,0.075,24.099,-91.384,6.468,522162207.000
-2.700,0.436,0.070,24.036,-91.293,6.469,522162306.000
-2.696,0.441,0.073,24.067,-91.237,6.460,522162407.000
-2.694,0.440,0.073,24.045,-91.129,6.443,522162506.000
-2.688,0.436,0.076,24.023,-91.134,6.444,522162607.000
-2.688,0.436,0.073,23.996,-91.022,6.445,522162707.000
-2.686,0.435,0.078,23.975,-90.945,6.455,522162806.000
-2.686,0.437,0.076,23.962,-90.881,6.437,522162906.000
-2.685,0.433,0.081,23.953,-90.804,6.438,522163006.000
-2.680,0.436,0.071,23.928,-90.742,6.420,522163107.000
-2.679,0.434,0.073,23.894,-90.625,6.430,522163207.000
-2.679,0.437,0.071,23.909,-90.561,6.412,522163307.000
-2.677,0.436,0.071,23.915,-90.501,6.422,522163406.000
-2.675,0.434,0.073,23.894,-90.408,6.432,522163506.000
-2.668,0.433,0.071,23.833,-90.383,6.415,522163607.000
-2.669,0.433,0.076,23.874,-90.293,6.416,522163707.000
-2.664,0.430,0.071,23.818,-90.263,6.407,522163806.000
-2.663,0.431,0.078,23.825,-90.129,6.399,522163906.000
-2.661,0.435,0.071,23.808,-90.070,6.400,522164006.000
-2.661,0.430,0.071,23.777,-89.973,6.382,522164106.000
-2.659,0.431,0.071,23.758,-89.889,6.401,522164206.000
-2.655,0.429,0.078,23.742,-89.865,6.365,522164306.000
-2.655,0.429,0.076,23.729,-89.777,6.393,522164406.000
-2.651,0.431,0.074,23.731,-89.665,6.376,522164506.000
-2.645,0.430,0.074,23.710,-89.631,6.359,522164606.000
-2.647,0.428,0.069,23.648,-89.587,6.368,522164706.000
-2.639,0.428,0.069,23.662,-89.516,6.342,522164807.000
-2.643,0.426,0.066,23.620,-89.427,6.360,522164906.000
-2.639,0.426,0.071,23.620,-89.338,6.362,522165006.000
-2.635,0.428,0.069,23.622,-89.275,6.372,522165106.000
-2.639,0.426,0.074,23.592,-89.161,6.363,522165207.000
-2.637,0.422,0.061,23.543,-89.094,6.336,522165306.000
-2.631,0.428,0.066,23.595,-89.043,6.346,522165406.000
-2.627,0.420,0.069,23.523,-88.987,6.347,522165506.000
-2.625,0.424,0.071,23.532,-88.895,6.320,522165607.000
-2.623,0.423,0.071,23.524,-88.859,6.330,522165707.000
-2.621,0.424,0.066,23.519,-88.767,6.322,522165807.000
-2.619,0.423,0.069,23.498,-88.675,6.332,522165907.000
-2.615,0.420,0.066,23.442,-88.660,6.296,522166007.000
-2.618,0.419,0.066,23.420,-88.527,6.305,522166107.000
-2.613,0.419,0.066,23.407,-88.479,6.306,522166206.000
-2.614,0.421,0.074,23.408,-88.406,6.288,522166306.000
-2.607,0.420,0.062,23.416,-88.340,6.299,522166406.000
-2.608,0.420,0.069,23.361,-88.243,6.327,522166506.000
-2.606,0.418,0.067,23.339,-88.167,6.282,522166607.000
-2.601,0.421,0.067,23.382,-88.095,6.265,522166706.000
-2.602,0.418,0.057,23.341,-88.032,6.283,522166806.000
-2.600,0.419,0.064,23.320,-87.947,6.275,522166907.000
-2.596,0.417,0.067,23.292,-87.867,6.267,522167007.000
-2.594,0.418,0.072,23.272,-87.815,6.286,522167107.000
-2.596,0.419,0.067,23.279,-87.722,6.249,522167207.000
-2.585,0.418,0.067,23.273,-87.689,6.260,522167307.000
-2.588,0.419,0.067,23.281,-87.579,6.252,522167406.000
-2.584,0.417,0.064,23.239,-87.540,6.271,522167507.000
-2.582,0.415,0.064,23.190,-87.432,6.226,522167607.000
-2.580,0.414,0.064,23.197,-87.372,6.263,522167707.000
-2.578,0.415,0.067,23.149,-87.304,6.227,522167806.000
-2.582,0.410,0.062,23.119,-87.198,6.236,522167907.000
-2.576,0.416,0.064,23.144,-87.131,6.247,522168006.000
-2.570,0.415,0.062,23.137,-87.057,6.230,522168107.000
-2.572,0.414,0.065,23.115,-86.987,6.212,522168206.000
-2.570,0.412,0.067,23.080,-86.919,6.222,522168307.000
-2.566,0.412,0.062,23.067,-86.840,6.223,522168407.000
-2.564,0.408,0.065,23.044,-86.723,6.196,522168508.000
-2.560,0.411,0.062,23.047,-86.709,6.206,522168608.000
-2.556,0.411,0.065,23.005,-86.629,6.179,522168707.000
-2.554,0.412,0.062,23.000,-86.553,6.199,522168807.000
-2.559,0.409,0.057,22.957,-86.448,6.162,522168908.000
-2.552,0.411,0.065,22.992,-86.388,6.182,522169008.000
-2.553,0.408,0.067,22.964,-86.331,6.201,522169107.000
-2.549,0.408,0.067,22.909,-86.212,6.202,522169208.000
-2.544,0.410,0.055,22.952,-86.157,6.129,522169308.000
-2.540,0.405,0.065,22.895,-86.101,6.167,522169408.000
-2.541,0.405,0.065,22.895,-86.004,6.168,522169508.000
-2.536,0.410,0.060,22.899,-85.950,6.159,522169606.000
-2.534,0.406,0.063,22.876,-85.881,6.132,522169708.000
-2.535,0.404,0.062,22.820,-85.760,6.152,522169808.000
-2.535,0.404,0.065,22.778,-85.704,6.152,522169908.000
-2.531,0.404,0.062,22.779,-85.616,6.125,522170007.000
-2.522,0.404,0.060,22.766,-85.579,6.127,522170107.000
-2.523,0.398,0.058,22.695,-85.490,6.109,522170207.000
-2.523,0.406,0.058,22.795,-85.393,6.110,522170307.000
-2.521,0.402,0.063,22.718,-85.341,6.138,522170408.000
-2.521,0.405,0.065,22.677,-85.260,6.092,522170507.000
-2.517,0.397,0.060,22.674,-85.181,6.093,522170607.000
-2.513,0.399,0.063,22.676,-85.101,6.104,522170707.000
-2.513,0.402,0.065,22.664,-85.020,6.113,522170808.000
-2.509,0.404,0.060,22.652,-84.966,6.096,522170908.000
-2.509,0.402,0.060,22.623,-84.893,6.087,522171008.000
-2.509,0.402,0.058,22.609,-84.804,6.060,522171107.000
-2.503,0.395,0.060,22.572,-84.762,6.080,522171207.000
-2.501,0.399,0.060,22.554,-84.702,6.080,522171308.000
-2.501,0.396,0.055,22.553,-84.597,6.072,522171408.000
-2.499,0.398,0.058,22.533,-84.529,6.063,522171507.000
-2.493,0.396,0.065,22.498,-84.470,6.046,522171607.000
-2.495,0.397,0.060,22.505,-84.377,6.037,522171707.000
-2.491,0.392,0.060,22.462,-84.330,6.047,522171807.000
-2.487,0.397,0.058,22.451,-84.267,6.011,522171908.000
-2.483,0.397,0.063,22.466,-84.203,6.040,522172007.000
-2.483,0.395,0.053,22.410,-84.115,6.004,522172108.000
-2.486,0.396,0.058,22.431,-84.013,6.023,522172207.000
-2.475,0.395,0.058,22.383,-83.956,6.006,522172308.000
-2.477,0.393,0.058,22.403,-83.894,6.015,522172408.000
-2.473,0.393,0.058,22.389,-83.798,5.989,522172508.000
-2.471,0.397,0.056,22.371,-83.771,5.989,522172606.000
-2.471,0.397,0.058,22.371,-83.690,5.990,522172706.000
-2.467,0.392,0.061,22.286,-83.587,6.000,522172806.000
-2.465,0.395,0.056,22.296,-83.543,5.973,522172908.000
-2.463,0.394,0.061,22.330,-83.466,5.983,522173006.000
-2.461,0.390,0.056,22.252,-83.399,5.956,522173106.000
-2.460,0.391,0.056,22.260,-83.315,5.948,522173206.000
-2.455,0.391,0.058,22.233,-83.260,5.976,522173307.000
-2.458,0.387,0.053,22.183,-83.167,5.949,522173406.000
-2.454,0.393,0.061,22.213,-83.094,5.941,522173506.000
-2.450,0.390,0.056,22.171,-83.040,5.933,522173606.000
-2.448,0.389,0.059,22.136,-82.972,5.915,522173706.000
-2.448,0.388,0.054,22.136,-82.891,5.915,522173807.000
-2.441,0.392,0.054,22.174,-82.857,5.944,522173907.000
-2.444,0.386,0.059,22.094,-82.755,5.908,522174006.000
-2.444,0.388,0.051,22.110,-82.659,5.918,522174107.000
-2.438,0.390,0.054,22.090,-82.616,5.882,522174206.000
-2.438,0.392,0.051,22.092,-82.527,5.891,522174307.000
-2.434,0.390,0.056,22.036,-82.464,5.911,522174407.000
-2.430,0.392,0.059,22.065,-82.384,5.894,522174506.000
-2.432,0.391,0.056,22.085,-82.306,5.903,522174606.000
-2.428,0.391,0.056,22.016,-82.211,5.877,522174706.000
-2.424,0.385,0.049,21.973,-82.165,5.859,522174807.000
-2.422,0.384,0.054,21.966,-82.064,5.869,522174906.000
-2.420,0.383,0.049,21.918,-82.021,5.879,522175006.000
-2.418,0.384,0.054,21.925,-81.969,5.870,522175106.000
-2.414,0.381,0.057,21.910,-81.913,5.862,522175206.000
-2.414,0.381,0.049,21.897,-81.792,5.835,522175307.000
-2.410,0.386,0.059,21.886,-81.761,5.854,522175407.000
-2.406,0.381,0.049,21.843,-81.698,5.837,522175506.000
-2.408,0.382,0.049,21.850,-81.540,5.829,522175606.000
-2.406,0.381,0.054,21.815,-81.488,5.811,522175706.000
-2.404,0.382,0.049,21.781,-81.493,5.801,522175806.000
-2.400,0.380,0.049,21.767,-81.373,5.821,522175907.000
-2.398,0.378,0.049,21.746,-81.313,5.804,522176006.000
-2.399,0.383,0.059,21.776,-81.232,5.795,522176106.000
-2.394,0.383,0.057,21.749,-81.193,5.796,522176206.000
-2.390,0.381,0.052,21.734,-81.138,5.788,522176306.000
-2.395,0.378,0.049,21.678,-81.024,5.778,522176406.000
-2.391,0.378,0.057,21.678,-80.952,5.807,522176506.000
-2.387,0.378,0.055,21.692,-80.889,5.753,522176606.000
-2.385,0.382,0.054,21.660,-80.805,5.781,522176706.000
-2.383,0.375,0.052,21.609,-80.729,5.773,522176806.000
-2.383,0.375,0.052,21.595,-80.657,5.773,522176906.000
-2.383,0.375,0.050,21.567,-80.592,5.718,522177006.000
-2.375,0.383,0.055,21.628,-80.554,5.748,522177107.000
-2.371,0.372,0.052,21.540,-80.466,5.739,522177206.000
-2.373,0.376,0.052,21.577,-80.381,5.740,522177306.000
-2.367,0.375,0.047,21.528,-80.315,5.695,522177407.000
-2.369,0.376,0.052,21.508,-80.237,5.713,522177506.000
-2.367,0.375,0.050,21.473,-80.186,5.723,522177606.000
-2.358,0.375,0.050,21.475,-80.140,5.725,522177706.000
-2.359,0.375,0.047,21.461,-80.051,5.698,522177806.000
-2.357,0.376,0.050,21.455,-80.007,5.689,522177907.000
-2.355,0.369,0.047,21.418,-79.907,5.709,522178006.000
-2.357,0.371,0.047,21.397,-79.797,5.672,522178106.000
-2.347,0.369,0.045,21.377,-79.772,5.683,522178207.000
-2.349,0.371,0.050,21.357,-79.695,5.674,522178306.000
-2.351,0.369,0.045,21.363,-79.577,5.656,522178406.000
-2.345,0.373,0.050,21.372,-79.526,5.657,522178507.000
-2.345,0.370,0.055,21.301,-79.462,5.648,522178606.000
-2.341,0.375,0.050,21.374,-79.382,5.640,522178707.000
-2.337,0.373,0.050,21.318,-79.335,5.632,522178807.000
-2.337,0.368,0.050,21.247,-79.263,5.641,522178907.000
-2.331,0.371,0.048,21.284,-79.164,5.615,522179006.000
-2.333,0.367,0.048,21.261,-79.102,5.616,522179107.000
-2.325,0.370,0.048,21.250,-79.057,5.626,522179207.000
-2.329,0.365,0.053,21.177,-78.942,5.608,522179306.000
-2.325,0.367,0.050,21.207,-78.879,5.618,522179407.000
-2.328,0.371,0.050,21.202,-78.818,5.618,522179507.000
-2.319,0.366,0.048,21.145,-78.756,5.601,522179606.000
-2.319,0.366,0.045,21.104,-78.668,5.602,522179706.000
-2.313,0.367,0.053,21.126,-78.632,5.594,522179806.000
-2.311,0.368,0.048,21.120,-78.540,5.585,522179906.000
-2.311,0.366,0.055,21.091,-78.467,5.577,522180006.000
-2.312,0.358,0.050,21.045,-78.387,5.577,522180106.000
-2.307,0.360,0.048,21.048,-78.324,5.587,522180206.000
-2.308,0.365,0.048,21.036,-78.251,5.551,522180307.000
-2.301,0.364,0.051,21.043,-78.233,5.561,522180407.000
-2.301,0.369,0.051,21.046,-78.136,5.553,522180506.000
-2.297,0.362,0.048,20.988,-78.073,5.554,522180607.000
-2.295,0.363,0.048,20.996,-77.988,5.573,522180706.000
-2.296,0.363,0.053,20.954,-77.899,5.546,522180806.000
-2.296,0.363,0.053,20.940,-77.827,5.546,522180907.000
-2.287,0.360,0.046,20.927,-77.781,5.539,522181006.000
-2.288,0.363,0.053,20.927,-77.708,5.521,522181107.000
-2.286,0.361,0.048,20.893,-77.641,5.530,522181206.000
-2.284,0.360,0.043,20.872,-77.549,5.513,522181306.000
-2.282,0.361,0.043,20.880,-77.513,5.504,522181406.000
-2.280,0.357,0.046,20.830,-77.445,5.505,522181506.000
-2.280,0.362,0.048,20.832,-77.364,5.496,522181606.000
-2.276,0.360,0.044,20.818,-77.309,5.488,522181706.000
-2.276,0.360,0.043,20.804,-77.237,5.488,522181806.000
-2.276,0.360,0.043,20.777,-77.140,5.489,522181906.000
-2.274,0.361,0.044,20.798,-77.031,5.481,522182006.000
-2.270,0.358,0.049,20.756,-77.040,5.472,522182106.000
-2.268,0.362,0.049,20.793,-76.932,5.473,522182206.000
-2.264,0.357,0.046,20.694,-76.869,5.455,522182306.000
-2.264,0.359,0.049,20.695,-76.812,5.465,522182406.000
-2.258,0.363,0.049,20.705,-76.778,5.438,522182507.000
-2.262,0.355,0.044,20.673,-76.648,5.439,522182606.000
-2.256,0.351,0.046,20.624,-76.605,5.440,522182707.000
-2.254,0.355,0.051,20.619,-76.553,5.441,522182806.000
-2.252,0.351,0.046,20.596,-76.485,5.414,522182906.000
-2.248,0.357,0.046,20.614,-76.438,5.461,522183007.000
-2.246,0.353,0.044,20.578,-76.362,5.434,522183106.000
-2.244,0.356,0.044,20.560,-76.303,5.434,522183206.000
-2.240,0.351,0.046,20.529,-76.247,5.417,522183306.000
-2.238,0.352,0.046,20.523,-76.187,5.408,522183407.000
-2.240,0.351,0.041,20.488,-76.094,5.390,522183507.000
-2.238,0.355,0.042,20.539,-76.010,5.391,522183606.000
-2.236,0.353,0.041,20.490,-75.950,5.401,522183706.000
-2.237,0.353,0.049,20.476,-75.877,5.401,522183806.000
-2.230,0.349,0.044,20.454,-75.835,5.375,522183906.000
-2.228,0.348,0.034,20.434,-75.759,5.385,522184006.000
-2.226,0.354,0.044,20.485,-75.714,5.367,522184106.000
-2.227,0.347,0.044,20.385,-75.618,5.368,522184206.000
-2.222,0.352,0.044,20.415,-75.595,5.359,522184307.000
-2.223,0.352,0.044,20.401,-75.474,5.332,522184406.000
-2.218,0.352,0.044,20.402,-75.451,5.333,522184507.000
-2.216,0.350,0.049,20.367,-75.399,5.343,522184606.000
-2.219,0.346,0.037,20.317,-75.306,5.343,522184707.000
-2.215,0.352,0.052,20.375,-75.233,5.335,522184807.000
-2.213,0.348,0.039,20.312,-75.191,5.336,522184907.000
-2.206,0.346,0.039,20.305,-75.132,5.319,522185006.000
-2.209,0.350,0.052,20.299,-75.054,5.346,522185107.000
-2.205,0.350,0.049,20.327,-75.015,5.320,522185207.000
-2.203,0.349,0.040,20.279,-74.940,5.302,522185306.000
-2.203,0.346,0.044,20.250,-74.850,5.321,522185406.000
-2.201,0.345,0.039,20.202,-74.759,5.303,522185506.000
-2.197,0.345,0.040,20.188,-74.712,5.276,522185606.000
-2.193,0.345,0.042,20.203,-74.680,5.277,522185707.000
-2.195,0.346,0.042,20.169,-74.595,5.296,522185807.000
-2.191,0.343,0.042,20.154,-74.572,5.287,522185907.000
-2.193,0.347,0.045,20.163,-74.454,5.288,522186007.000
-2.191,0.346,0.042,20.169,-74.427,5.270,522186108.000
-2.191,0.343,0.040,20.113,-74.338,5.261,522186208.000
-2.189,0.344,0.037,20.093,-74.287,5.253,522186308.000
-2.185,0.347,0.047,20.108,-74.230,5.263,522186408.000
-2.181,0.344,0.035,20.095,-74.176,5.255,522186507.000
-2.181,0.342,0.045,20.065,-74.119,5.246,522186607.000
-2.181,0.342,0.042,20.051,-74.030,5.246,522186707.000
-2.177,0.339,0.035,20.010,-74.008,5.238,522186807.000
-2.175,0.340,0.045,20.016,-73.939,5.202,522186908.000
-2.175,0.338,0.042,19.974,-73.875,5.220,522187007.000
-2.169,0.341,0.040,19.970,-73.849,5.221,522187108.000
-2.171,0.340,0.035,19.990,-73.756,5.204,522187208.000
-2.167,0.340,0.042,19.963,-73.684,5.205,522187308.000
-2.167,0.345,0.030,19.994,-73.652,5.195,522187408.000
-2.163,0.340,0.052,19.936,-73.579,5.233,522187507.000
-2.161,0.336,0.038,19.900,-73.521,5.206,522187607.000
-2.157,0.344,0.043,19.946,-73.481,5.180,522187707.000
-2.157,0.339,0.038,19.902,-73.425,5.189,522187807.000
-2.155,0.337,0.038,19.881,-73.365,5.171,522187908.000
-2.155,0.340,0.040,19.869,-73.284,5.209,522188007.000
-2.151,0.332,0.038,19.824,-73.245,5.182,522188108.000
-2.151,0.337,0.040,19.840,-73.188,5.173,522188208.000
-2.152,0.334,0.043,19.811,-73.132,5.164,522188308.000
-2.156,0.337,0.035,19.799,-73.010,5.174,522188408.000
-2.148,0.334,0.038,19.784,-72.980,5.138,522188508.000
-2.150,0.336,0.038,19.764,-72.919,5.184,522188608.000
-2.146,0.335,0.040,19.792,-72.863,5.158,522188707.000
-2.144,0.332,0.035,19.728,-72.820,5.130,522188808.000
-2.142,0.333,0.033,19.709,-72.769,5.122,522188908.000
-2.138,0.330,0.040,19.694,-72.697,5.141,522189007.000
-2.136,0.331,0.038,19.674,-72.645,5.133,522189107.000
-2.138,0.333,0.035,19.695,-72.592,5.096,522189207.000
-2.132,0.331,0.040,19.688,-72.565,5.134,522189307.000
-2.130,0.335,0.043,19.698,-72.521,5.135,522189408.000
-2.132,0.334,0.040,19.676,-72.420,5.117,522189507.000
-2.128,0.331,0.038,19.648,-72.405,5.108,522189608.000
-2.128,0.334,0.038,19.649,-72.333,5.118,522189708.000
-2.124,0.334,0.036,19.622,-72.294,5.091,522189808.000
-2.124,0.334,0.041,19.622,-72.229,5.091,522189908.000
-2.122,0.330,0.038,19.600,-72.177,5.092,522190007.000
-2.120,0.331,0.038,19.594,-72.117,5.111,522190108.000
-2.116,0.331,0.038,19.594,-72.094,5.084,522190208.000
-2.116,0.328,0.033,19.552,-72.062,5.075,522190308.000
-2.114,0.332,0.041,19.547,-71.978,5.076,522190408.000
-2.116,0.326,0.031,19.495,-71.877,5.067,522190508.000
-2.110,0.332,0.038,19.561,-71.866,5.077,522190608.000
-2.106,0.330,0.038,19.519,-71.843,5.069,522190708.000
-2.110,0.329,0.036,19.519,-71.753,5.069,522190808.000
-2.108,0.331,0.036,19.499,-71.718,5.060,522190908.000
-2.106,0.322,0.036,19.418,-71.682,5.042,522191008.000
-2.102,0.324,0.041,19.434,-71.594,5.080,522191108.000
-2.104,0.331,0.043,19.444,-71.549,5.061,522191208.000
-2.100,0.323,0.038,19.385,-71.518,5.035,522191307.000
-2.102,0.327,0.033,19.408,-71.425,5.035,522191407.000
-2.100,0.330,0.036,19.445,-71.381,5.008,522191508.000
-2.096,0.318,0.036,19.328,-71.334,5.018,522191608.000
-2.094,0.329,0.031,19.383,-71.291,4.991,522191708.000
-2.094,0.326,0.029,19.368,-71.226,5.010,522191808.000
-2.092,0.330,0.036,19.377,-71.166,4.983,522191908.000
-2.090,0.326,0.038,19.341,-71.122,5.011,522192008.000
-2.090,0.324,0.038,19.325,-71.073,5.002,522192107.000
-2.086,0.326,0.034,19.314,-71.067,4.984,522192208.000
-2.084,0.328,0.031,19.308,-70.991,4.976,522192308.000
-2.084,0.325,0.039,19.293,-70.942,4.995,522192408.000
-2.082,0.324,0.036,19.258,-70.891,4.977,522192508.000
-2.082,0.329,0.039,19.302,-70.834,4.996,522192607.000
-2.078,0.326,0.031,19.287,-70.811,4.959,522192707.000
-2.076,0.322,0.036,19.237,-70.759,4.960,522192808.000
-2.076,0.325,0.039,19.252,-70.678,4.970,522192908.000
-2.077,0.322,0.031,19.210,-70.631,4.961,522193008.000
-2.072,0.322,0.029,19.238,-70.591,4.934,522193107.000
-2.070,0.323,0.029,19.218,-70.556,4.925,522193208.000
-2.070,0.321,0.026,19.176,-70.492,4.944,522193308.000
-2.071,0.318,0.031,19.133,-70.427,4.963,522193408.000
-2.071,0.326,0.036,19.206,-70.410,4.936,522193508.000
-2.069,0.324,0.036,19.171,-70.326,4.945,522193608.000
-2.065,0.327,0.034,19.173,-70.311,4.928,522193707.000
-2.062,0.323,0.026,19.137,-70.252,4.928,522193807.000
-2.063,0.320,0.034,19.121,-70.203,4.920,522193908.000
-2.056,0.324,0.041,19.131,-70.216,4.948,522194008.000
-2.063,0.320,0.026,19.067,-70.107,4.920,522194108.000
-2.059,0.320,0.034,19.095,-70.035,4.921,522194208.000
-2.055,0.318,0.031,19.025,-69.996,4.912,522194308.000
-2.057,0.316,0.034,19.030,-69.926,4.894,522194408.000
-2.053,0.316,0.032,19.004,-69.936,4.895,522194508.000
-2.053,0.319,0.034,19.046,-69.855,4.905,522194607.000
-2.049,0.321,0.029,19.049,-69.824,4.887,522194708.000
-2.044,0.316,0.029,19.019,-69.801,4.897,522194808.000
-2.049,0.321,0.037,19.021,-69.727,4.915,522194907.000
-2.045,0.316,0.037,19.018,-69.655,4.871,522195008.000
-2.045,0.319,0.029,18.979,-69.656,4.879,522195107.000
-2.043,0.315,0.032,18.942,-69.564,4.853,522195208.000
-2.045,0.319,0.032,18.965,-69.503,4.880,522195307.000
-2.041,0.316,0.027,18.964,-69.520,4.844,522195408.000
-2.043,0.317,0.032,18.944,-69.443,4.863,522195508.000
-2.041,0.316,0.024,18.923,-69.383,4.873,522195607.000
-2.039,0.315,0.034,18.915,-69.363,4.855,522195708.000
-2.037,0.311,0.029,18.893,-69.295,4.855,522195808.000
-2.035,0.315,0.032,18.902,-69.300,4.856,522195907.000
-2.035,0.317,0.034,18.904,-69.243,4.865,522196008.000
-2.033,0.318,0.032,18.898,-69.167,4.857,522196107.000
-2.031,0.315,0.029,18.862,-69.140,4.857,522196208.000
-2.029,0.313,0.037,18.854,-69.104,4.867,522196307.000
-2.029,0.316,0.032,18.856,-69.047,4.849,522196407.000
-2.027,0.314,0.032,18.821,-69.012,4.858,522196507.000
-2.027,0.312,0.029,18.792,-68.972,4.822,522196607.000
-2.027,0.312,0.032,18.778,-68.915,4.850,522196708.000
-2.021,0.316,0.032,18.816,-68.881,4.851,522196807.000
-2.021,0.313,0.024,18.801,-68.833,4.842,522196907.000
-2.021,0.316,0.027,18.788,-68.800,4.824,522197007.000
-2.019,0.314,0.030,18.794,-68.756,4.806,522197107.000
-2.017,0.313,0.030,18.787,-68.720,4.788,522197207.000
-2.019,0.309,0.037,18.722,-68.683,4.816,522197307.000
-2.020,0.309,0.032,18.736,-68.627,4.789,522197408.000
-2.011,0.314,0.027,18.727,-68.622,4.808,522197507.000
-2.011,0.314,0.035,18.740,-68.548,4.809,522197607.000
-2.007,0.311,0.027,18.726,-68.526,4.800,522197707.000
-2.009,0.313,0.032,18.692,-68.473,4.818,522197807.000
-2.007,0.311,0.032,18.712,-68.437,4.801,522197907.000
-2.010,0.313,0.030,18.692,-68.360,4.792,522198006.000
-2.003,0.309,0.030,18.656,-68.374,4.792,522198107.000
-2.008,0.309,0.035,18.655,-68.283,4.792,522198207.000
-2.003,0.311,0.032,18.657,-68.269,4.747,522198306.000
-2.001,0.307,0.025,18.607,-68.234,4.747,522198407.000
-2.004,0.311,0.027,18.644,-68.164,4.775,522198506.000
-2.002,0.310,0.032,18.636,-68.112,4.785,522198606.000
-2.000,0.306,0.022,18.614,-68.061,4.758,522198708.000
-1.995,0.306,0.032,18.600,-68.077,4.759,522198807.000
-2.000,0.306,0.035,18.586,-67.995,4.759,522198907.000
-1.998,0.315,0.027,18.640,-67.960,4.778,522199007.000
-1.994,0.305,0.027,18.580,-67.937,4.769,522199106.000
-1.994,0.307,0.030,18.539,-67.905,4.751,522199206.000
-1.992,0.306,0.020,18.533,-67.854,4.760,522199306.000
-1.987,0.308,0.027,18.562,-67.854,4.743,522199407.000
-1.992,0.306,0.032,18.519,-67.764,4.761,522199506.000
-1.983,0.306,0.028,18.533,-67.759,4.735,522199606.000
-1.986,0.304,0.032,18.512,-67.705,4.744,522199707.000
-1.981,0.302,0.020,18.498,-67.700,4.735,522199806.000
-1.984,0.306,0.030,18.492,-67.605,4.736,522199906.000
-1.982,0.307,0.025,18.500,-67.586,4.727,522200006.000
-1.984,0.306,0.035,18.464,-67.540,4.736,522200107.000
-1.984,0.303,0.030,18.436,-67.484,4.727,522200207.000
-1.982,0.307,0.030,18.472,-67.473,4.728,522200306.000
-1.978,0.304,0.028,18.444,-67.458,4.719,522200406.000
-1.978,0.307,0.028,18.446,-67.386,4.729,522200506.000
-1.976,0.303,0.028,18.423,-67.398,4.729,522200607.000
-1.978,0.307,0.032,18.432,-67.296,4.729,522200707.000
-1.974,0.307,0.030,18.432,-67.306,4.702,522200807.000
-1.972,0.305,0.030,18.411,-67.246,4.684,522200906.000
-1.972,0.300,0.030,18.367,-67.222,4.694,522201007.000
-1.970,0.307,0.025,18.406,-67.154,4.704,522201107.000
-1.970,0.304,0.028,18.362,-67.122,4.695,522201206.000
-1.972,0.302,0.025,18.355,-67.045,4.676,522201306.000
-1.970,0.299,0.030,18.346,-67.016,4.677,522201406.000
-1.970,0.304,0.028,18.363,-66.976,4.696,522201506.000
-1.964,0.305,0.030,18.343,-66.982,4.660,522201607.000
-1.966,0.304,0.030,18.349,-66.945,4.669,522201706.000
-1.966,0.304,0.028,18.335,-66.905,4.669,522201806.000
-1.962,0.301,0.030,18.307,-66.825,4.689,522201906.000
-1.960,0.305,0.028,18.330,-66.822,4.689,522202007.000
-1.962,0.299,0.028,18.251,-66.786,4.679,522202107.000
-1.958,0.304,0.020,18.295,-66.787,4.643,522202206.000
-1.958,0.301,0.028,18.294,-66.714,4.662,522202306.000
-1.954,0.306,0.028,18.325,-66.691,4.654,522202407.000
-1.958,0.298,0.018,18.252,-66.650,4.653,522202506.000
-1.954,0.304,0.025,18.282,-66.626,4.673,522202607.000
-1.954,0.304,0.028,18.282,-66.594,4.673,522202707.000
-1.950,0.298,0.025,18.211,-66.531,4.655,522202806.000
-1.952,0.297,0.028,18.217,-66.510,4.664,522202907.000
-1.950,0.301,0.020,18.213,-66.475,4.637,522203007.000
-1.948,0.302,0.030,18.248,-66.454,4.656,522203107.000
-1.948,0.299,0.028,18.205,-66.390,4.647,522203207.000
-1.946,0.301,0.025,18.185,-66.387,4.638,522203306.000
-1.946,0.303,0.025,18.215,-66.363,4.648,522203408.000
-1.942,0.303,0.026,18.215,-66.340,4.648,522203508.000
-1.942,0.298,0.026,18.171,-66.267,4.631,522203608.000
-1.946,0.298,0.025,18.170,-66.242,4.630,522203707.000
-1.944,0.299,0.021,18.151,-66.223,4.621,522203807.000
-1.945,0.297,0.026,18.149,-66.133,4.613,522203907.000
-1.938,0.298,0.028,18.144,-66.163,4.632,522204008.000
-1.938,0.298,0.026,18.144,-66.147,4.604,522204107.000
-1.940,0.302,0.031,18.152,-66.094,4.604,522204207.000
-1.938,0.295,0.026,18.087,-66.026,4.623,522204308.000
-1.938,0.298,0.028,18.116,-66.018,4.605,522204407.000
-1.934,0.300,0.023,18.118,-65.987,4.615,522204507.000
-1.934,0.295,0.018,18.075,-65.931,4.597,522204607.000
-1.932,0.302,0.018,18.113,-65.896,4.607,522204707.000
-1.930,0.298,0.026,18.090,-65.908,4.607,522204808.000
-1.928,0.294,0.023,18.040,-65.856,4.580,522204907.000
-1.930,0.295,0.023,18.048,-65.795,4.626,522205007.000
-1.933,0.299,0.033,18.083,-65.773,4.598,522205108.000
-1.928,0.296,0.026,18.082,-65.775,4.590,522205208.000
-1.928,0.296,0.028,18.055,-65.743,4.590,522205308.000
-1.926,0.298,0.026,18.021,-65.715,4.581,522205408.000
-1.922,0.293,0.026,18.005,-65.717,4.591,522205508.000
-1.924,0.296,0.026,18.028,-65.655,4.591,522205608.000
-1.920,0.299,0.026,18.044,-65.632,4.573,522205708.000
-1.925,0.294,0.026,17.958,-65.559,4.582,522205808.000
-1.920,0.296,0.023,17.988,-65.544,4.592,522205908.000
-1.925,0.296,0.018,17.973,-65.511,4.564,522206007.000
-1.921,0.294,0.023,17.972,-65.495,4.556,522206107.000
-1.918,0.298,0.023,17.982,-65.484,4.583,522206208.000
-1.921,0.299,0.026,17.975,-65.415,4.574,522206308.000
-1.923,0.297,0.028,17.980,-65.393,4.556,522206408.000
-1.917,0.294,0.021,17.931,-65.384,4.557,522206508.000
-1.915,0.292,0.026,17.924,-65.332,4.567,522206607.000
-1.915,0.297,0.028,17.982,-65.299,4.586,522206707.000
-1.913,0.291,0.023,17.917,-65.280,4.549,522206807.000
-1.910,0.292,0.023,17.924,-65.293,4.540,522206908.000
-1.910,0.295,0.026,17.926,-65.236,4.577,522207008.000
-1.911,0.292,0.028,17.897,-65.179,4.541,522207108.000
-1.911,0.295,0.023,17.898,-65.172,4.550,522207208.000
-1.911,0.295,0.023,17.912,-65.147,4.550,522207307.000
-1.911,0.292,0.023,17.897,-65.099,4.541,522207408.000
-1.909,0.291,0.026,17.848,-65.104,4.550,522207508.000
-1.904,0.293,0.026,17.863,-65.081,4.505,522207608.000
-1.905,0.291,0.021,17.863,-65.024,4.524,522207708.000
-1.907,0.289,0.026,17.855,-64.995,4.533,522207808.000
-1.903,0.295,0.026,17.872,-64.996,4.525,522207908.000
-1.900,0.291,0.026,17.835,-64.985,4.497,522208008.000
-1.903,0.287,0.023,17.827,-64.932,4.553,522208108.000
-1.905,0.293,0.026,17.836,-64.887,4.534,522208208.000
-1.903,0.294,0.026,17.872,-64.851,4.553,522208307.000
-1.901,0.293,0.026,17.837,-64.815,4.508,522208407.000
-1.901,0.291,0.029,17.808,-64.807,4.526,522208508.000
-1.899,0.292,0.021,17.802,-64.796,4.517,522208608.000
-1.897,0.296,0.021,17.825,-64.761,4.518,522208708.000
-1.899,0.294,0.026,17.817,-64.731,4.527,522208807.000
-1.899,0.294,0.024,17.804,-64.691,4.527,522208908.000
-1.897,0.293,0.024,17.797,-64.656,4.537,522209008.000
-1.893,0.290,0.024,17.782,-64.681,4.500,522209107.000
-1.891,0.292,0.024,17.790,-64.645,4.519,522209208.000
-1.895,0.292,0.021,17.775,-64.628,4.491,522209307.000
-1.895,0.286,0.019,17.745,-64.564,4.501,522209407.000
-1.893,0.293,0.024,17.797,-64.535,4.483,522209508.000
-1.891,0.292,0.026,17.775,-64.540,4.492,522209608.000
-1.893,0.290,0.021,17.754,-64.520,4.501,522209708.000
-1.887,0.289,0.024,17.761,-64.453,4.512,522209807.000
-1.891,0.291,0.024,17.762,-64.451,4.493,522209907.000
-1.887,0.291,0.021,17.735,-64.413,4.466,522210007.000
-1.889,0.288,0.019,17.726,-64.408,4.466,522210108.000
-1.887,0.289,0.024,17.734,-64.356,4.485,522210208.000
-1.889,0.288,0.029,17.684,-64.351,4.494,522210308.000
-1.885,0.285,0.021,17.698,-64.328,4.486,522210407.000
-1.885,0.293,0.019,17.716,-64.313,4.485,522210508.000
-1.878,0.286,0.014,17.665,-64.343,4.477,522210608.000
-1.887,0.291,0.021,17.694,-64.243,4.495,522210707.000
-1.881,0.290,0.029,17.673,-64.257,4.477,522210807.000
-1.883,0.286,0.024,17.678,-64.212,4.477,522210908.000
-1.883,0.294,0.024,17.696,-64.164,4.477,522211008.000
-1.881,0.287,0.029,17.685,-64.159,4.469,522211107.000
-1.881,0.285,0.026,17.629,-64.120,4.487,522211208.000
-1.875,0.286,0.024,17.651,-64.166,4.479,522211308.000
-1.879,0.286,0.019,17.610,-64.085,4.478,522211407.000
-1.875,0.289,0.021,17.653,-64.077,4.461,522211508.000
-1.875,0.286,0.021,17.637,-64.077,4.452,522211608.000
-1.875,0.289,0.024,17.639,-64.021,4.461,522211708.000
-1.871,0.289,0.024,17.639,-64.046,4.462,522211808.000
-1.875,0.289,0.019,17.612,-63.989,4.489,522211908.000
-1.871,0.288,0.022,17.667,-63.981,4.435,522212008.000
-1.873,0.287,0.029,17.617,-63.944,4.444,522212108.000
-1.873,0.290,0.021,17.619,-63.921,4.453,522212208.000
-1.873,0.290,0.026,17.633,-63.880,4.453,522212308.000
-1.871,0.286,0.022,17.624,-63.885,4.426,522212407.000
-1.871,0.286,0.017,17.569,-63.853,4.426,522212508.000
-1.869,0.287,0.026,17.577,-63.833,4.445,522212608.000
-1.869,0.285,0.026,17.575,-63.808,4.436,522212707.000
-1.867,0.283,0.022,17.568,-63.789,4.445,522212808.000
-1.867,0.283,0.019,17.569,-63.773,4.446,522212907.000
-1.869,0.284,0.017,17.562,-63.721,4.436,522213008.000
-1.869,0.287,0.021,17.550,-63.704,4.445,522213107.000
-1.869,0.284,0.022,17.548,-63.680,4.437,522213207.000
-1.870,0.287,0.024,17.563,-63.647,4.446,522213307.000
-1.867,0.286,0.029,17.556,-63.643,4.456,522213407.000
-1.863,0.288,0.032,17.585,-63.612,4.438,522213508.000
-1.865,0.284,0.024,17.549,-63.576,4.438,522213608.000
-1.863,0.278,0.022,17.456,-63.573,4.429,522213707.000
-1.861,0.284,0.022,17.508,-63.561,4.438,522213808.000
-1.857,0.284,0.022,17.522,-63.562,4.411,522213907.000
-1.864,0.288,0.022,17.531,-63.500,4.438,522214008.000
-1.859,0.288,0.027,17.545,-63.485,4.439,522214107.000
-1.857,0.284,0.019,17.509,-63.474,4.440,522214208.000
-1.859,0.288,0.029,17.531,-63.428,4.440,522214307.000
-1.855,0.286,0.022,17.530,-63.478,4.431,522214407.000
-1.860,0.283,0.022,17.501,-63.380,4.422,522214508.000
-1.860,0.280,0.024,17.471,-63.372,4.412,522214607.000
-1.855,0.283,0.024,17.474,-63.373,4.422,522214708.000
-1.855,0.286,0.022,17.517,-63.357,4.432,522214807.000
-1.855,0.280,0.019,17.445,-63.317,4.413,522214907.000
-1.853,0.284,0.022,17.467,-63.297,4.386,522215008.000
-1.853,0.284,0.027,17.481,-63.256,4.414,522215107.000
-1.851,0.286,0.022,17.448,-63.262,4.432,522215208.000
-1.853,0.284,0.022,17.468,-63.249,4.414,522215308.000
-1.853,0.284,0.022,17.468,-63.249,4.414,522215407.000
-1.849,0.282,0.027,17.411,-63.234,4.405,522215507.000
-1.847,0.280,0.017,17.418,-63.207,4.387,522215607.000
-1.852,0.285,0.024,17.462,-63.156,4.406,522215708.000
-1.847,0.280,0.029,17.432,-63.165,4.416,522215807.000
-1.854,0.279,0.022,17.382,-63.104,4.396,522215908.000
-1.852,0.283,0.022,17.419,-63.092,4.424,522216008.000
-1.850,0.284,0.024,17.441,-63.097,4.416,522216107.000
-1.847,0.283,0.017,17.420,-63.086,4.397,522216208.000
-1.847,0.283,0.024,17.420,-63.085,4.425,522216307.000
-1.848,0.280,0.017,17.363,-63.013,4.388,522216407.000
-1.848,0.277,0.024,17.389,-62.988,4.380,522216507.000
-1.843,0.283,0.012,17.407,-63.007,4.371,522216607.000
-1.846,0.279,0.017,17.370,-63.002,4.398,522216708.000
-1.848,0.280,0.012,17.378,-62.957,4.389,522216807.000
-1.843,0.280,0.022,17.364,-62.974,4.389,522216908.000
-1.841,0.281,0.024,17.385,-62.930,4.381,522217007.000
-1.844,0.280,0.024,17.350,-62.869,4.390,522217107.000
-1.844,0.280,0.027,17.363,-62.860,4.390,522217208.000
-1.842,0.281,0.022,17.358,-62.865,4.381,522217308.000
-1.842,0.279,0.024,17.328,-62.857,4.372,522217407.000
-1.844,0.277,0.024,17.335,-62.820,4.409,522217507.000
-1.842,0.276,0.024,17.300,-62.785,4.391,522217608.000
-1.842,0.279,0.024,17.343,-62.784,4.400,522217708.000
-1.838,0.279,0.024,17.343,-62.761,4.374,522217807.000
-1.838,0.281,0.017,17.359,-62.762,4.383,522217908.000
-1.842,0.273,0.024,17.298,-62.712,4.382,522218007.000
-1.840,0.280,0.024,17.336,-62.724,4.364,522218108.000
-1.838,0.279,0.014,17.302,-62.722,4.373,522218208.000
-1.833,0.279,0.024,17.316,-62.738,4.374,522218308.000
-1.838,0.279,0.024,17.315,-62.665,4.374,522218407.000
-1.836,0.280,0.017,17.310,-62.654,4.365,522218507.000
-1.836,0.280,0.024,17.323,-62.629,4.365,522218607.000
-1.834,0.279,0.014,17.317,-62.626,4.375,522218708.000
-1.834,0.281,0.022,17.318,-62.601,4.384,522218807.000
-1.832,0.280,0.017,17.311,-62.582,4.366,522218907.000
-1.834,0.278,0.015,17.303,-62.554,4.348,522219007.000
-1.836,0.277,0.027,17.267,-62.524,4.384,522219107.000
-1.832,0.280,0.024,17.296,-62.557,4.366,522219207.000
-1.832,0.280,0.019,17.283,-62.501,4.367,522219307.000
-1.832,0.277,0.024,17.267,-62.485,4.358,522219407.000
-1.834,0.278,0.017,17.303,-62.472,4.348,522219507.000
-1.832,0.277,0.024,17.254,-62.461,4.358,522219608.000
-1.830,0.278,0.017,17.262,-62.426,4.349,522219707.000
-1.830,0.273,0.017,17.218,-62.450,4.358,522219808.000
-1.828,0.277,0.022,17.282,-62.421,4.331,522219907.000
-1.830,0.278,0.024,17.234,-62.377,4.377,522220007.000
-1.826,0.278,0.025,17.276,-62.377,4.350,522220107.000
-1.826,0.284,0.022,17.293,-62.386,4.368,522220207.000
-1.826,0.273,0.027,17.204,-62.370,4.359,522220308.000
-1.826,0.273,0.020,17.218,-62.346,4.332,522220408.000
-1.826,0.278,0.024,17.207,-62.305,4.350,522220507.000
-1.824,0.277,0.024,17.227,-62.318,4.360,522220608.000
-1.822,0.281,0.022,17.264,-62.290,4.360,522220708.000
-1.826,0.278,0.017,17.221,-62.282,4.350,522220807.000
-1.826,0.278,0.017,17.207,-62.257,4.323,522220909.000
-1.824,0.274,0.022,17.185,-62.254,4.351,522221009.000
-1.822,0.278,0.025,17.263,-62.233,4.352,522221108.000
-1.822,0.278,0.022,17.208,-62.218,4.351,522221208.000
-1.820,0.279,0.025,17.243,-62.198,4.343,522221309.000
-1.818,0.278,0.017,17.208,-62.211,4.324,522221408.000
-1.822,0.276,0.025,17.192,-62.137,4.343,522221509.000
-1.820,0.274,0.015,17.171,-62.159,4.297,522221608.000
-1.818,0.276,0.015,17.166,-62.147,4.343,522221709.000
-1.822,0.276,0.020,17.165,-62.105,4.343,522221808.000
-1.818,0.275,0.020,17.179,-62.106,4.316,522221908.000
-1.820,0.274,0.020,17.172,-62.094,4.353,522222009.000
-1.814,0.273,0.020,17.165,-62.083,4.308,522222108.000
-1.820,0.274,0.017,17.144,-62.029,4.325,522222208.000
-1.820,0.274,0.020,17.158,-62.021,4.325,522222309.000
-1.816,0.277,0.017,17.160,-62.055,4.335,522222408.000
-1.816,0.274,0.020,17.145,-62.022,4.326,522222509.000
-1.814,0.281,0.020,17.183,-62.035,4.308,522222608.000
-1.812,0.274,0.025,17.131,-62.007,4.327,522222708.000
-1.816,0.277,0.020,17.146,-61.950,4.336,522222809.000
-1.812,0.274,0.022,17.159,-61.991,4.327,522222908.000
-1.812,0.274,0.020,17.145,-61.951,4.327,522223008.000
-1.816,0.274,0.022,17.117,-61.893,4.327,522223108.000
-1.814,0.273,0.017,17.124,-61.898,4.309,522223208.000
-1.814,0.278,0.022,17.154,-61.881,4.327,522223309.000
-1.812,0.277,0.017,17.133,-61.886,4.309,522223409.000
-1.814,0.275,0.017,17.139,-61.849,4.318,522223508.000
-1.810,0.273,0.012,17.097,-61.843,4.309,522223608.000
-1.810,0.278,0.020,17.155,-61.842,4.328,522223708.000
-1.812,0.271,0.017,17.117,-61.814,4.319,522223807.000
-1.810,0.275,0.022,17.112,-61.810,4.319,522223909.000
-1.810,0.278,0.022,17.141,-61.786,4.329,522224007.000
-1.808,0.271,0.017,17.062,-61.791,4.319,522224107.000
-1.808,0.277,0.017,17.120,-61.791,4.310,522224208.000
-1.810,0.275,0.022,17.097,-61.737,4.292,522224308.000
-1.808,0.269,0.017,17.047,-61.743,4.310,522224407.000
-1.808,0.271,0.027,17.089,-61.709,4.348,522224508.000
-1.808,0.274,0.022,17.091,-61.702,4.329,522224608.000
-1.806,0.275,0.022,17.126,-61.714,4.293,522224708.000
-1.808,0.277,0.022,17.092,-61.678,4.339,522224808.000
-1.802,0.273,0.022,17.084,-61.691,4.312,522224907.000
-1.806,0.270,0.020,17.055,-61.674,4.330,522225008.000
-1.804,0.271,0.022,17.076,-61.679,4.321,522225107.000
-1.806,0.275,0.022,17.071,-61.618,4.321,522225208.000
-1.804,0.271,0.027,17.062,-61.638,4.294,522225308.000
-1.809,0.269,0.022,17.019,-61.581,4.312,522225407.000
-1.804,0.269,0.020,17.020,-61.590,4.312,522225508.000
-1.802,0.275,0.027,17.085,-61.553,4.294,522225607.000
-1.802,0.273,0.025,17.056,-61.562,4.313,522225708.000
-1.802,0.273,0.022,17.043,-61.570,4.313,522225808.000
-1.807,0.270,0.020,17.041,-61.505,4.303,522225908.000
-1.800,0.274,0.020,17.037,-61.543,4.304,522226008.000
-1.796,0.271,0.020,17.036,-61.544,4.295,522226107.000
-1.796,0.266,0.022,16.978,-61.512,4.305,522226208.000
-1.800,0.274,0.020,17.064,-61.494,4.304,522226307.000
-1.798,0.267,0.022,16.999,-61.475,4.295,522226408.000
-1.796,0.274,0.017,17.023,-61.480,4.277,522226507.000
-1.798,0.272,0.020,17.029,-61.459,4.286,522226608.000
-1.798,0.270,0.015,17.001,-61.403,4.277,522226707.000
-1.798,0.272,0.017,17.016,-61.419,4.286,522226807.000
-1.798,0.275,0.017,17.017,-61.395,4.296,522226907.000
-1.801,0.266,0.027,16.977,-61.373,4.305,522227007.000
-1.800,0.268,0.017,16.992,-61.357,4.259,522227108.000
-1.794,0.275,0.027,17.017,-61.387,4.296,522227207.000
-1.796,0.271,0.020,17.022,-61.375,4.296,522227307.000
-1.794,0.270,0.020,16.974,-61.363,4.306,522227408.000
-1.796,0.269,0.020,16.966,-61.351,4.287,522227508.000
-1.798,0.272,0.015,16.988,-61.306,4.287,522227608.000
-1.796,0.274,0.017,17.024,-61.286,4.279,522227708.000
-1.794,0.275,0.015,17.046,-61.307,4.297,522227807.000
-1.792,0.269,0.022,16.980,-61.319,4.288,522227907.000
-1.792,0.274,0.015,17.011,-61.271,4.279,522228008.000
-1.792,0.266,0.020,16.937,-61.255,4.279,522228108.000
-1.790,0.267,0.013,16.932,-61.244,4.270,522228208.000
-1.792,0.268,0.013,16.966,-61.231,4.261,522228308.000
-1.792,0.268,0.017,16.939,-61.215,4.288,522228408.000
-1.797,0.271,0.020,16.967,-61.181,4.297,522228508.000
-1.795,0.272,0.022,16.989,-61.185,4.289,522228607.000
-1.790,0.270,0.015,16.947,-61.212,4.280,522228708.000
-1.790,0.272,0.020,16.962,-61.195,4.289,522228807.000
-1.790,0.275,0.020,17.018,-61.170,4.271,522228908.000
-1.795,0.270,0.015,16.932,-61.114,4.252,522229008.000
-1.786,0.272,0.017,16.963,-61.156,4.290,522229107.000
-1.793,0.271,0.022,16.967,-61.125,4.271,522229208.000
-1.790,0.270,0.010,16.961,-61.107,4.280,522229308.000
-1.788,0.271,0.018,16.982,-61.095,4.272,522229408.000
-1.788,0.271,0.018,16.955,-61.095,4.272,522229508.000
-1.786,0.270,0.015,16.892,-61.092,4.281,522229607.000
-1.786,0.270,0.018,16.947,-61.059,4.254,522229708.000
-1.786,0.270,0.025,16.933,-61.034,4.282,522229807.000
-1.791,0.267,0.020,16.931,-61.049,4.244,522229908.000
-1.789,0.266,0.020,16.910,-61.038,4.281,522230007.000
-1.786,0.267,0.020,16.932,-61.026,4.245,522230107.000
-1.784,0.268,0.018,16.912,-61.024,4.263,522230208.000
-1.786,0.270,0.015,16.920,-60.995,4.254,522230307.000
-1.789,0.271,0.018,16.968,-60.973,4.273,522230408.000
-1.784,0.266,0.018,16.925,-60.975,4.255,522230507.000
-1.787,0.269,0.018,16.920,-60.962,4.254,522230608.000
-1.784,0.273,0.018,16.943,-60.975,4.254,522230707.000
-1.787,0.267,0.023,16.890,-60.922,4.245,522230808.000
-1.782,0.272,0.018,16.935,-60.939,4.264,522230908.000
-1.787,0.270,0.022,16.920,-60.897,4.283,522231007.000
-1.782,0.269,0.018,16.893,-60.891,4.255,522231107.000
-1.782,0.267,0.018,16.905,-60.891,4.274,522231208.000
-1.783,0.269,0.023,16.906,-60.850,4.256,522231308.000
-1.782,0.270,0.013,16.893,-60.859,4.283,522231408.000
-1.780,0.271,0.018,16.887,-60.880,4.274,522231508.000
-1.783,0.267,0.010,16.850,-60.844,4.246,522231607.000
-1.785,0.271,0.018,16.886,-60.806,4.246,522231708.000
-1.783,0.267,0.020,16.863,-60.834,4.246,522231808.000
-1.780,0.268,0.020,16.858,-60.823,4.265,522231908.000
-1.785,0.265,0.023,16.869,-60.765,4.256,522232008.000
-1.778,0.267,0.023,16.878,-60.803,4.247,522232107.000
-1.783,0.267,0.023,16.877,-60.777,4.247,522232208.000
-1.778,0.262,0.015,16.834,-60.779,4.229,522232308.000
-1.781,0.268,0.015,16.844,-60.767,4.265,522232408.000
-1.785,0.268,0.018,16.871,-60.709,4.238,522232508.000
-1.783,0.267,0.015,16.864,-60.705,4.247,522232608.000
-1.783,0.269,0.013,16.893,-60.714,4.257,522232708.000
-1.779,0.264,0.018,16.863,-60.722,4.239,522232808.000
-1.779,0.269,0.015,16.880,-60.682,4.257,522232908.000
-1.779,0.269,0.020,16.852,-60.715,4.257,522233008.000
-1.777,0.265,0.020,16.815,-60.703,4.230,522233108.000
-1.777,0.268,0.023,16.844,-60.695,4.239,522233208.000
-1.781,0.265,0.018,16.801,-60.638,4.229,522233308.000
-1.774,0.269,0.015,16.880,-60.659,4.231,522233407.000
-1.779,0.269,0.023,16.879,-60.633,4.258,522233507.000
-1.774,0.269,0.018,16.839,-60.652,4.258,522233608.000
-1.777,0.268,0.020,16.831,-60.606,4.267,522233707.000
-1.775,0.264,0.020,16.822,-60.643,4.212,522233808.000
-1.772,0.268,0.020,16.859,-60.631,4.240,522233908.000
-1.775,0.264,0.015,16.836,-60.587,4.213,522234008.000
-1.772,0.268,0.020,16.817,-60.607,4.240,522234108.000
-1.775,0.272,0.015,16.840,-60.563,4.240,522234208.000
-1.775,0.269,0.015,16.839,-60.587,4.231,522234308.000
-1.773,0.268,0.015,16.818,-60.576,4.240,522234407.000
-1.773,0.265,0.018,16.816,-60.567,4.231,522234507.000
-1.766,0.267,0.018,16.797,-60.557,4.250,522234607.000
-1.773,0.271,0.020,16.833,-60.511,4.250,522234707.000
-1.775,0.269,0.018,16.825,-60.530,4.231,522234808.000
-1.775,0.269,0.023,16.811,-60.490,4.231,522234907.000
-1.771,0.269,0.020,16.825,-60.523,4.232,522235008.000
-1.773,0.263,0.023,16.760,-60.478,4.250,522235107.000
-1.773,0.263,0.025,16.773,-60.470,4.223,522235207.000
-1.769,0.265,0.018,16.775,-60.472,4.232,522235308.000
-1.771,0.267,0.020,16.782,-60.475,4.223,522235407.000
-1.769,0.268,0.008,16.778,-60.432,4.242,522235508.000
-1.769,0.268,0.020,16.804,-60.463,4.242,522235607.000
-1.766,0.267,0.018,16.769,-60.460,4.223,522235707.000
-1.771,0.267,0.020,16.783,-60.427,4.251,522235808.000
-1.769,0.263,0.020,16.788,-60.439,4.224,522235907.000
-1.771,0.267,0.023,16.810,-60.394,4.251,522236008.000
-1.766,0.264,0.018,16.768,-60.436,4.214,522236107.000
-1.771,0.269,0.018,16.784,-60.386,4.233,522236207.000
-1.769,0.265,0.015,16.762,-60.383,4.233,522236308.000
-1.771,0.269,0.020,16.798,-60.329,4.233,522236408.000
-1.764,0.265,0.018,16.762,-60.376,4.234,522236508.000
-1.765,0.263,0.018,16.775,-60.327,4.225,522236608.000
-1.767,0.269,0.020,16.798,-60.306,4.234,522236707.000
-1.769,0.263,0.015,16.733,-60.311,4.224,522236808.000
-1.767,0.269,0.018,16.784,-60.315,4.206,522236907.000
-1.765,0.265,0.018,16.749,-60.304,4.234,522237007.000
-1.765,0.268,0.018,16.792,-60.303,4.243,522237108.000
-1.767,0.266,0.018,16.770,-60.266,4.225,522237208.000
-1.767,0.264,0.013,16.727,-60.235,4.216,522237307.000
-1.765,0.265,0.018,16.776,-60.255,4.235,522237407.000
-1.763,0.264,0.015,16.728,-60.276,4.216,522237507.000
-1.765,0.265,0.018,16.763,-60.231,4.235,522237608.000
-1.761,0.260,0.013,16.691,-60.249,4.189,522237707.000
-1.763,0.264,0.028,16.741,-60.235,4.244,522237808.000
-1.763,0.266,0.015,16.743,-60.228,4.226,522237907.000
-1.763,0.261,0.020,16.726,-60.235,4.207,522238007.000
-1.763,0.267,0.023,16.743,-60.227,4.253,522238107.000
-1.763,0.269,0.018,16.758,-60.195,4.207,522238208.000
-1.761,0.265,0.015,16.722,-60.216,4.207,522238307.000
-1.767,0.266,0.018,16.728,-60.146,4.225,522238408.000
-1.765,0.265,0.018,16.735,-60.134,4.208,522238508.000
-1.761,0.265,0.010,16.736,-60.160,4.208,522238608.000
-1.763,0.264,0.018,16.741,-60.122,4.217,522238708.000
-1.759,0.266,0.013,16.730,-60.164,4.199,522238808.000
-1.761,0.268,0.018,16.737,-60.135,4.217,522238908.000
-1.759,0.266,0.015,16.743,-60.156,4.199,522239009.000
-1.759,0.266,0.020,16.743,-60.091,4.200,522239108.000
-1.757,0.265,0.023,16.722,-60.095,4.209,522239209.000
-1.763,0.266,0.015,16.729,-60.058,4.199,522239308.000
-1.761,0.265,0.018,16.694,-60.087,4.208,522239408.000
-1.763,0.264,0.020,16.686,-60.042,4.245,522239508.000
-1.757,0.260,0.015,16.678,-60.072,4.218,522239608.000
-1.759,0.264,0.018,16.701,-60.075,4.218,522239708.000
-1.759,0.266,0.023,16.729,-60.034,4.200,522239809.000
-1.757,0.265,0.020,16.708,-60.055,4.209,522239908.000
-1.761,0.265,0.013,16.694,-60.007,4.209,522240008.000
-1.761,0.265,0.015,16.708,-59.998,4.181,522240108.000
-1.755,0.264,0.023,16.673,-59.987,4.219,522240208.000
-1.755,0.264,0.023,16.687,-60.012,4.219,522240308.000
-1.757,0.268,0.028,16.723,-60.006,4.219,522240408.000
-1.759,0.266,0.023,16.701,-59.986,4.200,522240509.000
-1.757,0.257,0.018,16.663,-59.991,4.210,522240609.000
-1.761,0.268,0.018,16.696,-59.966,4.218,522240708.000
-1.757,0.262,0.018,16.666,-59.943,4.201,522240808.000
-1.755,0.261,0.015,16.645,-59.964,4.210,522240908.000
-1.755,0.264,0.020,16.673,-59.923,4.192,522241008.000
-1.753,0.262,0.023,16.666,-59.952,4.201,522241108.000
-1.757,0.260,0.018,16.650,-59.943,4.191,522241208.000
-1.755,0.264,0.015,16.660,-59.915,4.192,522241309.000
-1.753,0.265,0.023,16.667,-59.927,4.211,522241408.000
-1.755,0.266,0.018,16.675,-59.883,4.174,522241508.000
-1.755,0.261,0.023,16.658,-59.890,4.211,522241608.000
-1.751,0.261,0.023,16.672,-59.891,4.211,522241708.000
-1.753,0.265,0.020,16.667,-59.911,4.183,522241808.000
-1.753,0.262,0.025,16.666,-59.871,4.202,522241908.000
-1.751,0.261,0.023,16.645,-59.843,4.212,522242009.000
-1.753,0.265,0.018,16.668,-59.847,4.211,522242108.000
-1.751,0.266,0.025,16.661,-59.835,4.202,522242209.000
-1.753,0.265,0.023,16.695,-59.830,4.212,522242309.000
-1.751,0.264,0.028,16.659,-59.827,4.193,522242409.000
-1.755,0.266,0.023,16.675,-59.818,4.202,522242508.000
-1.751,0.264,0.020,16.646,-59.852,4.193,522242608.000
-1.751,0.264,0.025,16.632,-59.811,4.193,522242708.000
-1.747,0.264,0.020,16.661,-59.804,4.194,522242808.000
-1.751,0.263,0.018,16.633,-59.763,4.193,522242908.000
-1.751,0.263,0.018,16.660,-59.763,4.194,522243008.000
-1.751,0.261,0.020,16.604,-59.755,4.212,522243108.000
-1.751,0.266,0.023,16.675,-59.746,4.203,522243209.000
-1.753,0.262,0.018,16.625,-59.750,4.175,522243308.000
-1.751,0.261,0.025,16.603,-59.738,4.184,522243408.000
-1.751,0.261,0.020,16.604,-59.706,4.212,522243508.000
-1.747,0.261,0.018,16.618,-59.740,4.185,522243608.000
-1.743,0.261,0.023,16.604,-59.773,4.185,522243708.000
-1.747,0.261,0.018,16.604,-59.716,4.185,522243808.000
-1.747,0.266,0.020,16.621,-59.708,4.203,522243909.000
-1.745,0.262,0.018,16.598,-59.704,4.176,522244008.000
-1.747,0.263,0.023,16.605,-59.675,4.195,522244108.000
-1.747,0.261,0.018,16.618,-59.692,4.185,522244208.000
-1.745,0.260,0.021,16.597,-59.696,4.167,522244309.000
-1.747,0.263,0.018,16.620,-59.667,4.195,522244408.000
-1.745,0.262,0.018,16.585,-59.680,4.204,522244508.000
-1.749,0.262,0.018,16.625,-59.630,4.176,522244608.000
-1.745,0.262,0.021,16.598,-59.623,4.177,522244709.000
-1.747,0.261,0.015,16.591,-59.627,4.186,522244807.000
-1.745,0.260,0.018,16.583,-59.608,4.195,522244908.000
-1.745,0.260,0.020,16.583,-59.623,4.195,522245008.000
-1.747,0.263,0.020,16.620,-59.586,4.195,522245109.000
-1.743,0.261,0.023,16.591,-59.604,4.187,522245208.000
