0.029,-0.068,-0.065,1.632,1.773,0.054,520347573.000
0.034,-0.063,-0.060,1.649,1.788,0.073,520347673.000
0.034,-0.065,-0.067,1.621,1.763,0.063,520347773.000
0.031,-0.066,-0.060,1.599,1.801,0.073,520347873.000
0.034,-0.065,-0.063,1.621,1.780,0.091,520347973.000
0.031,-0.066,-0.062,1.640,1.793,0.073,520348073.000
0.029,-0.068,-0.060,1.619,1.765,0.081,520348174.000
0.031,-0.064,-0.067,1.669,1.801,0.054,520348274.000
0.029,-0.068,-0.065,1.632,1.773,0.054,520348373.000
0.032,-0.064,-0.065,1.642,1.785,0.054,520348473.000
0.034,-0.063,-0.067,1.636,1.763,0.073,520348574.000
0.031,-0.067,-0.057,1.681,1.786,0.073,520348673.000
0.029,-0.065,-0.067,1.648,1.838,0.064,520348774.000
0.034,-0.065,-0.062,1.648,1.780,0.064,520348874.000
0.036,-0.066,-0.060,1.627,1.776,0.073,520348973.000
0.032,-0.069,-0.067,1.625,1.776,0.063,520349073.000
0.031,-0.069,-0.065,1.639,1.785,0.064,520349173.000
0.031,-0.064,-0.062,1.670,1.817,0.082,520349273.000
0.029,-0.068,-0.065,1.646,1.798,0.054,520349373.000
0.034,-0.065,-0.070,1.649,1.780,0.064,520349473.000
0.029,-0.068,-0.067,1.633,1.789,0.054,520349574.000
0.031,-0.064,-0.060,1.669,1.801,0.082,520349674.000
0.029,-0.068,-0.058,1.646,1.798,0.082,520349773.000
0.034,-0.065,-0.070,1.635,1.755,0.063,520349874.000
0.036,-0.069,-0.072,1.640,1.759,0.064,520349973.000
0.029,-0.065,-0.070,1.634,1.781,0.063,520350073.000
0.031,-0.069,-0.065,1.598,1.809,0.063,520350174.000
0.034,-0.068,-0.072,1.620,1.771,0.054,520350275.000
0.029,-0.068,-0.060,1.619,1.814,0.082,520350374.000
0.029,-0.075,-0.060,1.559,1.789,0.082,520350474.000
0.034,-0.068,-0.070,1.647,1.756,0.054,520350574.000
0.029,-0.065,-0.062,1.661,1.782,0.063,520350675.000
0.029,-0.063,-0.065,1.663,1.773,0.072,520350775.000
0.032,-0.069,-0.067,1.598,1.776,0.036,520350874.000
0.032,-0.064,-0.067,1.642,1.752,0.054,520350974.000
0.032,-0.064,-0.070,1.656,1.792,0.054,520351074.000
0.029,-0.065,-0.062,1.634,1.781,0.063,520351174.000
0.029,-0.065,-0.067,1.648,1.789,0.063,520351275.000
0.029,-0.065,-0.072,1.635,1.797,0.063,520351375.000
0.029,-0.065,-0.068,1.621,1.789,0.091,520351475.000
0.031,-0.069,-0.065,1.612,1.785,0.063,520351574.000
0.032,-0.067,-0.070,1.641,1.744,0.045,520351675.000
0.032,-0.064,-0.070,1.642,1.768,0.082,520351774.000
0.029,-0.063,-0.060,1.635,1.790,0.072,520351875.000
0.034,-0.063,-0.065,1.636,1.747,0.072,520351975.000
0.034,-0.063,-0.065,1.664,1.748,0.073,520352074.000
0.029,-0.065,-0.062,1.634,1.781,0.063,520352174.000
0.029,-0.068,-0.063,1.605,1.805,0.082,520352274.000
0.034,-0.065,-0.067,1.662,1.740,0.036,520352374.000
0.029,-0.063,-0.067,1.622,1.764,0.072,520352474.000
0.032,-0.066,-0.067,1.627,1.752,0.072,520352574.000
0.029,-0.063,-0.065,1.636,1.773,0.100,520352674.000
0.032,-0.066,-0.063,1.599,1.768,0.072,520352775.000
0.032,-0.066,-0.070,1.641,1.744,0.072,520352874.000
0.029,-0.068,-0.072,1.605,1.772,0.054,520352975.000
0.027,-0.066,-0.065,1.613,1.786,0.100,520353074.000
0.034,-0.065,-0.070,1.649,1.731,0.063,520353175.000
0.034,-0.068,-0.065,1.633,1.748,0.082,520353275.000
0.034,-0.070,-0.070,1.591,1.731,0.072,520353374.000
0.032,-0.066,-0.067,1.641,1.728,0.072,520353474.000
0.029,-0.065,-0.067,1.620,1.789,0.063,520353574.000
0.034,-0.065,-0.067,1.648,1.764,0.064,520353674.000
0.032,-0.061,-0.067,1.657,1.752,0.063,520353775.000
0.027,-0.064,-0.065,1.600,1.785,0.053,520353874.000
0.029,-0.063,-0.060,1.635,1.741,0.072,520353975.000
0.032,-0.066,-0.065,1.585,1.760,0.072,520354075.000
0.029,-0.063,-0.063,1.635,1.757,0.072,520354174.000
0.032,-0.069,-0.067,1.598,1.728,0.063,520354275.000
0.030,-0.060,-0.070,1.651,1.756,0.081,520354375.000
0.029,-0.060,-0.065,1.651,1.773,0.081,520354474.000
0.034,-0.068,-0.065,1.620,1.723,0.082,520354575.000
0.032,-0.064,-0.067,1.642,1.752,0.054,520354674.000
0.032,-0.064,-0.065,1.628,1.760,0.081,520354775.000
0.029,-0.068,-0.063,1.619,1.733,0.081,520354875.000
0.029,-0.065,-0.063,1.607,1.781,0.090,520354975.000
0.027,-0.069,-0.068,1.598,1.753,0.090,520355074.000
0.034,-0.065,-0.063,1.635,1.707,0.091,520355174.000
0.029,-0.065,-0.065,1.634,1.749,0.090,520355275.000
0.032,-0.061,-0.067,1.657,1.752,0.063,520355374.000
0.032,-0.066,-0.072,1.613,1.711,0.044,520355474.000
0.029,-0.065,-0.070,1.621,1.756,0.063,520355574.000
0.032,-0.061,-0.067,1.643,1.728,0.063,520355674.000
0.034,-0.063,-0.062,1.636,1.732,0.072,520355775.000
0.030,-0.065,-0.072,1.607,1.748,0.062,520355873.000
0.029,-0.068,-0.070,1.606,1.756,0.081,520355974.000
0.032,-0.067,-0.067,1.599,1.752,0.044,520356074.000
0.032,-0.064,-0.060,1.614,1.752,0.081,520356174.000
0.029,-0.063,-0.065,1.622,1.749,0.072,520356274.000
0.032,-0.066,-0.067,1.627,1.752,0.072,520356373.000
0.032,-0.061,-0.058,1.657,1.737,0.091,520356474.000
0.029,-0.065,-0.065,1.634,1.749,0.035,520356574.000
0.034,-0.063,-0.065,1.622,1.723,0.045,520356674.000
0.030,-0.062,-0.065,1.663,1.725,0.100,520356774.000
0.034,-0.068,-0.067,1.634,1.715,0.082,520356873.000
0.034,-0.063,-0.062,1.635,1.732,0.045,520356973.000
0.032,-0.069,-0.067,1.598,1.728,0.063,520357074.000
0.032,-0.064,-0.065,1.614,1.736,0.081,520357173.000
0.029,-0.065,-0.060,1.593,1.741,0.090,520357275.000
0.032,-0.061,-0.062,1.671,1.745,0.063,520357375.000
0.032,-0.064,-0.065,1.615,1.736,0.109,520357473.000
0.034,-0.063,-0.065,1.636,1.699,0.072,520357573.000
0.029,-0.068,-0.067,1.591,1.765,0.053,520357673.000
0.032,-0.066,-0.060,1.572,1.704,0.099,520357775.000
0.027,-0.066,-0.060,1.612,1.754,0.072,520357873.000
0.032,-0.064,-0.063,1.614,1.720,0.081,520357973.000
0.032,-0.066,-0.065,1.585,1.711,0.072,520358073.000
0.030,-0.063,-0.063,1.649,1.733,0.072,520358173.000
0.032,-0.066,-0.067,1.613,1.728,0.072,520358274.000
0.032,-0.064,-0.063,1.614,1.720,0.081,520358373.000
0.036,-0.066,-0.065,1.627,1.711,0.073,520358473.000
0.029,-0.065,-0.063,1.620,1.757,0.090,520358573.000
0.032,-0.064,-0.065,1.628,1.712,0.081,520358674.000
0.032,-0.066,-0.063,1.627,1.720,0.100,520358774.000
0.030,-0.063,-0.067,1.635,1.740,0.044,520358873.000
0.030,-0.065,-0.067,1.620,1.740,0.063,520358973.000
0.032,-0.064,-0.065,1.614,1.736,0.081,520359074.000
0.034,-0.062,-0.070,1.595,1.706,0.072,520359173.000
0.029,-0.065,-0.075,1.607,1.764,0.063,520359273.000
0.032,-0.066,-0.060,1.599,1.704,0.099,520359373.000
0.032,-0.069,-0.063,1.597,1.744,0.063,520359474.000
0.034,-0.065,-0.058,1.593,1.748,0.091,520359574.000
0.032,-0.064,-0.063,1.628,1.744,0.081,520359674.000
0.027,-0.066,-0.063,1.598,1.745,0.071,520359773.000
0.029,-0.065,-0.065,1.606,1.749,0.063,520359873.000
0.032,-0.064,-0.060,1.642,1.753,0.082,520359974.000
0.032,-0.066,-0.065,1.599,1.736,0.072,520360074.000
0.032,-0.069,-0.063,1.584,1.720,0.090,520360173.000
0.034,-0.068,-0.070,1.592,1.706,0.081,520360274.000
0.034,-0.068,-0.068,1.578,1.715,0.081,520360373.000
0.027,-0.064,-0.065,1.614,1.761,0.081,520360474.000
0.030,-0.062,-0.063,1.622,1.733,0.099,520360574.000
0.032,-0.061,-0.065,1.630,1.736,0.090,520360673.000
0.027,-0.066,-0.065,1.585,1.737,0.099,520360773.000
0.032,-0.061,-0.065,1.643,1.712,0.063,520360874.000
0.030,-0.062,-0.060,1.635,1.692,0.099,520360973.000
0.032,-0.069,-0.065,1.598,1.712,0.063,520361073.000
0.030,-0.063,-0.060,1.621,1.717,0.072,520361173.000
0.027,-0.061,-0.063,1.629,1.745,0.090,520361273.000
0.030,-0.063,-0.065,1.635,1.725,0.044,520361373.000
0.032,-0.064,-0.063,1.614,1.720,0.081,520361474.000
0.030,-0.063,-0.058,1.635,1.725,0.072,520361574.000
0.032,-0.066,-0.068,1.600,1.703,0.099,520361673.000
0.030,-0.063,-0.063,1.621,1.733,0.072,520361773.000
0.027,-0.064,-0.063,1.614,1.745,0.108,520361873.000
0.032,-0.066,-0.065,1.585,1.711,0.072,520361973.000
0.032,-0.064,-0.063,1.614,1.720,0.081,520362073.000
0.034,-0.068,-0.072,1.578,1.698,0.053,520362173.000
0.032,-0.066,-0.068,1.558,1.727,0.072,520362274.000
0.030,-0.065,-0.065,1.620,1.724,0.090,520362373.000
0.030,-0.060,-0.063,1.637,1.733,0.081,520362473.000
0.030,-0.060,-0.065,1.651,1.724,0.081,520362573.000
0.032,-0.066,-0.067,1.627,1.704,0.072,520362674.000
0.034,-0.063,-0.072,1.623,1.722,0.072,520362774.000
0.032,-0.064,-0.065,1.601,1.711,0.081,520362873.000
0.027,-0.064,-0.065,1.586,1.712,0.080,520362973.000
0.032,-0.064,-0.060,1.614,1.752,0.081,520363074.000
0.032,-0.066,-0.070,1.572,1.719,0.072,520363173.000
0.034,-0.065,-0.065,1.607,1.723,0.063,520363273.000
0.029,-0.062,-0.065,1.567,1.748,0.099,520363374.000
0.034,-0.063,-0.065,1.608,1.747,0.072,520363474.000
0.034,-0.062,-0.070,1.567,1.706,0.072,520363574.000
0.032,-0.069,-0.063,1.542,1.695,0.062,520363673.000
0.032,-0.064,-0.065,1.587,1.736,0.081,520363773.000
0.032,-0.066,-0.070,1.600,1.719,0.072,520363873.000
0.029,-0.065,-0.063,1.565,1.756,0.090,520363974.000
0.032,-0.064,-0.060,1.573,1.728,0.081,520364074.000
0.032,-0.061,-0.067,1.588,1.727,0.062,520364173.000
0.029,-0.065,-0.065,1.593,1.773,0.090,520364273.000
0.029,-0.063,-0.065,1.594,1.748,0.072,520364374.000
0.032,-0.061,-0.060,1.616,1.728,0.090,520364473.000
0.030,-0.065,-0.070,1.620,1.708,0.062,520364573.000
0.032,-0.059,-0.060,1.630,1.728,0.072,520364673.000
0.030,-0.055,-0.070,1.640,1.635,0.071,520364774.000
0.030,-0.060,-0.050,1.595,1.580,0.107,520364874.000
0.028,-0.066,-0.060,1.640,1.511,0.098,520364973.000
0.018,-0.067,-0.063,1.645,1.373,0.104,520365074.000
0.016,-0.058,-0.065,1.711,1.086,0.120,520365174.000
0.009,-0.060,-0.063,1.777,0.734,0.108,520365273.000
-0.006,-0.062,-0.065,1.878,0.404,0.113,520365373.000
-0.019,-0.052,-0.061,2.025,-0.047,0.154,520365473.000
-0.027,-0.049,-0.061,2.149,-0.577,0.159,520365573.000
-0.042,-0.046,-0.051,2.271,-1.120,0.190,520365673.000
-0.052,-0.047,-0.068,2.387,-1.696,0.222,520365773.000
-0.074,-0.038,-0.056,2.547,-2.313,0.260,520365874.000
-0.083,-0.033,-0.064,2.665,-2.953,0.282,520365974.000
-0.109,-0.032,-0.046,2.818,-3.503,0.266,520366073.000
-0.127,-0.028,-0.054,2.963,-4.140,0.287,520366173.000
-0.140,-0.023,-0.047,3.120,-4.728,0.309,520366273.000
-0.151,-0.025,-0.052,3.241,-5.395,0.321,520366373.000
-0.171,-0.020,-0.049,3.420,-5.985,0.333,520366473.000
-0.185,-0.018,-0.045,3.563,-6.557,0.374,520366573.000
-0.194,-0.011,-0.050,3.668,-7.164,0.350,520366673.000
-0.212,-0.010,-0.047,3.852,-7.670,0.390,520366773.000
-0.227,-0.012,-0.040,3.930,-8.318,0.402,520366873.000
-0.243,-0.006,-0.047,4.082,-8.822,0.415,520366973.000
-0.261,0.000,-0.043,4.227,-9.417,0.418,520367073.000
-0.277,-0.002,-0.040,4.292,-9.961,0.458,520367173.000
-0.286,0.003,-0.043,4.451,-10.560,0.508,520367273.000
-0.301,0.006,-0.041,4.588,-11.176,0.511,520367374.000
-0.324,0.012,-0.036,4.746,-11.721,0.513,520367473.000
-0.337,0.017,-0.031,4.904,-12.293,0.563,520367573.000
-0.348,0.020,-0.034,5.055,-12.878,0.595,520367674.000
-0.366,0.024,-0.039,5.186,-13.458,0.588,520367774.000
-0.380,0.025,-0.036,5.301,-14.015,0.629,520367874.000
-0.397,0.027,-0.029,5.457,-14.698,0.640,520367974.000
-0.413,0.030,-0.032,5.566,-15.234,0.671,520368075.000
-0.433,0.031,-0.024,5.728,-15.832,0.692,520368174.000
-0.444,0.041,-0.025,5.870,-16.386,0.724,520368274.000
-0.458,0.040,-0.017,6.025,-17.070,0.754,520368375.000
-0.478,0.046,-0.020,6.121,-17.630,0.794,520368474.000
-0.493,0.052,-0.020,6.287,-18.254,0.806,520368574.000
-0.513,0.052,-0.023,6.422,-18.837,0.827,520368675.000
-0.527,0.059,-0.025,6.540,-19.410,0.858,520368774.000
-0.544,0.058,-0.021,6.709,-19.981,0.889,520368874.000
-0.556,0.058,-0.018,6.803,-20.623,0.883,520368975.000
-0.580,0.066,-0.018,6.996,-21.220,0.903,520369074.000
-0.587,0.070,-0.014,7.092,-21.831,0.935,520369174.000
-0.609,0.069,-0.016,7.247,-22.450,0.965,520369274.000
-0.620,0.079,-0.014,7.416,-23.019,0.996,520369374.000
-0.642,0.079,-0.017,7.502,-23.614,1.025,520369474.000
-0.658,0.084,-0.014,7.668,-24.205,1.093,520369574.000
-0.678,0.090,-0.010,7.791,-24.812,1.105,520369674.000
-0.689,0.095,-0.012,7.916,-25.422,1.117,520369775.000
-0.705,0.096,-0.015,8.079,-25.982,1.139,520369875.000
-0.728,0.104,-0.010,8.218,-26.661,1.214,520369974.000
-0.740,0.102,-0.015,8.393,-27.278,1.199,520370074.000
-0.766,0.111,-0.010,8.511,-27.847,1.238,520370174.000
-0.777,0.109,-0.008,8.646,-28.440,1.278,520370274.000
-0.787,0.113,-0.001,8.776,-29.005,1.273,520370374.000
-0.805,0.112,0.002,8.917,-29.608,1.304,520370474.000
-0.829,0.121,-0.004,9.084,-30.174,1.352,520370574.000
-0.842,0.120,0.004,9.239,-30.762,1.384,520370674.000
-0.854,0.123,0.006,9.349,-31.355,1.415,520370774.000
-0.874,0.126,0.001,9.499,-31.874,1.446,520370874.000
-0.879,0.127,-0.002,9.574,-32.183,1.434,520370974.000
-0.897,0.129,-0.009,9.731,-32.771,1.446,520371075.000
-0.919,0.133,0.000,9.861,-33.373,1.521,520371175.000
-0.930,0.139,0.005,9.999,-33.958,1.562,520371274.000
-0.950,0.142,0.000,10.163,-34.549,1.565,520371374.000
-0.964,0.146,0.002,10.280,-35.130,1.614,520371474.000
-0.984,0.149,0.012,10.499,-35.768,1.672,520371574.000
-1.001,0.153,0.004,10.602,-36.380,1.693,520371675.000
-1.021,0.154,0.012,10.737,-36.979,1.742,520371774.000
-1.039,0.158,0.011,10.881,-37.615,1.790,520371874.000
-1.057,0.160,0.006,11.038,-38.219,1.802,520371974.000
-1.074,0.164,0.009,11.153,-38.822,1.795,520372074.000
-1.092,0.171,0.008,11.355,-39.434,1.881,520372174.000
-1.114,0.173,0.018,11.496,-40.132,1.920,520372274.000
-1.123,0.172,0.011,11.611,-40.723,1.924,520372374.000
-1.143,0.178,0.023,11.803,-41.401,1.963,520372474.000
-1.160,0.179,0.018,11.919,-42.030,2.002,520372574.000
-1.180,0.185,0.020,12.111,-42.645,2.042,520372675.000
-1.200,0.186,0.025,12.273,-43.372,2.089,520372774.000
-1.217,0.198,0.027,12.436,-43.976,2.138,520372874.000
-1.239,0.194,0.022,12.561,-44.603,2.158,520372974.000
-1.257,0.199,0.029,12.692,-45.214,2.235,520373074.000
-1.281,0.199,0.024,12.826,-45.853,2.255,520373174.000
-1.299,0.209,0.033,13.001,-46.456,2.350,520373274.000
-1.318,0.209,0.033,13.122,-47.176,2.370,520373374.000
-1.334,0.207,0.043,13.268,-47.816,2.382,520373475.000
-1.356,0.214,0.035,13.482,-48.475,2.384,520373574.000
-1.371,0.219,0.035,13.648,-49.148,2.423,520373674.000
-1.397,0.224,0.042,13.805,-49.805,2.498,520373774.000
-1.419,0.228,0.034,13.963,-50.537,2.545,520373874.000
-1.439,0.231,0.039,14.112,-51.120,2.576,520373974.000
-1.461,0.238,0.034,14.299,-51.844,2.632,520374075.000
-1.478,0.240,0.049,14.441,-52.502,2.672,520374174.000
-1.482,0.237,0.061,14.603,-52.870,2.633,520374274.000
-1.510,0.241,0.051,14.684,-53.573,2.716,520374374.000
-1.536,0.248,0.043,14.856,-54.329,2.744,520374475.000
-1.553,0.255,0.048,14.988,-55.046,2.801,520374574.000
-1.575,0.262,0.043,15.229,-55.769,2.830,520374674.000
-1.594,0.260,0.047,15.294,-56.449,2.896,520374775.000
-1.614,0.265,0.049,15.515,-57.112,2.963,520374875.000
-1.636,0.272,0.059,15.686,-57.810,2.992,520374975.000
-1.660,0.270,0.059,15.847,-58.505,3.058,520375075.000
-1.677,0.277,0.066,16.019,-59.213,3.060,520375174.000
-1.701,0.273,0.058,16.138,-59.860,3.117,520375274.000
-1.719,0.280,0.073,16.268,-60.592,3.174,520375374.000
-1.738,0.285,0.055,16.462,-61.273,3.213,520375475.000
-1.765,0.287,0.065,16.617,-61.970,3.278,520375575.000
-1.786,0.297,0.060,16.833,-62.621,3.317,520375674.000
-1.806,0.297,0.072,16.967,-63.300,3.365,520375774.000
-1.821,0.298,0.067,17.103,-63.989,3.386,520375874.000
-1.850,0.301,0.071,17.280,-64.666,3.470,520375975.000
-1.865,0.312,0.076,17.475,-65.371,3.500,520376074.000
-1.887,0.311,0.074,17.644,-66.111,3.557,520376174.000
-1.917,0.313,0.076,17.785,-66.856,3.594,520376275.000
-1.934,0.320,0.080,17.944,-67.524,3.679,520376374.000
-1.958,0.323,0.070,18.136,-68.252,3.707,520376475.000
-1.984,0.332,0.080,18.308,-68.998,3.745,520376575.000
-2.002,0.332,0.089,18.476,-69.745,3.802,520376674.000
-2.025,0.335,0.087,18.668,-70.472,3.859,520376775.000
-2.049,0.340,0.089,18.846,-71.134,3.897,520376875.000
-2.071,0.342,0.086,19.002,-71.826,3.936,520376975.000
-2.093,0.344,0.091,19.144,-72.493,4.002,520377074.000
-2.115,0.348,0.091,19.301,-73.176,4.022,520377174.000
-2.132,0.350,0.093,19.430,-73.876,4.088,520377274.000
-2.159,0.360,0.095,19.632,-74.526,4.154,520377374.000
-2.181,0.359,0.095,19.731,-75.112,4.184,520377474.000
-2.188,0.364,0.100,19.842,-75.529,4.198,520377575.000
-2.192,0.362,0.097,19.923,-75.753,4.215,520377674.000
-2.196,0.362,0.097,19.951,-75.776,4.242,520377775.000
-2.188,0.364,0.100,19.898,-75.626,4.226,520377874.000
-2.180,0.359,0.095,19.786,-75.306,4.210,520377975.000
-2.172,0.362,0.095,19.762,-75.042,4.223,520378074.000
-2.173,0.361,0.095,19.706,-74.751,4.197,520378175.000
-2.161,0.356,0.097,19.650,-74.601,4.181,520378275.000
-2.155,0.355,0.097,19.602,-74.373,4.193,520378374.000
-2.151,0.352,0.095,19.532,-74.189,4.158,520378474.000
-2.145,0.353,0.095,19.513,-73.985,4.151,520378574.000
-2.141,0.345,0.095,19.441,-73.817,4.125,520378675.000
-2.135,0.349,0.093,19.424,-73.670,4.154,520378775.000
-2.129,0.350,0.088,19.419,-73.507,4.147,520378875.000
-2.123,0.351,0.093,19.399,-73.383,4.139,520378974.000
-2.119,0.343,0.093,19.299,-73.215,4.141,520379074.000
-2.115,0.343,0.095,19.300,-73.062,4.115,520379174.000
-2.113,0.342,0.090,19.237,-72.947,4.097,520379274.000
-2.114,0.344,0.085,19.240,-72.745,4.108,520379374.000
-2.108,0.340,0.088,19.190,-72.654,4.110,520379475.000
-2.104,0.343,0.093,19.178,-72.518,4.120,520379574.000
-2.095,0.346,0.088,19.181,-72.464,4.103,520379674.000
-2.100,0.345,0.093,19.152,-72.277,4.104,520379775.000
-2.096,0.340,0.088,19.137,-72.197,4.087,520379875.000
-2.092,0.337,0.088,19.067,-72.078,4.079,520379975.000
-2.088,0.343,0.091,19.071,-71.974,4.098,520380074.000
-2.084,0.337,0.083,19.014,-71.855,4.081,520380174.000
-2.080,0.337,0.091,19.000,-71.759,4.055,520380274.000
-2.078,0.336,0.088,18.993,-71.658,4.065,520380374.000
-2.072,0.337,0.091,18.946,-71.567,4.057,520380474.000
-2.074,0.338,0.088,18.954,-71.442,4.076,520380575.000
-2.066,0.333,0.091,18.924,-71.363,4.060,520380675.000
-2.066,0.336,0.083,18.926,-71.291,4.042,520380775.000
-2.067,0.333,0.088,18.869,-71.154,4.061,520380875.000
-2.058,0.336,0.083,18.872,-71.100,4.044,520380975.000
-2.061,0.334,0.086,18.837,-71.007,4.053,520381075.000
-2.059,0.335,0.086,18.831,-70.898,4.045,520381174.000
-2.052,0.334,0.081,18.796,-70.856,4.000,520381275.000
-2.051,0.335,0.086,18.790,-70.731,4.020,520381374.000
-2.053,0.334,0.086,18.783,-70.622,4.030,520381475.000
-2.047,0.330,0.091,18.733,-70.595,4.031,520381574.000
-2.045,0.331,0.084,18.755,-70.487,4.023,520381675.000
-2.047,0.330,0.084,18.706,-70.402,4.004,520381774.000
-2.041,0.329,0.084,18.699,-70.343,4.015,520381874.000
-2.039,0.325,0.094,18.662,-70.250,4.016,520381974.000
-2.041,0.326,0.089,18.656,-70.133,4.007,520382074.000
-2.033,0.328,0.086,18.659,-70.095,4.018,520382174.000
-2.033,0.328,0.091,18.645,-70.006,3.991,520382274.000
-2.029,0.328,0.081,18.619,-69.919,3.992,520382374.000
-2.029,0.326,0.089,18.589,-69.846,3.983,520382473.000
-2.027,0.327,0.086,18.597,-69.794,4.002,520382574.000
-2.025,0.326,0.086,18.548,-69.735,3.984,520382674.000
-2.021,0.328,0.081,18.579,-69.655,3.995,520382773.000
-2.019,0.324,0.081,18.529,-69.620,3.995,520382874.000
-2.017,0.323,0.086,18.535,-69.543,3.978,520382974.000
-2.017,0.320,0.076,18.479,-69.455,3.969,520383073.000
-2.015,0.321,0.081,18.486,-69.403,3.960,520383174.000
-2.011,0.324,0.084,18.474,-69.348,3.970,520383274.000
-2.011,0.324,0.081,18.461,-69.259,3.971,520383373.000
-2.007,0.329,0.084,18.478,-69.228,3.990,520383474.000
-2.005,0.322,0.082,18.440,-69.128,3.954,520383574.000
-2.003,0.321,0.084,18.433,-69.108,3.964,520383673.000
-2.006,0.315,0.084,18.367,-68.998,3.955,520383774.000
-2.004,0.324,0.084,18.407,-68.938,3.974,520383873.000
-2.002,0.322,0.089,18.386,-68.862,3.984,520383974.000
-2.002,0.320,0.082,18.357,-68.790,3.948,520384073.000
-1.996,0.321,0.084,18.379,-68.771,3.967,520384174.000
-1.994,0.320,0.082,18.331,-68.696,3.950,520384273.000
-1.994,0.320,0.079,18.317,-68.656,3.950,520384373.000
-1.990,0.317,0.082,18.316,-68.624,3.942,520384473.000
-1.988,0.323,0.087,18.340,-68.548,3.952,520384574.000
-1.990,0.319,0.084,18.345,-68.470,3.924,520384673.000
-1.986,0.317,0.079,18.303,-68.464,3.943,520384773.000
-1.986,0.317,0.079,18.275,-68.367,3.916,520384873.000
-1.980,0.321,0.087,18.285,-68.332,3.945,520384973.000
-1.980,0.318,0.084,18.256,-68.292,3.936,520385073.000
-1.982,0.319,0.084,18.250,-68.207,3.927,520385174.000
-1.978,0.319,0.089,18.236,-68.143,3.928,520385274.000
-1.980,0.313,0.079,18.185,-68.091,3.919,520385375.000
-1.974,0.319,0.079,18.224,-68.081,3.929,520385475.000
-1.974,0.314,0.084,18.193,-68.015,3.911,520385575.000
-1.976,0.315,0.084,18.186,-67.930,3.902,520385674.000
-1.972,0.313,0.079,18.145,-67.924,3.921,520385774.000
-1.972,0.313,0.082,18.145,-67.843,3.922,520385874.000
-1.970,0.314,0.079,18.153,-67.791,3.913,520385975.000
-1.968,0.315,0.082,18.174,-67.747,3.905,520386074.000
-1.968,0.315,0.077,18.161,-67.691,3.905,520386175.000
-1.968,0.315,0.074,18.120,-67.651,3.905,520386274.000
-1.962,0.314,0.079,18.113,-67.624,3.915,520386375.000
-1.958,0.311,0.084,18.070,-67.585,3.934,520386474.000
-1.960,0.315,0.077,18.093,-67.524,3.907,520386574.000
-1.958,0.311,0.084,18.084,-67.463,3.908,520386675.000
-1.961,0.312,0.077,18.064,-67.403,3.871,520386775.000
-1.956,0.312,0.080,18.065,-67.396,3.899,520386874.000
-1.956,0.310,0.077,18.036,-67.356,3.890,520386974.000
-1.954,0.314,0.082,18.058,-67.304,3.891,520387075.000
-1.952,0.307,0.080,18.007,-67.228,3.883,520387174.000
-1.950,0.311,0.085,18.030,-67.175,3.883,520387274.000
-1.955,0.313,0.082,18.045,-67.134,3.892,520387375.000
-1.949,0.310,0.082,17.982,-67.100,3.893,520387474.000
-1.949,0.309,0.077,17.995,-67.043,3.866,520387574.000
-1.944,0.315,0.080,18.040,-67.012,3.885,520387674.000
-1.949,0.309,0.085,17.954,-66.970,3.894,520387775.000
-1.945,0.315,0.077,17.972,-66.924,3.885,520387874.000
-1.943,0.308,0.077,17.948,-66.864,3.877,520387974.000
-1.943,0.308,0.082,17.920,-66.799,3.877,520388075.000
-1.943,0.308,0.077,17.948,-66.767,3.906,520388174.000
-1.936,0.307,0.075,17.914,-66.789,3.888,520388275.000
-1.941,0.307,0.075,17.927,-66.691,3.888,520388374.000
-1.932,0.304,0.075,17.885,-66.694,3.880,520388475.000
-1.935,0.305,0.077,17.893,-66.600,3.871,520388575.000
-1.933,0.309,0.075,17.902,-66.621,3.871,520388675.000
-1.933,0.304,0.082,17.871,-66.523,3.881,520388774.000
-1.931,0.308,0.080,17.867,-66.520,3.881,520388874.000
-1.935,0.308,0.072,17.881,-66.423,3.881,520388974.000
-1.929,0.304,0.070,17.859,-66.445,3.854,520389074.000
-1.929,0.306,0.077,17.846,-66.396,3.864,520389175.000
-1.929,0.309,0.080,17.847,-66.339,3.846,520389275.000
-1.929,0.306,0.077,17.846,-66.299,3.865,520389374.000
-1.925,0.304,0.072,17.846,-66.268,3.856,520389474.000
-1.927,0.302,0.075,17.796,-66.199,3.865,520389574.000
-1.925,0.301,0.080,17.761,-66.147,3.875,520389674.000
-1.921,0.304,0.075,17.790,-66.165,3.830,520389774.000
-1.923,0.303,0.082,17.714,-66.079,3.894,520389874.000
-1.919,0.302,0.082,17.756,-66.080,3.867,520389974.000
-1.919,0.302,0.077,17.756,-66.048,3.867,520390075.000
-1.919,0.305,0.077,17.758,-65.976,3.877,520390175.000
-1.915,0.302,0.073,17.771,-65.969,3.841,520390274.000
-1.915,0.302,0.082,17.701,-65.912,3.869,520390374.000
-1.915,0.305,0.080,17.730,-65.872,3.851,520390474.000
-1.913,0.304,0.080,17.723,-65.836,3.861,520390574.000
-1.916,0.305,0.080,17.730,-65.775,3.851,520390674.000
-1.916,0.302,0.077,17.743,-65.758,3.843,520390774.000
-1.911,0.302,0.075,17.716,-65.720,3.816,520390874.000
-1.909,0.296,0.077,17.651,-65.700,3.834,520390974.000
-1.910,0.301,0.082,17.708,-65.635,3.854,520391074.000
-1.905,0.298,0.073,17.681,-65.621,3.845,520391174.000
-1.910,0.301,0.072,17.695,-65.547,3.854,520391275.000
-1.861,0.300,0.054,17.814,-64.657,3.786,520391374.000
-1.886,0.300,0.078,17.365,-64.716,3.640,520391474.000
-1.884,0.298,0.080,17.289,-64.624,3.650,520391575.000
-1.878,0.300,0.076,17.257,-64.606,3.642,520391675.000
-1.876,0.296,0.083,17.261,-64.569,3.643,520391775.000
-1.880,0.301,0.078,17.263,-64.512,3.605,520391874.000
-1.876,0.304,0.083,17.279,-64.521,3.643,520391975.000
-1.876,0.301,0.081,17.264,-64.457,3.634,520392074.000
-1.874,0.302,0.081,17.230,-64.446,3.625,520392174.000
-1.874,0.300,0.086,17.243,-64.380,3.644,520392275.000
-1.872,0.298,0.081,17.194,-64.386,3.625,520392374.000
-1.872,0.298,0.076,17.208,-64.329,3.598,520392474.000
-1.870,0.300,0.078,17.189,-64.310,3.645,520392574.000
-1.866,0.300,0.076,17.203,-64.295,3.618,520392675.000
-1.870,0.297,0.078,17.173,-64.213,3.609,520392774.000
-1.868,0.296,0.076,17.166,-64.210,3.618,520392874.000
-1.866,0.297,0.076,17.119,-64.174,3.581,520392974.000
-1.866,0.299,0.078,17.175,-64.117,3.591,520393075.000
-1.862,0.294,0.076,17.104,-64.151,3.601,520393175.000
-1.864,0.298,0.076,17.168,-64.065,3.601,520393274.000
-1.862,0.297,0.071,17.134,-64.047,3.611,520393374.000
-1.864,0.293,0.073,17.097,-63.977,3.583,520393474.000
-1.862,0.294,0.083,17.104,-64.005,3.602,520393574.000
-1.864,0.295,0.083,17.097,-63.968,3.592,520393675.000
-1.860,0.295,0.086,17.112,-63.937,3.593,520393774.000
-1.858,0.299,0.071,17.122,-63.927,3.594,520393875.000
-1.858,0.294,0.078,17.077,-63.853,3.603,520393975.000
-1.856,0.298,0.081,17.086,-63.858,3.576,520394074.000
-1.856,0.293,0.076,17.056,-63.826,3.585,520394175.000
-1.854,0.294,0.078,17.064,-63.758,3.577,520394274.000
-1.856,0.293,0.076,17.056,-63.729,3.586,520394374.000
-1.854,0.297,0.078,17.052,-63.710,3.586,520394475.000
-1.857,0.298,0.081,17.045,-63.689,3.577,520394575.000
-1.857,0.298,0.078,17.045,-63.624,3.577,520394674.000
-1.848,0.295,0.076,17.017,-63.683,3.569,520394775.000
-1.853,0.295,0.081,17.017,-63.593,3.597,520394874.000
-1.853,0.295,0.083,16.989,-63.561,3.569,520394975.000
-1.848,0.295,0.073,16.990,-63.571,3.569,520395074.000
-1.848,0.292,0.081,17.002,-63.521,3.561,520395174.000
-1.844,0.295,0.076,17.004,-63.539,3.570,520395274.000
-1.849,0.295,0.083,16.976,-63.465,3.598,520395375.000
-1.849,0.295,0.081,16.990,-63.425,3.571,520395474.000
-1.847,0.296,0.078,16.998,-63.421,3.562,520395574.000
-1.844,0.297,0.079,17.005,-63.386,3.525,520395675.000
-1.847,0.294,0.076,16.955,-63.357,3.580,520395775.000
-1.842,0.294,0.081,16.969,-63.342,3.554,520395874.000
-1.840,0.290,0.079,16.933,-63.314,3.554,520395975.000
-1.845,0.295,0.086,16.962,-63.288,3.572,520396075.000
-1.841,0.287,0.079,16.918,-63.266,3.545,520396175.000
-1.838,0.294,0.074,16.943,-63.223,3.555,520396274.000
-1.839,0.296,0.083,16.957,-63.189,3.564,520396375.000
-1.836,0.290,0.076,16.878,-63.179,3.528,520396474.000
-1.839,0.296,0.081,16.943,-63.149,3.537,520396574.000
-1.837,0.295,0.081,16.922,-63.089,3.547,520396675.000
-1.839,0.293,0.083,16.901,-63.068,3.556,520396774.000
-1.835,0.291,0.076,16.900,-63.070,3.547,520396875.000
-1.837,0.289,0.079,16.892,-63.025,3.529,520396974.000
-1.837,0.289,0.076,16.892,-63.009,3.529,520397074.000
-1.833,0.292,0.079,16.894,-62.978,3.539,520397175.000
-1.831,0.291,0.074,16.873,-62.983,3.521,520397274.000
-1.833,0.287,0.081,16.850,-62.921,3.549,520397375.000
-1.833,0.289,0.076,16.866,-62.889,3.530,520397474.000
-1.833,0.287,0.069,16.837,-62.866,3.549,520397575.000
-1.824,0.290,0.079,16.825,-62.884,3.531,520397675.000
-1.827,0.291,0.076,16.846,-62.831,3.522,520397775.000
-1.824,0.295,0.071,16.870,-62.811,3.523,520397875.000
-1.827,0.288,0.079,16.818,-62.774,3.541,520397975.000
-1.827,0.291,0.071,16.847,-62.750,3.523,520398075.000
-1.827,0.288,0.081,16.804,-62.717,3.542,520398174.000
-1.825,0.295,0.081,16.828,-62.706,3.523,520398275.000
-1.816,0.287,0.079,16.798,-62.717,3.552,520398374.000
-1.823,0.288,0.074,16.777,-62.647,3.515,520398475.000
-1.823,0.285,0.074,16.775,-62.622,3.506,520398574.000
-1.821,0.287,0.079,16.783,-62.618,3.525,520398675.000
-1.823,0.288,0.074,16.791,-62.574,3.543,520398775.000
-1.821,0.294,0.074,16.829,-62.586,3.497,520398874.000
-1.821,0.289,0.076,16.771,-62.506,3.507,520398975.000
-1.817,0.287,0.074,16.757,-62.515,3.526,520399074.000
-1.817,0.287,0.079,16.798,-62.474,3.527,520399174.000
-1.815,0.288,0.079,16.750,-62.487,3.517,520399274.000
-1.817,0.284,0.074,16.700,-62.443,3.517,520399374.000
-1.813,0.289,0.086,16.785,-62.450,3.509,520399475.000
-1.815,0.285,0.081,16.749,-62.382,3.509,520399574.000
-1.813,0.289,0.081,16.758,-62.370,3.509,520399674.000
-1.815,0.288,0.074,16.709,-62.334,3.490,520399775.000
-1.815,0.288,0.074,16.723,-62.310,3.518,520399875.000
-1.815,0.285,0.076,16.708,-62.278,3.509,520399974.000
-1.809,0.286,0.081,16.716,-62.299,3.501,520400074.000
-1.811,0.285,0.074,16.681,-62.239,3.482,520400174.000
-1.807,0.285,0.079,16.681,-62.248,3.483,520400275.000
-1.811,0.290,0.076,16.711,-62.206,3.501,520400375.000
-1.809,0.286,0.076,16.702,-62.195,3.501,520400475.000
-1.811,0.288,0.076,16.710,-62.182,3.492,520400575.000
-1.809,0.286,0.084,16.688,-62.121,3.502,520400674.000
-1.807,0.288,0.076,16.696,-62.135,3.493,520400775.000
-1.809,0.284,0.074,16.660,-62.082,3.493,520400875.000
-1.807,0.288,0.076,16.669,-62.038,3.493,520400975.000
-1.805,0.286,0.074,16.690,-62.083,3.503,520401075.000
-1.807,0.288,0.081,16.627,-61.997,3.493,520401175.000
-1.810,0.286,0.071,16.675,-61.969,3.475,520401275.000
-1.803,0.282,0.074,16.667,-61.999,3.504,520401374.000
-1.803,0.288,0.076,16.656,-61.942,3.495,520401475.000
-1.805,0.284,0.079,16.646,-61.921,3.495,520401574.000
-1.801,0.284,0.081,16.619,-61.914,3.495,520401674.000
-1.801,0.286,0.079,16.621,-61.874,3.505,520401774.000
-1.801,0.286,0.069,16.608,-61.835,3.477,520401874.000
-1.804,0.282,0.079,16.598,-61.813,3.477,520401975.000
-1.801,0.281,0.076,16.591,-61.810,3.487,520402075.000
-1.799,0.282,0.081,16.598,-61.806,3.478,520402175.000
-1.797,0.289,0.081,16.650,-61.794,3.488,520402275.000
-1.795,0.285,0.079,16.573,-61.792,3.487,520402374.000
-1.795,0.282,0.079,16.585,-61.743,3.479,520402475.000
-1.797,0.281,0.079,16.549,-61.682,3.460,520402574.000
-1.795,0.282,0.072,16.586,-61.695,3.479,520402675.000
-1.793,0.281,0.076,16.551,-61.691,3.489,520402775.000
-1.795,0.280,0.072,16.543,-61.647,3.470,520402875.000
-1.798,0.281,0.074,16.536,-61.626,3.461,520402976.000
-1.793,0.281,0.072,16.551,-61.611,3.461,520403075.000
-1.789,0.278,0.077,16.536,-61.620,3.453,520403176.000
-1.794,0.283,0.077,16.538,-61.546,3.471,520403276.000
-1.791,0.285,0.074,16.560,-61.567,3.490,520403375.000
-1.791,0.285,0.079,16.546,-61.526,3.462,520403475.000
-1.789,0.283,0.077,16.539,-61.523,3.472,520403575.000
-1.792,0.279,0.077,16.516,-61.510,3.472,520403676.000
-1.790,0.281,0.077,16.510,-61.450,3.463,520403775.000
-1.785,0.281,0.077,16.510,-61.476,3.463,520403875.000
-1.790,0.281,0.069,16.469,-61.427,3.463,520403975.000
-1.792,0.279,0.072,16.516,-61.381,3.445,520404075.000
-1.790,0.278,0.077,16.494,-61.402,3.454,520404176.000
-1.790,0.278,0.079,16.467,-61.370,3.454,520404276.000
-1.788,0.279,0.072,16.475,-61.334,3.446,520404375.000
-1.788,0.279,0.077,16.502,-61.318,3.446,520404476.000
-1.786,0.283,0.069,16.512,-61.307,3.418,520404576.000
-1.783,0.284,0.074,16.519,-61.303,3.437,520404675.000
-1.786,0.281,0.077,16.469,-61.258,3.437,520404775.000
-1.781,0.281,0.077,16.469,-61.283,3.438,520404875.000
-1.782,0.283,0.079,16.471,-61.227,3.447,520404976.000
-1.784,0.277,0.072,16.447,-61.190,3.438,520405076.000
-1.782,0.278,0.079,16.426,-61.203,3.429,520405176.000
-1.782,0.286,0.074,16.500,-61.170,3.429,520405276.000
-1.782,0.278,0.074,16.441,-61.146,3.429,520405375.000
-1.784,0.282,0.079,16.449,-61.093,3.457,520405476.000
-1.780,0.279,0.069,16.477,-61.127,3.448,520405576.000
-1.780,0.277,0.069,16.393,-61.055,3.439,520405676.000
-1.778,0.278,0.077,16.428,-61.067,3.458,520405775.000
-1.776,0.277,0.077,16.406,-61.055,3.440,520405876.000
-1.776,0.279,0.079,16.421,-61.023,3.422,520405975.000
-1.780,0.276,0.077,16.378,-60.982,3.440,520406076.000
-1.776,0.276,0.074,16.393,-60.967,3.441,520406176.000
-1.778,0.280,0.074,16.415,-60.954,3.440,520406275.000
-1.774,0.278,0.069,16.387,-60.972,3.431,520406375.000
-1.778,0.280,0.077,16.401,-60.897,3.441,520406475.000
-1.774,0.280,0.067,16.403,-60.908,3.441,520406576.000
-1.774,0.278,0.074,16.401,-60.882,3.432,520406676.000
-1.772,0.282,0.072,16.424,-60.879,3.433,520406775.000
-1.774,0.275,0.079,16.385,-60.866,3.451,520406875.000
-1.772,0.276,0.077,16.379,-60.838,3.414,520406976.000
-1.772,0.276,0.074,16.380,-60.823,3.442,520407076.000
-1.772,0.276,0.069,16.325,-60.791,3.414,520407175.000
-1.770,0.278,0.079,16.346,-60.795,3.433,520407275.000
-1.770,0.275,0.074,16.331,-60.763,3.424,520407376.000
-1.774,0.278,0.074,16.359,-60.713,3.433,520407475.000
-1.768,0.276,0.072,16.325,-60.736,3.443,520407576.000
-1.766,0.278,0.069,16.333,-60.732,3.406,520407675.000
-1.766,0.275,0.082,16.331,-60.691,3.425,520407775.000
-1.770,0.280,0.077,16.375,-60.657,3.416,520407875.000
-1.768,0.276,0.072,16.325,-60.639,3.416,520407974.000
-1.766,0.277,0.077,16.333,-60.635,3.407,520408075.000
-1.766,0.280,0.077,16.334,-60.611,3.444,520408174.000
-1.768,0.279,0.074,16.313,-60.606,3.425,520408274.000
-1.770,0.277,0.067,16.347,-60.570,3.407,520408374.000
-1.762,0.275,0.077,16.304,-60.587,3.399,520408475.000
-1.768,0.274,0.069,16.310,-60.526,3.408,520408575.000
-1.760,0.276,0.077,16.312,-60.552,3.418,520408675.000
-1.766,0.280,0.065,16.335,-60.531,3.389,520408774.000
-1.760,0.274,0.069,16.284,-60.528,3.409,520408874.000
-1.764,0.276,0.074,16.270,-60.438,3.390,520408976.000
-1.756,0.274,0.074,16.270,-60.513,3.409,520409074.000
-1.762,0.272,0.069,16.262,-60.443,3.391,520409175.000
-1.762,0.277,0.072,16.292,-60.410,3.409,520409275.000
-1.756,0.276,0.075,16.285,-60.416,3.392,520409374.000
-1.760,0.279,0.065,16.301,-60.375,3.401,520409475.000
-1.756,0.273,0.075,16.270,-60.416,3.383,520409576.000
-1.758,0.275,0.074,16.278,-60.355,3.401,520409675.000
-1.758,0.275,0.072,16.250,-60.339,3.401,520409774.000
-1.756,0.273,0.072,16.229,-60.328,3.411,520409875.000
-1.758,0.280,0.067,16.281,-60.307,3.392,520409975.000
-1.760,0.276,0.074,16.257,-60.294,3.392,520410074.000
-1.758,0.270,0.074,16.206,-60.234,3.411,520410175.000
-1.756,0.276,0.074,16.230,-60.222,3.393,520410275.000
-1.756,0.276,0.070,16.244,-60.215,3.393,520410375.000
-1.754,0.277,0.075,16.252,-60.211,3.384,520410474.000
-1.754,0.269,0.074,16.193,-60.187,3.384,520410574.000
-1.752,0.271,0.074,16.201,-60.199,3.403,520410675.000
-1.756,0.273,0.072,16.215,-60.158,3.384,520410774.000
-1.754,0.275,0.074,16.223,-60.138,3.403,520410874.000
-1.754,0.275,0.074,16.223,-60.138,3.403,520410974.000
-1.754,0.275,0.072,16.210,-60.098,3.403,520411075.000
-1.754,0.274,0.075,16.209,-60.066,3.376,520411174.000
-1.746,0.275,0.072,16.211,-60.101,3.404,520411274.000
-1.752,0.276,0.070,16.231,-60.070,3.367,520411374.000
-1.750,0.275,0.065,16.169,-60.052,3.376,520411475.000
-1.748,0.273,0.070,16.189,-59.999,3.386,520411575.000
-1.748,0.273,0.067,16.175,-60.008,3.359,520411675.000
-1.753,0.278,0.072,16.219,-59.990,3.377,520411774.000
-1.748,0.273,0.072,16.148,-59.943,3.414,520411875.000
-1.742,0.272,0.075,16.154,-59.973,3.369,520411975.000
-1.748,0.276,0.070,16.204,-59.951,3.368,520412075.000
-1.746,0.274,0.072,16.169,-59.931,3.378,520412174.000
-1.744,0.273,0.070,16.176,-59.904,3.388,520412274.000
-1.746,0.274,0.077,16.197,-59.866,3.406,520412375.000
-1.749,0.271,0.077,16.174,-59.853,3.406,520412474.000
-1.744,0.271,0.075,16.160,-59.887,3.379,520412574.000
-1.746,0.272,0.070,16.154,-59.867,3.369,520412674.000
-1.742,0.274,0.072,16.115,-59.860,3.378,520412775.000
-1.747,0.274,0.077,16.155,-59.793,3.379,520412875.000
-1.738,0.272,0.075,16.114,-59.829,3.370,520412974.000
-1.742,0.277,0.075,16.185,-59.779,3.361,520413075.000
-1.740,0.268,0.072,16.118,-59.751,3.371,520413175.000
-1.738,0.274,0.067,16.116,-59.805,3.379,520413275.000
-1.742,0.272,0.075,16.113,-59.755,3.370,520413374.000
-1.745,0.273,0.072,16.135,-59.702,3.389,520413474.000
-1.736,0.273,0.070,16.136,-59.737,3.362,520413575.000
-1.740,0.276,0.067,16.151,-59.695,3.371,520413674.000
-1.736,0.270,0.070,16.093,-59.688,3.353,520413774.000
-1.738,0.277,0.072,16.131,-59.692,3.390,520413874.000
-1.734,0.269,0.080,16.085,-59.668,3.363,520413975.000
-1.741,0.275,0.070,16.137,-59.590,3.372,520414074.000
-1.736,0.270,0.065,16.093,-59.657,3.353,520414174.000
-1.736,0.273,0.070,16.122,-59.616,3.363,520414275.000
-1.743,0.274,0.072,16.101,-59.545,3.381,520414374.000
-1.739,0.272,0.072,16.073,-59.546,3.372,520414475.000
-1.737,0.273,0.077,16.108,-59.542,3.364,520414575.000
-1.739,0.271,0.067,16.073,-59.514,3.345,520414675.000
-1.739,0.269,0.075,16.057,-59.514,3.363,520414775.000
-1.735,0.269,0.077,16.058,-59.507,3.364,520414874.000
-1.735,0.272,0.077,16.073,-59.507,3.373,520414974.000
-1.737,0.268,0.075,16.036,-59.454,3.373,520415075.000
-1.735,0.274,0.070,16.089,-59.459,3.383,520415175.000
-1.735,0.272,0.072,16.060,-59.451,3.373,520415274.000
-1.732,0.273,0.062,16.068,-59.448,3.364,520415374.000
-1.735,0.272,0.072,16.060,-59.402,3.374,520415474.000
-1.730,0.269,0.070,16.059,-59.436,3.337,520415574.000
-1.733,0.273,0.067,16.040,-59.383,3.365,520415675.000
-1.731,0.266,0.075,16.043,-59.371,3.356,520415774.000
-1.731,0.271,0.077,16.060,-59.362,3.347,520415874.000
-1.731,0.269,0.072,16.017,-59.331,3.338,520415974.000
-1.735,0.271,0.077,16.032,-59.289,3.347,520416074.000
-1.731,0.266,0.077,16.002,-59.314,3.357,520416175.000
-1.733,0.273,0.072,16.040,-59.270,3.338,520416274.000
-1.727,0.269,0.077,16.017,-59.291,3.339,520416375.000
-1.731,0.269,0.070,16.004,-59.242,3.338,520416474.000
-1.729,0.270,0.077,16.011,-59.254,3.357,520416574.000
-1.727,0.269,0.067,16.032,-59.252,3.339,520416675.000
-1.727,0.269,0.075,15.990,-59.227,3.339,520416774.000
-1.727,0.266,0.070,15.989,-59.219,3.358,520416875.000
-1.727,0.269,0.067,16.018,-59.179,3.340,520416974.000
-1.725,0.267,0.067,15.997,-59.216,3.349,520417074.000
-1.723,0.269,0.072,16.019,-59.188,3.368,520417175.000
-1.725,0.267,0.067,15.984,-59.144,3.349,520417274.000
-1.727,0.271,0.080,16.019,-59.138,3.349,520417375.000
-1.729,0.270,0.067,16.012,-59.094,3.331,520417474.000
-1.725,0.267,0.072,15.983,-59.127,3.349,520417574.000
-1.727,0.269,0.075,15.990,-59.082,3.340,520417675.000
-1.723,0.271,0.072,16.020,-59.115,3.350,520417775.000
-1.723,0.269,0.077,16.004,-59.050,3.341,520417874.000
-1.723,0.266,0.070,15.948,-59.075,3.331,520417974.000
-1.725,0.265,0.070,15.954,-59.038,3.341,520418075.000
-1.721,0.270,0.075,15.985,-59.047,3.332,520418174.000
-1.721,0.267,0.072,15.956,-59.007,3.351,520418275.000
-1.721,0.267,0.072,15.970,-58.983,3.323,520418374.000
-1.723,0.269,0.072,15.977,-58.970,3.342,520418474.000
-1.719,0.271,0.072,15.965,-58.996,3.323,520418574.000
-1.719,0.266,0.072,15.949,-58.971,3.333,520418675.000
-1.721,0.267,0.070,15.942,-58.967,3.323,520418775.000
-1.721,0.267,0.077,15.942,-58.918,3.324,520418874.000
-1.721,0.265,0.072,15.913,-58.910,3.314,520418974.000
-1.719,0.266,0.070,15.922,-58.907,3.333,520419074.000
-1.717,0.262,0.075,15.913,-58.879,3.334,520419174.000
-1.719,0.269,0.075,15.923,-58.866,3.343,520419275.000
-1.717,0.267,0.072,15.943,-58.863,3.325,520419375.000
-1.717,0.267,0.077,15.915,-58.846,3.325,520419474.000
-1.717,0.270,0.067,15.931,-58.831,3.334,520419575.000
-1.713,0.267,0.072,15.916,-58.840,3.325,520419674.000
-1.717,0.265,0.070,15.942,-58.823,3.316,520419775.000
-1.715,0.269,0.072,15.937,-58.803,3.344,520419874.000
-1.713,0.270,0.070,15.945,-58.800,3.307,520419975.000
-1.713,0.265,0.070,15.887,-58.800,3.316,520420075.000
-1.715,0.263,0.063,15.852,-58.740,3.298,520420176.000
-1.711,0.268,0.072,15.910,-58.780,3.317,520420276.000
-1.713,0.270,0.072,15.945,-58.719,3.336,520420376.000
-1.713,0.265,0.077,15.901,-58.727,3.345,520420476.000
-1.711,0.271,0.065,15.912,-58.708,3.326,520420575.000
-1.715,0.263,0.068,15.879,-58.674,3.299,520420676.000
-1.707,0.268,0.065,15.897,-58.685,3.318,520420775.000
-1.711,0.263,0.072,15.866,-58.659,3.327,520420876.000
-1.713,0.267,0.072,15.875,-58.622,3.327,520420975.000
-1.709,0.270,0.065,15.891,-58.648,3.309,520421076.000
-1.711,0.263,0.070,15.866,-58.595,3.327,520421175.000
-1.709,0.267,0.070,15.889,-58.607,3.328,520421276.000
-1.711,0.261,0.065,15.852,-58.563,3.318,520421375.000
-1.709,0.264,0.072,15.860,-58.599,3.318,520421475.000
-1.709,0.264,0.070,15.874,-58.559,3.291,520421576.000
-1.707,0.266,0.075,15.882,-58.555,3.338,520421675.000
-1.707,0.263,0.070,15.839,-58.572,3.328,520421776.000
-1.705,0.267,0.068,15.835,-58.520,3.328,520421876.000
-1.705,0.267,0.078,15.862,-58.535,3.301,520421976.000
-1.703,0.263,0.068,15.840,-58.533,3.329,520422075.000
-1.707,0.266,0.070,15.841,-58.499,3.310,520422175.000
-1.707,0.268,0.075,15.883,-58.482,3.292,520422276.000
-1.705,0.269,0.070,15.919,-58.463,3.311,520422376.000
-1.707,0.266,0.070,15.841,-58.451,3.310,520422476.000
-1.705,0.264,0.073,15.847,-58.407,3.320,520422576.000
-1.705,0.259,0.070,15.790,-58.439,3.329,520422676.000
-1.701,0.264,0.068,15.806,-58.425,3.293,520422775.000
-1.703,0.268,0.073,15.843,-58.420,3.320,520422875.000
-1.705,0.262,0.072,15.791,-58.383,3.339,520422976.000
-1.701,0.264,0.068,15.793,-58.401,3.293,520423076.000
-1.701,0.262,0.073,15.805,-58.384,3.312,520423175.000
-1.703,0.263,0.065,15.771,-58.348,3.302,520423275.000
-1.701,0.264,0.070,15.806,-58.344,3.293,520423376.000
-1.701,0.264,0.070,15.806,-58.344,3.293,520423475.000
-1.703,0.260,0.067,15.770,-58.291,3.321,520423575.000
-1.701,0.264,0.065,15.793,-58.288,3.321,520423676.000
-1.701,0.262,0.068,15.791,-58.279,3.285,520423776.000
-1.699,0.263,0.073,15.799,-58.275,3.331,520423876.000
-1.699,0.263,0.068,15.771,-58.244,3.276,520423976.000
-1.699,0.263,0.073,15.799,-58.275,3.304,520424076.000
-1.699,0.263,0.073,15.799,-58.227,3.304,520424176.000
-1.699,0.263,0.070,15.758,-58.236,3.303,520424275.000
-1.699,0.266,0.068,15.746,-58.220,3.313,520424376.000
-1.699,0.263,0.078,15.771,-58.210,3.304,520424476.000
-1.699,0.263,0.070,15.786,-58.187,3.332,520424576.000
-1.695,0.260,0.075,15.757,-58.220,3.295,520424675.000
-1.699,0.260,0.068,15.729,-58.147,3.295,520424775.000
-1.693,0.264,0.075,15.780,-58.184,3.296,520424876.000
-1.697,0.259,0.070,15.735,-58.151,3.277,520424976.000
-1.693,0.264,0.070,15.780,-58.152,3.268,520425076.000
-1.695,0.263,0.068,15.759,-58.148,3.305,520425175.000
-1.697,0.264,0.070,15.766,-58.103,3.296,520425276.000
-1.695,0.260,0.065,15.729,-58.108,3.268,520425376.000
-1.691,0.260,0.068,15.730,-58.101,3.269,520425476.000
-1.693,0.262,0.068,15.752,-58.064,3.315,520425576.000
-1.695,0.258,0.070,15.715,-58.043,3.315,520425675.000
-1.693,0.261,0.063,15.738,-58.056,3.287,520425776.000
-1.693,0.262,0.075,15.724,-58.015,3.315,520425876.000
-1.693,0.261,0.063,15.710,-58.008,3.287,520425975.000
-1.691,0.263,0.070,15.731,-58.044,3.278,520426076.000
-1.696,0.263,0.070,15.758,-57.970,3.279,520426175.000
-1.691,0.265,0.068,15.761,-58.004,3.288,520426275.000
-1.691,0.260,0.070,15.689,-57.996,3.297,520426376.000
-1.691,0.263,0.065,15.704,-57.964,3.279,520426475.000
-1.694,0.264,0.068,15.725,-57.943,3.297,520426576.000
-1.687,0.258,0.070,15.702,-57.973,3.289,520426676.000
-1.691,0.263,0.070,15.718,-57.923,3.279,520426775.000
-1.685,0.264,0.073,15.726,-57.929,3.298,520426875.000
-1.692,0.260,0.075,15.716,-57.882,3.298,520426976.000
-1.689,0.261,0.070,15.683,-57.888,3.289,520427076.000
-1.689,0.261,0.070,15.710,-57.887,3.289,520427175.000
-1.687,0.263,0.073,15.718,-57.867,3.280,520427275.000
-1.689,0.261,0.070,15.697,-57.863,3.289,520427375.000
-1.689,0.259,0.068,15.668,-57.872,3.280,520427475.000
-1.687,0.260,0.068,15.676,-57.836,3.271,520427575.000
-1.690,0.264,0.078,15.711,-57.814,3.299,520427675.000
-1.687,0.257,0.073,15.632,-57.819,3.262,520427775.000
-1.688,0.262,0.073,15.704,-57.795,3.253,520427876.000
-1.685,0.261,0.070,15.670,-57.792,3.290,520427975.000
-1.688,0.260,0.073,15.689,-57.795,3.299,520428076.000
-1.685,0.261,0.068,15.697,-57.776,3.263,520428176.000
-1.685,0.261,0.065,15.642,-57.760,3.262,520428275.000
-1.683,0.265,0.070,15.706,-57.780,3.263,520428376.000
-1.688,0.257,0.073,15.633,-57.723,3.290,520428476.000
-1.688,0.260,0.065,15.676,-57.723,3.300,520428576.000
-1.686,0.256,0.073,15.639,-57.711,3.272,520428675.000
-1.686,0.259,0.068,15.641,-57.703,3.281,520428776.000
-1.681,0.259,0.065,15.628,-57.737,3.254,520428875.000
-1.684,0.260,0.075,15.676,-57.667,3.273,520428975.000
-1.686,0.261,0.070,15.656,-57.671,3.291,520429076.000
-1.686,0.261,0.068,15.684,-57.655,3.264,520429176.000
-1.686,0.259,0.073,15.654,-57.614,3.282,520429275.000
-1.679,0.260,0.068,15.636,-57.669,3.301,520429376.000
-1.684,0.260,0.070,15.621,-57.635,3.273,520429476.000
-1.679,0.257,0.070,15.620,-57.636,3.264,520429575.000
-1.682,0.261,0.075,15.656,-57.631,3.264,520429676.000
-1.679,0.257,0.070,15.579,-57.612,3.264,520429776.000
-1.682,0.259,0.065,15.628,-57.592,3.255,520429875.000
-1.677,0.261,0.070,15.616,-57.601,3.265,520429976.000
-1.684,0.257,0.070,15.620,-57.562,3.292,520430076.000
-1.680,0.255,0.068,15.605,-57.572,3.283,520430175.000
-1.684,0.257,0.075,15.633,-57.521,3.265,520430275.000
-1.680,0.257,0.068,15.607,-57.548,3.265,520430376.000
-1.682,0.256,0.073,15.584,-57.543,3.246,520430476.000
-1.678,0.259,0.070,15.587,-57.528,3.284,520430576.000
-1.680,0.262,0.078,15.650,-57.490,3.284,520430675.000
-1.682,0.253,0.070,15.570,-57.478,3.265,520430776.000
-1.675,0.257,0.075,15.620,-57.500,3.266,520430875.000
-1.678,0.261,0.070,15.616,-57.455,3.266,520430976.000
-1.678,0.259,0.070,15.587,-57.480,3.256,520431075.000
-1.678,0.253,0.068,15.557,-57.464,3.266,520431176.000
-1.673,0.256,0.063,15.559,-57.482,3.248,520431276.000
-1.676,0.257,0.070,15.566,-57.420,3.294,520431376.000
-1.676,0.255,0.068,15.564,-57.428,3.257,520431476.000
-1.676,0.257,0.073,15.552,-57.412,3.266,520431576.000
-1.671,0.255,0.070,15.551,-57.397,3.258,520431676.000
-1.678,0.253,0.070,15.557,-57.383,3.266,520431776.000
-1.678,0.258,0.073,15.545,-57.375,3.257,520431875.000
-1.674,0.258,0.068,15.588,-57.392,3.258,520431976.000
-1.678,0.258,0.065,15.601,-57.326,3.258,520432076.000
-1.674,0.258,0.068,15.560,-57.344,3.258,520432176.000
-1.676,0.255,0.068,15.537,-57.331,3.258,520432276.000
-1.672,0.255,0.068,15.551,-57.332,3.258,520432375.000
-1.672,0.255,0.073,15.551,-57.316,3.258,520432475.000
-1.672,0.257,0.068,15.567,-57.284,3.268,520432576.000
-1.667,0.257,0.070,15.553,-57.301,3.268,520432675.000
-1.670,0.256,0.070,15.545,-57.288,3.250,520432776.000
-1.667,0.260,0.075,15.596,-57.284,3.278,520432876.000
-1.672,0.257,0.073,15.566,-57.267,3.268,520432975.000
-1.665,0.258,0.073,15.561,-57.281,3.260,520433075.000
-1.670,0.256,0.073,15.545,-57.256,3.250,520433175.000
-1.670,0.256,0.065,15.559,-57.232,3.250,520433276.000
-1.674,0.258,0.061,15.547,-57.223,3.231,520433376.000
-1.670,0.258,0.068,15.561,-57.224,3.287,520433476.000
-1.670,0.258,0.075,15.574,-57.199,3.260,520433575.000
-1.670,0.258,0.078,15.560,-57.191,3.260,520433674.000
-1.670,0.258,0.075,15.560,-57.175,3.260,520433775.000
-1.670,0.258,0.068,15.560,-57.175,3.232,520433874.000
-1.672,0.257,0.075,15.553,-57.114,3.269,520433974.000
-1.668,0.254,0.075,15.552,-57.163,3.260,520434075.000
-1.672,0.257,0.070,15.525,-57.130,3.241,520434175.000
-1.668,0.260,0.078,15.582,-57.131,3.279,520434274.000
-1.668,0.257,0.075,15.539,-57.115,3.270,520434375.000
-1.666,0.258,0.073,15.492,-57.112,3.260,520434474.000
-1.666,0.253,0.068,15.504,-57.104,3.270,520434574.000
-1.664,0.257,0.071,15.540,-57.108,3.243,520434675.000
-1.666,0.258,0.073,15.505,-57.088,3.233,520434774.000
-1.664,0.254,0.070,15.483,-57.085,3.233,520434875.000
-1.664,0.254,0.073,15.524,-57.076,3.234,520434974.000
-1.662,0.253,0.070,15.504,-57.097,3.243,520435074.000
-1.666,0.256,0.073,15.463,-57.040,3.252,520435175.000
-1.664,0.254,0.066,15.497,-57.028,3.234,520435275.000
-1.662,0.258,0.071,15.534,-57.048,3.234,520435374.000
-1.662,0.253,0.070,15.490,-57.024,3.243,520435474.000
-1.666,0.256,0.070,15.532,-56.999,3.252,520435575.000
-1.664,0.257,0.073,15.512,-56.979,3.243,520435674.000
-1.664,0.254,0.068,15.484,-56.972,3.234,520435775.000
-1.664,0.257,0.066,15.513,-56.980,3.243,520435875.000
-1.666,0.256,0.063,15.450,-56.952,3.252,520435975.000
-1.664,0.254,0.073,15.456,-56.955,3.234,520436074.000
-1.660,0.254,0.071,15.484,-56.964,3.235,520436174.000
-1.658,0.256,0.073,15.478,-56.969,3.253,520436275.000
-1.660,0.254,0.073,15.484,-56.932,3.263,520436375.000
-1.664,0.252,0.073,15.440,-56.907,3.225,520436475.000
-1.660,0.254,0.071,15.470,-56.892,3.235,520436574.000
-1.653,0.251,0.070,15.435,-56.955,3.263,520436675.000
-1.660,0.257,0.073,15.472,-56.884,3.244,520436775.000
-1.658,0.256,0.073,15.478,-56.872,3.254,520436874.000
-1.658,0.255,0.066,15.478,-56.873,3.226,520436974.000
-1.656,0.257,0.068,15.473,-56.877,3.245,520437075.000
-1.656,0.257,0.073,15.486,-56.885,3.245,520437175.000
-1.656,0.254,0.071,15.471,-56.869,3.236,520437274.000
-1.658,0.258,0.066,15.480,-56.800,3.236,520437374.000
-1.656,0.257,0.076,15.500,-56.828,3.246,520437475.000
-1.660,0.259,0.076,15.500,-56.827,3.227,520437575.000
-1.658,0.255,0.073,15.492,-56.799,3.255,520437676.000
-1.658,0.253,0.068,15.422,-56.816,3.245,520437776.000
-1.662,0.255,0.068,15.450,-56.766,3.226,520437875.000
-1.660,0.257,0.073,15.485,-56.762,3.246,520437976.000
-1.656,0.252,0.071,15.387,-56.748,3.227,520438075.000
-1.652,0.249,0.071,15.414,-56.798,3.246,520438175.000
-1.656,0.257,0.068,15.445,-56.732,3.246,520438275.000
-1.656,0.257,0.076,15.472,-56.731,3.219,520438376.000
-1.652,0.257,0.068,15.446,-56.758,3.246,520438475.000
-1.654,0.255,0.068,15.438,-56.745,3.228,520438576.000
-1.654,0.253,0.075,15.422,-56.696,3.247,520438675.000
-1.652,0.252,0.071,15.415,-56.725,3.228,520438775.000
-1.654,0.255,0.073,15.479,-56.704,3.256,520438875.000
-1.658,0.253,0.071,15.408,-56.663,3.219,520438976.000
-1.654,0.255,0.073,15.438,-56.680,3.256,520439075.000
-1.654,0.255,0.066,15.424,-56.656,3.201,520439176.000
-1.652,0.254,0.073,15.444,-56.668,3.238,520439276.000
-1.652,0.252,0.071,15.401,-56.652,3.229,520439376.000
-1.652,0.259,0.068,15.474,-56.636,3.201,520439475.000
-1.654,0.253,0.063,15.395,-56.616,3.219,520439575.000
-1.654,0.255,0.073,15.437,-56.631,3.229,520439676.000
-1.650,0.253,0.068,15.396,-56.625,3.248,520439776.000
-1.650,0.253,0.068,15.410,-56.601,3.248,520439876.000
-1.654,0.253,0.071,15.381,-56.591,3.219,520439975.000
-1.650,0.253,0.073,15.409,-56.584,3.248,520440075.000
-1.650,0.255,0.076,15.410,-56.576,3.230,520440176.000
-1.652,0.254,0.068,15.403,-56.564,3.239,520440275.000
-1.648,0.246,0.073,15.358,-56.573,3.239,520440375.000
-1.652,0.254,0.071,15.402,-56.531,3.211,520440475.000
-1.648,0.251,0.071,15.374,-56.533,3.230,520440575.000
-1.648,0.251,0.063,15.375,-56.533,3.230,520440676.000
-1.646,0.250,0.071,15.367,-56.545,3.240,520440775.000
-1.648,0.249,0.070,15.346,-56.509,3.249,520440876.000
-1.646,0.248,0.071,15.366,-56.521,3.231,520440976.000
-1.650,0.253,0.061,15.369,-56.480,3.221,520441075.000
-1.648,0.251,0.071,15.416,-56.459,3.231,520441175.000
-1.648,0.246,0.073,15.344,-56.452,3.240,520441276.000
-1.648,0.251,0.066,15.361,-56.477,3.230,520441376.000
-1.648,0.246,0.066,15.344,-56.452,3.212,520441476.000
-1.653,0.254,0.073,15.361,-56.426,3.239,520441575.000
-1.644,0.254,0.066,15.377,-56.453,3.213,520441675.000
-1.646,0.248,0.068,15.325,-56.433,3.231,520441776.000
-1.648,0.254,0.066,15.362,-56.404,3.212,520441875.000
-1.646,0.247,0.068,15.338,-56.408,3.204,520441975.000
-1.648,0.251,0.076,15.347,-56.371,3.231,520442076.000
-1.648,0.254,0.068,15.362,-56.371,3.213,520442175.000
-1.644,0.251,0.063,15.376,-56.365,3.232,520442275.000
-1.646,0.250,0.071,15.353,-56.376,3.213,520442376.000
-1.646,0.253,0.068,15.369,-56.360,3.222,520442476.000
-1.644,0.249,0.071,15.332,-56.364,3.223,520442576.000
-1.644,0.256,0.063,15.406,-56.365,3.223,520442675.000
-1.651,0.253,0.073,15.354,-56.294,3.222,520442776.000
-1.642,0.253,0.066,15.370,-56.321,3.223,520442875.000
-1.644,0.249,0.068,15.305,-56.300,3.223,520442975.000
-1.642,0.247,0.061,15.298,-56.313,3.205,520443075.000
-1.638,0.250,0.066,15.327,-56.346,3.214,520443176.000
-1.646,0.247,0.066,15.297,-56.272,3.232,520443275.000
-1.638,0.250,0.071,15.341,-56.305,3.215,520443375.000
-1.649,0.251,0.066,15.361,-56.234,3.232,520443475.000
-1.640,0.249,0.068,15.319,-56.253,3.196,520443576.000
-1.644,0.246,0.073,15.276,-56.259,3.214,520443675.000
-1.642,0.250,0.071,15.299,-56.256,3.214,520443775.000
-1.640,0.251,0.071,15.321,-56.245,3.233,520443876.000
-1.645,0.249,0.068,15.333,-56.203,3.224,520443975.000
-1.640,0.246,0.068,15.290,-56.229,3.215,520444075.000
-1.642,0.255,0.068,15.343,-56.216,3.205,520444176.000
-1.645,0.249,0.071,15.291,-56.195,3.224,520444275.000
-1.640,0.251,0.071,15.321,-56.196,3.234,520444375.000
-1.643,0.245,0.068,15.283,-56.167,3.252,520444476.000
-1.638,0.253,0.068,15.342,-56.217,3.225,520444576.000
-1.638,0.253,0.068,15.329,-56.193,3.225,520444675.000
-1.645,0.251,0.068,15.307,-56.131,3.233,520444776.000
-1.642,0.250,0.068,15.313,-56.167,3.215,520444876.000
-1.640,0.251,0.063,15.321,-56.148,3.206,520444975.000
-1.638,0.250,0.066,15.314,-56.128,3.216,520445075.000
-1.638,0.247,0.063,15.271,-56.161,3.206,520445175.000
-1.638,0.247,0.068,15.298,-56.144,3.207,520445275.000
-1.638,0.252,0.076,15.342,-56.119,3.225,520445375.000
-1.647,0.250,0.071,15.285,-56.061,3.243,520445476.000
-1.638,0.247,0.071,15.285,-56.136,3.234,520445575.000
-1.636,0.251,0.068,15.294,-56.109,3.207,520445675.000
-1.636,0.251,0.071,15.307,-56.100,3.207,520445776.000
-1.638,0.252,0.071,15.315,-56.088,3.225,520445875.000
-1.636,0.251,0.066,15.280,-56.069,3.207,520445976.000
-1.638,0.250,0.063,15.314,-56.064,3.189,520446076.000
-1.636,0.251,0.066,15.280,-56.069,3.207,520446175.000
-1.639,0.247,0.068,15.284,-56.023,3.207,520446276.000
-1.636,0.251,0.063,15.295,-56.028,3.235,520446375.000
-1.639,0.250,0.071,15.286,-56.015,3.217,520446476.000
-1.634,0.252,0.063,15.316,-56.017,3.226,520446575.000
-1.632,0.251,0.076,15.266,-56.037,3.208,520446676.000
-1.636,0.246,0.066,15.250,-56.020,3.217,520446776.000
-1.639,0.250,0.066,15.245,-55.959,3.217,520446875.000
-1.637,0.248,0.071,15.278,-55.979,3.199,520446976.000
-1.632,0.248,0.066,15.265,-55.997,3.199,520447075.000
-1.637,0.246,0.071,15.235,-55.979,3.189,520447176.000
-1.637,0.248,0.066,15.265,-55.923,3.199,520447275.000
-1.637,0.246,0.066,15.236,-55.948,3.217,520447376.000
-1.632,0.248,0.063,15.238,-55.981,3.199,520447475.000
-1.632,0.246,0.066,15.278,-55.948,3.218,520447576.000
-1.635,0.247,0.066,15.244,-55.912,3.181,520447676.000
-1.632,0.248,0.068,15.252,-55.940,3.199,520447775.000
-1.635,0.247,0.058,15.272,-55.912,3.209,520447875.000
-1.632,0.246,0.063,15.237,-55.909,3.190,520447975.000
-1.628,0.248,0.058,15.267,-55.926,3.200,520448075.000
-1.632,0.251,0.063,15.281,-55.884,3.209,520448175.000
-1.632,0.248,0.063,15.266,-55.884,3.228,520448275.000
-1.633,0.251,0.068,15.295,-55.843,3.210,520448375.000
-1.635,0.247,0.063,15.217,-55.848,3.209,520448475.000
-1.630,0.244,0.068,15.229,-55.856,3.200,520448576.000
-1.630,0.250,0.073,15.232,-55.840,3.219,520448675.000
-1.633,0.246,0.071,15.223,-55.835,3.219,520448775.000
-1.631,0.247,0.066,15.231,-55.816,3.210,520448876.000
-1.626,0.250,0.066,15.261,-55.817,3.220,520448976.000
-1.626,0.250,0.063,15.233,-55.850,3.192,520449075.000
-1.631,0.247,0.071,15.231,-55.800,3.210,520449176.000
-1.628,0.246,0.061,15.210,-55.821,3.192,520449275.000
-1.631,0.252,0.063,15.289,-55.800,3.173,520449375.000
-1.626,0.244,0.063,15.216,-55.826,3.201,520449476.000
-1.628,0.248,0.066,15.239,-55.780,3.201,520449575.000
-1.628,0.248,0.068,15.238,-55.796,3.201,520449675.000
-1.626,0.242,0.068,15.201,-55.761,3.220,520449775.000
-1.631,0.247,0.066,15.203,-55.719,3.210,520449875.000
-1.629,0.248,0.066,15.239,-55.732,3.202,520449975.000
-1.631,0.250,0.071,15.273,-55.751,3.192,520450076.000
-1.626,0.247,0.066,15.204,-55.745,3.183,520450175.000
-1.629,0.248,0.063,15.198,-55.741,3.201,520450275.000
-1.626,0.250,0.066,15.219,-55.745,3.192,520450375.000
-1.624,0.248,0.066,15.226,-55.733,3.202,520450476.000
-1.627,0.247,0.063,15.204,-55.680,3.211,520450576.000
-1.627,0.247,0.063,15.190,-55.705,3.183,520450676.000
-1.624,0.248,0.071,15.211,-55.692,3.202,520450775.000
-1.624,0.248,0.061,15.212,-55.726,3.174,520450876.000
-1.627,0.244,0.063,15.202,-55.656,3.175,520450975.000
-1.624,0.248,0.066,15.212,-55.661,3.203,520451076.000
-1.624,0.246,0.068,15.196,-55.677,3.193,520451175.000
-1.625,0.246,0.071,15.210,-55.668,3.221,520451275.000
-1.627,0.250,0.073,15.219,-55.647,3.221,520451375.000
-1.627,0.247,0.063,15.204,-55.632,3.184,520451476.000
-1.627,0.247,0.066,15.218,-55.624,3.212,520451575.000
-1.622,0.250,0.071,15.233,-55.632,3.222,520451676.000
-1.623,0.247,0.066,15.191,-55.601,3.185,520451776.000
-1.622,0.247,0.063,15.191,-55.633,3.184,520451875.000
-1.622,0.250,0.066,15.178,-55.601,3.194,520451975.000
-1.625,0.251,0.063,15.199,-55.596,3.184,520452075.000
-1.625,0.248,0.068,15.212,-55.580,3.203,520452175.000
-1.623,0.250,0.066,15.206,-55.552,3.222,520452276.000
-1.623,0.250,0.063,15.178,-55.585,3.194,520452376.000
-1.625,0.245,0.061,15.197,-55.532,3.167,520452475.000
-1.620,0.248,0.058,15.158,-55.590,3.203,520452576.000
-1.620,0.243,0.066,15.168,-55.565,3.185,520452675.000
-1.616,0.248,0.064,15.199,-55.574,3.177,520452776.000
-1.616,0.246,0.066,15.156,-55.542,3.195,520452875.000
-1.625,0.243,0.066,15.126,-55.516,3.185,520452975.000
-1.619,0.242,0.066,15.147,-55.505,3.195,520453075.000
-1.621,0.251,0.066,15.228,-55.492,3.186,520453176.000
-1.621,0.243,0.071,15.168,-55.500,3.186,520453276.000
-1.621,0.243,0.071,15.126,-55.476,3.186,520453376.000
-1.623,0.247,0.071,15.163,-55.487,3.185,520453475.000
-1.621,0.245,0.066,15.156,-55.468,3.167,520453575.000
-1.619,0.244,0.066,15.176,-55.481,3.177,520453676.000
-1.621,0.251,0.071,15.186,-55.452,3.214,520453775.000
-1.621,0.246,0.071,15.142,-55.427,3.195,520453876.000
-1.619,0.244,0.071,15.135,-55.440,3.205,520453976.000
-1.619,0.247,0.071,15.177,-55.440,3.187,520454075.000
-1.619,0.244,0.066,15.148,-55.432,3.177,520454176.000
-1.619,0.242,0.066,15.147,-55.408,3.196,520454276.000
-1.621,0.243,0.061,15.141,-55.388,3.187,520454375.000
-1.617,0.248,0.068,15.144,-55.413,3.205,520454476.000
-1.617,0.240,0.066,15.112,-55.421,3.178,520454576.000
-1.621,0.243,0.068,15.154,-55.363,3.187,520454676.000
-1.619,0.247,0.066,15.164,-55.384,3.187,520454775.000
-1.619,0.249,0.066,15.165,-55.360,3.196,520454876.000
-1.615,0.242,0.063,15.093,-55.370,3.169,520454976.000
-1.621,0.245,0.066,15.115,-55.347,3.196,520455076.000
-1.612,0.246,0.073,15.143,-55.397,3.197,520455176.000
-1.612,0.245,0.064,15.129,-55.358,3.169,520455276.000
-1.617,0.245,0.068,15.143,-55.340,3.197,520455377.000
-1.617,0.245,0.076,15.128,-55.315,3.197,520455476.000
-1.615,0.244,0.066,15.135,-55.337,3.179,520455576.000
-1.617,0.245,0.068,15.142,-55.340,3.169,520455676.000
-1.617,0.248,0.068,15.116,-55.316,3.178,520455776.000
-1.615,0.242,0.068,15.092,-55.304,3.169,520455876.000
-1.615,0.242,0.071,15.092,-55.320,3.169,520455976.000
