0.037,-0.047,-0.069,1.296,1.479,0.325,520639278.000
0.041,-0.054,-0.069,1.251,1.405,0.325,520639379.000
0.041,-0.057,-0.066,1.249,1.413,0.316,520639479.000
0.039,-0.051,-0.064,1.273,1.434,0.325,520639579.000
0.041,-0.057,-0.073,1.236,1.437,0.288,520639679.000
0.041,-0.055,-0.061,1.250,1.454,0.326,520639778.000
0.039,-0.056,-0.071,1.257,1.458,0.307,520639878.000
0.043,-0.058,-0.069,1.242,1.417,0.326,520639978.000
0.041,-0.052,-0.073,1.266,1.437,0.307,520640078.000
0.039,-0.058,-0.076,1.228,1.465,0.325,520640179.000
0.039,-0.051,-0.069,1.273,1.466,0.298,520640278.000
0.039,-0.056,-0.076,1.257,1.490,0.307,520640378.000
0.037,-0.055,-0.069,1.250,1.479,0.325,520640478.000
0.043,-0.058,-0.071,1.242,1.433,0.298,520640578.000
0.037,-0.060,-0.069,1.234,1.455,0.334,520640679.000
0.041,-0.052,-0.071,1.266,1.469,0.307,520640778.000
0.037,-0.052,-0.069,1.266,1.479,0.334,520640879.000
0.037,-0.052,-0.073,1.265,1.462,0.279,520640978.000
0.039,-0.056,-0.076,1.243,1.465,0.307,520641079.000
0.041,-0.057,-0.074,1.236,1.437,0.344,520641178.000
0.043,-0.058,-0.069,1.256,1.441,0.326,520641278.000
0.043,-0.056,-0.073,1.271,1.424,0.307,520641379.000
0.045,-0.054,-0.073,1.279,1.412,0.326,520641478.000
0.039,-0.056,-0.071,1.298,1.434,0.307,520641578.000
0.039,-0.053,-0.069,1.286,1.466,0.316,520641678.000
0.043,-0.053,-0.073,1.287,1.424,0.317,520641778.000
0.037,-0.055,-0.074,1.278,1.463,0.325,520641878.000
0.043,-0.053,-0.071,1.273,1.433,0.317,520641978.000
0.039,-0.053,-0.074,1.258,1.450,0.316,520642078.000
0.043,-0.053,-0.066,1.258,1.425,0.316,520642178.000
0.039,-0.053,-0.064,1.258,1.483,0.316,520642278.000
0.039,-0.053,-0.074,1.258,1.450,0.316,520642378.000
0.039,-0.058,-0.064,1.241,1.459,0.325,520642478.000
0.039,-0.051,-0.074,1.301,1.450,0.325,520642578.000
0.039,-0.058,-0.071,1.242,1.458,0.325,520642678.000
0.039,-0.056,-0.078,1.271,1.433,0.307,520642779.000
0.045,-0.055,-0.066,1.265,1.437,0.298,520642878.000
0.041,-0.060,-0.076,1.262,1.429,0.307,520642978.000
0.041,-0.057,-0.081,1.278,1.461,0.317,520643078.000
0.041,-0.062,-0.069,1.261,1.454,0.326,520643178.000
0.041,-0.050,-0.076,1.309,1.453,0.289,520643278.000
0.041,-0.055,-0.076,1.307,1.453,0.326,520643379.000
0.037,-0.060,-0.071,1.248,1.495,0.335,520643478.000
0.041,-0.057,-0.074,1.264,1.437,0.316,520643578.000
0.041,-0.060,-0.074,1.262,1.461,0.335,520643678.000
0.041,-0.057,-0.071,1.278,1.445,0.344,520643778.000
0.043,-0.056,-0.069,1.299,1.441,0.335,520643879.000
0.043,-0.058,-0.071,1.256,1.457,0.326,520643978.000
0.039,-0.056,-0.071,1.257,1.458,0.335,520644078.000
0.041,-0.057,-0.076,1.291,1.453,0.317,520644179.000
0.037,-0.057,-0.069,1.263,1.479,0.316,520644278.000
0.039,-0.056,-0.069,1.285,1.491,0.335,520644378.000
0.039,-0.058,-0.074,1.283,1.450,0.326,520644479.000
0.039,-0.056,-0.076,1.299,1.466,0.307,520644578.000
0.039,-0.053,-0.066,1.299,1.475,0.316,520644678.000
0.041,-0.055,-0.071,1.292,1.445,0.326,520644779.000
0.039,-0.056,-0.074,1.285,1.474,0.335,520644878.000
0.039,-0.058,-0.069,1.283,1.467,0.326,520644979.000
0.043,-0.056,-0.071,1.299,1.457,0.335,520645079.000
0.041,-0.062,-0.069,1.261,1.454,0.354,520645178.000
0.039,-0.061,-0.074,1.269,1.450,0.344,520645278.000
0.041,-0.057,-0.078,1.278,1.445,0.316,520645379.000
0.039,-0.058,-0.071,1.283,1.483,0.326,520645479.000
0.041,-0.057,-0.076,1.264,1.453,0.344,520645578.000
0.041,-0.057,-0.076,1.305,1.429,0.317,520645678.000
0.039,-0.058,-0.074,1.256,1.498,0.326,520645778.000
0.041,-0.054,-0.064,1.306,1.470,0.354,520645879.000
0.039,-0.056,-0.069,1.312,1.491,0.335,520645979.000
0.041,-0.062,-0.076,1.247,1.477,0.326,520646078.000
0.043,-0.058,-0.069,1.284,1.441,0.326,520646178.000
0.041,-0.057,-0.069,1.291,1.454,0.317,520646278.000
0.041,-0.060,-0.071,1.303,1.470,0.308,520646379.000
0.041,-0.055,-0.076,1.293,1.429,0.326,520646478.000
0.039,-0.058,-0.066,1.283,1.451,0.326,520646579.000
0.039,-0.058,-0.069,1.255,1.466,0.326,520646678.000
0.041,-0.060,-0.076,1.276,1.453,0.308,520646779.000
0.041,-0.055,-0.069,1.306,1.454,0.326,520646878.000
0.041,-0.060,-0.071,1.262,1.445,0.335,520646979.000
0.039,-0.056,-0.071,1.271,1.482,0.335,520647079.000
0.039,-0.058,-0.074,1.270,1.474,0.326,520647179.000
0.039,-0.058,-0.069,1.283,1.467,0.326,520647279.000
0.041,-0.057,-0.076,1.306,1.429,0.344,520647380.000
0.037,-0.062,-0.071,1.246,1.471,0.325,520647480.000
0.043,-0.051,-0.069,1.301,1.441,0.326,520647580.000
0.043,-0.058,-0.071,1.270,1.433,0.326,520647679.000
0.039,-0.061,-0.076,1.255,1.490,0.317,520647780.000
0.043,-0.058,-0.069,1.297,1.466,0.327,520647879.000
0.039,-0.061,-0.069,1.295,1.467,0.317,520647980.000
0.041,-0.057,-0.073,1.277,1.461,0.317,520648080.000
0.039,-0.053,-0.074,1.314,1.450,0.344,520648180.000
0.041,-0.060,-0.076,1.276,1.453,0.335,520648280.000
0.043,-0.056,-0.066,1.285,1.449,0.335,520648380.000
0.041,-0.055,-0.076,1.293,1.477,0.326,520648479.000
0.039,-0.061,-0.069,1.268,1.467,0.317,520648579.000
0.037,-0.060,-0.069,1.275,1.479,0.307,520648680.000
0.043,-0.058,-0.078,1.284,1.456,0.326,520648780.000
0.039,-0.056,-0.069,1.298,1.467,0.335,520648880.000
0.043,-0.056,-0.073,1.313,1.449,0.308,520648980.000
0.043,-0.061,-0.074,1.255,1.449,0.317,520649079.000
0.043,-0.061,-0.069,1.282,1.466,0.317,520649180.000
0.043,-0.058,-0.078,1.312,1.457,0.326,520649279.000
0.039,-0.056,-0.076,1.285,1.490,0.307,520649380.000
0.041,-0.057,-0.071,1.277,1.494,0.317,520649480.000
0.039,-0.059,-0.076,1.284,1.514,0.326,520649580.000
0.043,-0.058,-0.071,1.270,1.481,0.326,520649680.000
0.039,-0.053,-0.078,1.286,1.482,0.316,520649780.000
0.039,-0.056,-0.069,1.298,1.515,0.335,520649880.000
0.041,-0.055,-0.073,1.320,1.510,0.299,520649980.000
0.043,-0.061,-0.079,1.256,1.480,0.345,520650080.000
0.043,-0.061,-0.073,1.269,1.522,0.318,520650180.000
0.041,-0.057,-0.071,1.291,1.518,0.317,520650280.000
0.037,-0.055,-0.056,1.318,1.473,0.298,520650380.000
0.041,-0.062,-0.076,1.234,1.501,0.326,520650480.000
0.039,-0.058,-0.069,1.311,1.418,0.326,520650579.000
0.033,-0.057,-0.074,1.318,1.343,0.342,520650680.000
0.033,-0.054,-0.074,1.374,1.174,0.351,520650779.000
0.025,-0.057,-0.071,1.413,0.918,0.366,520650879.000
0.013,-0.051,-0.069,1.482,0.518,0.352,520650979.000
0.004,-0.052,-0.066,1.611,0.082,0.386,520651080.000
-0.010,-0.046,-0.067,1.757,-0.410,0.417,520651179.000
-0.023,-0.044,-0.064,1.914,-0.990,0.430,520651279.000
-0.037,-0.042,-0.067,2.057,-1.514,0.443,520651379.000
-0.055,-0.038,-0.067,2.173,-2.102,0.464,520651480.000
-0.066,-0.032,-0.069,2.367,-2.784,0.505,520651580.000
-0.084,-0.028,-0.060,2.483,-3.387,0.526,520651680.000
-0.097,-0.032,-0.062,2.637,-3.984,0.548,520651779.000
-0.115,-0.027,-0.070,2.727,-4.427,0.542,520651880.000
-0.129,-0.031,-0.065,2.894,-5.047,0.564,520651979.000
-0.149,-0.020,-0.063,3.117,-5.613,0.595,520652079.000
-0.162,-0.021,-0.065,3.204,-6.259,0.625,520652179.000
-0.178,-0.016,-0.060,3.355,-6.842,0.638,520652280.000
-0.189,-0.015,-0.056,3.491,-7.427,0.660,520652379.000
-0.209,-0.007,-0.051,3.712,-7.985,0.682,520652479.000
-0.223,-0.008,-0.048,3.799,-8.565,0.713,520652579.000
-0.236,-0.004,-0.053,3.957,-9.122,0.707,520652680.000
-0.250,-0.005,-0.049,4.030,-9.646,0.766,520652780.000
-0.267,0.005,-0.041,4.273,-10.256,0.779,520652880.000
-0.283,0.008,-0.044,4.423,-10.865,0.809,520652979.000
-0.299,0.008,-0.042,4.531,-11.409,0.859,520653080.000
-0.314,0.014,-0.039,4.669,-12.001,0.871,520653180.000
-0.330,0.022,-0.039,4.864,-12.601,0.893,520653279.000
-0.348,0.016,-0.042,4.961,-13.148,0.905,520653380.000
-0.363,0.019,-0.040,5.111,-13.788,0.936,520653480.000
-0.379,0.024,-0.040,5.263,-14.340,0.976,520653580.000
-0.395,0.027,-0.035,5.399,-14.923,0.979,520653679.000
-0.415,0.028,-0.038,5.590,-15.506,1.028,520653780.000
-0.422,0.031,-0.035,5.686,-16.101,1.060,520653880.000
-0.441,0.036,-0.036,5.837,-16.773,1.071,520653980.000
-0.459,0.038,-0.028,5.993,-17.311,1.111,520654080.000
-0.473,0.042,-0.029,6.152,-17.948,1.161,520654179.000
-0.495,0.044,-0.026,6.280,-18.477,1.173,520654280.000
-0.508,0.048,-0.029,6.439,-19.099,1.194,520654380.000
-0.524,0.051,-0.029,6.562,-19.723,1.252,520654479.000
-0.544,0.057,-0.029,6.741,-20.346,1.292,520654579.000
-0.555,0.063,-0.027,6.907,-20.964,1.304,520654680.000
-0.570,0.058,-0.035,7.026,-21.564,1.335,520654780.000
-0.590,0.069,-0.022,7.193,-22.146,1.365,520654880.000
-0.608,0.070,-0.020,7.350,-22.750,1.433,520654979.000
-0.626,0.075,-0.025,7.494,-23.354,1.426,520655079.000
-0.646,0.078,-0.018,7.644,-24.000,1.484,520655179.000
-0.663,0.077,-0.023,7.799,-24.580,1.487,520655280.000
-0.679,0.080,-0.031,7.922,-25.254,1.517,520655379.000
-0.698,0.088,-0.021,8.075,-25.917,1.593,520655479.000
-0.716,0.092,-0.019,8.246,-26.472,1.614,520655580.000
-0.734,0.092,-0.016,8.346,-27.148,1.644,520655680.000
-0.747,0.104,-0.019,8.551,-27.769,1.693,520655780.000
-0.763,0.102,-0.019,8.698,-28.393,1.733,520655880.000
-0.787,0.107,-0.015,8.835,-28.999,1.772,520655980.000
-0.803,0.105,-0.007,8.954,-29.574,1.757,520656080.000
-0.814,0.108,-0.012,9.120,-30.168,1.816,520656179.000
-0.836,0.112,-0.013,9.305,-30.851,1.864,520656280.000
-0.853,0.117,-0.008,9.462,-31.446,1.885,520656379.000
-0.871,0.121,-0.005,9.634,-32.049,1.934,520656479.000
-0.887,0.119,-0.006,9.768,-32.698,1.974,520656579.000
-0.904,0.126,-0.006,9.941,-33.309,2.004,520656679.000
-0.922,0.127,-0.006,10.070,-33.945,2.044,520656779.000
-0.944,0.132,-0.006,10.200,-34.532,2.092,520656879.000
-0.955,0.135,-0.009,10.407,-35.165,2.124,520656979.000
-0.971,0.138,0.001,10.474,-35.757,2.154,520657080.000
-0.999,0.143,-0.007,10.680,-36.378,2.192,520657179.000
-1.013,0.143,-0.002,10.822,-37.023,2.251,520657279.000
-1.032,0.148,0.005,10.986,-37.670,2.290,520657379.000
-1.052,0.154,-0.003,11.152,-38.269,2.301,520657479.000
-1.068,0.154,-0.005,11.261,-38.878,2.378,520657579.000
-1.085,0.159,0.007,11.432,-39.545,2.426,520657680.000
-1.101,0.162,-0.001,11.610,-40.170,2.457,520657780.000
-1.121,0.167,0.007,11.761,-40.793,2.469,520657879.000
-1.141,0.170,0.011,11.911,-41.375,2.554,520657979.000
-1.158,0.172,0.004,12.096,-42.060,2.566,520658080.000
-1.172,0.176,0.008,12.226,-42.632,2.616,520658179.000
-1.202,0.176,0.008,12.366,-43.289,2.644,520658280.000
-1.220,0.185,0.010,12.596,-44.037,2.710,520658379.000
-1.233,0.184,0.013,12.737,-44.617,2.742,520658480.000
-1.261,0.185,0.015,12.871,-45.279,2.816,520658579.000
-1.277,0.191,0.012,13.037,-45.936,2.856,520658679.000
-1.295,0.190,0.019,13.178,-46.571,2.886,520658780.000
-1.314,0.193,0.017,13.342,-47.275,2.943,520658880.000
-1.332,0.202,0.019,13.558,-47.951,2.983,520658979.000
-1.354,0.207,0.018,13.661,-48.586,3.058,520659079.000
-1.378,0.210,0.028,13.810,-49.223,3.115,520659179.000
-1.391,0.217,0.023,14.053,-49.901,3.146,520659280.000
-1.415,0.217,0.028,14.214,-50.506,3.194,520659380.000
-1.430,0.215,0.035,14.334,-51.227,3.233,520659480.000
-1.446,0.226,0.035,14.557,-51.899,3.236,520659579.000
-1.472,0.230,0.030,14.688,-52.574,3.338,520659680.000
-1.492,0.228,0.029,14.821,-53.246,3.377,520659780.000
-1.515,0.234,0.034,14.972,-53.972,3.415,520659880.000
-1.535,0.237,0.026,15.150,-54.620,3.472,520659979.000
-1.557,0.242,0.036,15.321,-55.343,3.548,520660079.000
-1.574,0.243,0.041,15.491,-56.035,3.559,520660179.000
-1.598,0.249,0.040,15.711,-56.705,3.626,520660280.000
-1.618,0.252,0.040,15.820,-57.426,3.682,520660380.000
-1.635,0.251,0.030,16.003,-58.167,3.739,520660480.000
-1.664,0.257,0.030,16.168,-58.764,3.805,520660580.000
-1.681,0.264,0.034,16.327,-59.529,3.834,520660679.000
-1.707,0.263,0.044,16.494,-60.274,3.891,520660780.000
-1.722,0.264,0.049,16.671,-60.954,3.967,520660880.000
-1.748,0.276,0.051,16.845,-61.677,4.014,520660980.000
-1.764,0.272,0.058,17.019,-62.373,4.072,520661080.000
-1.788,0.277,0.053,17.198,-63.084,4.110,520661179.000
-1.809,0.282,0.052,17.356,-63.767,4.185,520661280.000
-1.833,0.287,0.057,17.534,-64.494,4.223,520661380.000
-1.853,0.290,0.054,17.656,-65.126,4.253,520661478.000
-1.873,0.296,0.059,17.850,-65.659,4.348,520661580.000
-1.893,0.299,0.047,18.028,-66.372,4.350,520661679.000
-1.916,0.302,0.061,18.204,-67.138,4.406,520661779.000
-1.940,0.305,0.066,18.353,-67.889,4.462,520661879.000
-1.956,0.308,0.063,18.532,-68.595,4.520,520661980.000
-1.984,0.314,0.070,18.723,-69.384,4.557,520662080.000
-2.012,0.320,0.065,18.929,-70.118,4.650,520662180.000
-2.033,0.322,0.069,19.085,-70.858,4.716,520662280.000
-2.055,0.329,0.067,19.299,-71.597,4.772,520662380.000
-2.077,0.331,0.066,19.442,-72.281,4.838,520662478.000
-2.096,0.331,0.071,19.577,-73.009,4.914,520662580.000
-2.120,0.335,0.083,19.767,-73.783,4.970,520662679.000
-2.142,0.336,0.083,19.978,-74.538,5.036,520662779.000
-2.168,0.343,0.088,20.177,-75.276,5.064,520662880.000
-2.189,0.351,0.080,20.351,-76.009,5.148,520662978.000
-2.215,0.352,0.082,20.506,-76.706,5.186,520663080.000
-2.239,0.355,0.082,20.656,-77.377,5.271,520663180.000
-2.257,0.360,0.079,20.856,-78.142,5.346,520663278.000
-2.279,0.356,0.074,20.996,-78.648,5.395,520663379.000
-2.289,0.368,0.083,21.089,-79.036,5.391,520663478.000
-2.295,0.365,0.081,21.135,-79.199,5.445,520663578.000
-2.291,0.365,0.091,21.080,-79.144,5.418,520663678.000
-2.285,0.361,0.086,21.003,-78.859,5.420,520663778.000
-2.277,0.360,0.086,20.935,-78.499,5.369,520663879.000
-2.267,0.359,0.086,20.888,-78.199,5.381,520663979.000
-2.255,0.356,0.079,20.820,-77.986,5.348,520664078.000
-2.247,0.358,0.081,20.781,-77.762,5.332,520664180.000
-2.243,0.356,0.086,20.725,-77.553,5.325,520664278.000
-2.242,0.354,0.084,20.676,-77.283,5.308,520664378.000
-2.234,0.352,0.086,20.635,-77.156,5.301,520664478.000
-2.225,0.354,0.084,20.582,-76.974,5.312,520664578.000
-2.224,0.353,0.084,20.534,-76.817,5.295,520664679.000
-2.220,0.353,0.082,20.535,-76.633,5.297,520664778.000
-2.214,0.354,0.079,20.516,-76.461,5.290,520664879.000
-2.210,0.348,0.077,20.458,-76.325,5.245,520664979.000
-2.206,0.351,0.082,20.432,-76.165,5.256,520665079.000
-2.202,0.346,0.084,20.361,-76.037,5.267,520665179.000
-2.198,0.343,0.082,20.292,-75.901,5.259,520665280.000
-2.194,0.348,0.080,20.336,-75.789,5.223,520665380.000
-2.190,0.343,0.079,20.279,-75.670,5.234,520665480.000
-2.184,0.339,0.079,20.216,-75.539,5.236,520665580.000
-2.185,0.341,0.085,20.217,-75.401,5.218,520665679.000
-2.185,0.341,0.085,20.204,-75.231,5.219,520665779.000
-2.179,0.340,0.080,20.142,-75.189,5.202,520665880.000
-2.179,0.342,0.085,20.157,-75.027,5.212,520665980.000
-2.166,0.337,0.080,20.115,-74.999,5.196,520666080.000
-2.167,0.337,0.077,20.101,-74.862,5.197,520666179.000
-2.165,0.341,0.075,20.097,-74.762,5.197,520666279.000
-2.163,0.337,0.080,20.061,-74.637,5.199,520666379.000
-2.159,0.337,0.072,20.034,-74.567,5.172,520666480.000
-2.159,0.334,0.082,20.004,-74.461,5.164,520666579.000
-2.153,0.338,0.080,19.987,-74.362,5.165,520666679.000
-2.151,0.337,0.075,19.966,-74.270,5.175,520666779.000
-2.147,0.334,0.080,19.937,-74.207,5.167,520666880.000
-2.147,0.334,0.075,19.924,-74.102,5.168,520666980.000
-2.143,0.334,0.075,19.911,-74.006,5.141,520667080.000
-2.143,0.334,0.078,19.897,-73.901,5.142,520667180.000
-2.137,0.332,0.078,19.863,-73.843,5.152,520667280.000
-2.135,0.334,0.078,19.870,-73.758,5.144,520667380.000
-2.138,0.332,0.078,19.835,-73.649,5.154,520667480.000
-2.129,0.335,0.078,19.865,-73.578,5.137,520667580.000
-2.134,0.335,0.075,19.810,-73.489,5.137,520667680.000
-2.127,0.336,0.078,19.818,-73.446,5.129,520667780.000
-2.123,0.331,0.065,19.789,-73.392,5.111,520667880.000
-2.119,0.331,0.068,19.762,-73.288,5.112,520667980.000
-2.122,0.327,0.068,19.739,-73.227,5.113,520668080.000
-2.120,0.328,0.070,19.719,-73.110,5.104,520668179.000
-2.116,0.331,0.080,19.720,-73.078,5.114,520668279.000
-2.114,0.329,0.078,19.713,-72.978,5.097,520668380.000
-2.112,0.325,0.080,19.663,-72.910,5.098,520668480.000
-2.112,0.328,0.075,19.679,-72.830,5.108,520668580.000
-2.108,0.325,0.073,19.637,-72.791,5.099,520668680.000
-2.106,0.326,0.073,19.631,-72.731,5.090,520668779.000
-2.106,0.332,0.066,19.662,-72.635,5.082,520668880.000
-2.104,0.325,0.068,19.596,-72.567,5.073,520668980.000
-2.102,0.324,0.070,19.561,-72.499,5.083,520669080.000
-2.100,0.325,0.076,19.569,-72.446,5.075,520669179.000
-2.098,0.326,0.071,19.549,-72.379,5.066,520669279.000
-2.098,0.324,0.068,19.548,-72.290,5.085,520669380.000
-2.094,0.326,0.068,19.536,-72.267,5.068,520669480.000
-2.092,0.320,0.068,19.485,-72.207,5.087,520669580.000
-2.092,0.322,0.068,19.500,-72.159,5.069,520669679.000
-2.090,0.321,0.073,19.465,-72.058,5.051,520669779.000
-2.086,0.323,0.073,19.481,-72.035,5.061,520669880.000
-2.084,0.322,0.066,19.460,-71.976,5.043,520669979.000
-2.084,0.317,0.073,19.416,-71.903,5.053,520670080.000
-2.082,0.323,0.076,19.454,-71.834,5.063,520670180.000
-2.080,0.319,0.073,19.404,-71.783,5.091,520670279.000
-2.078,0.323,0.068,19.455,-71.763,5.037,520670379.000
-2.074,0.321,0.076,19.426,-71.716,5.056,520670480.000
-2.074,0.321,0.071,19.371,-71.636,5.056,520670580.000
-2.072,0.322,0.071,19.393,-71.576,5.048,520670679.000
-2.072,0.322,0.066,19.393,-71.495,5.048,520670779.000
-2.073,0.319,0.066,19.351,-71.447,5.039,520670879.000
-2.073,0.319,0.068,19.364,-71.390,5.040,520670980.000
-2.068,0.319,0.066,19.351,-71.375,5.013,520671079.000
-2.069,0.322,0.066,19.352,-71.303,5.022,520671179.000
-2.067,0.315,0.063,19.274,-71.276,5.041,520671279.000
-2.067,0.312,0.071,19.272,-71.202,5.005,520671380.000
-2.063,0.312,0.071,19.259,-71.155,5.034,520671479.000
-2.063,0.318,0.068,19.290,-71.091,5.052,520671580.000
-2.059,0.312,0.063,19.246,-71.060,5.035,520671679.000
-2.057,0.319,0.069,19.270,-71.032,5.017,520671780.000
-2.059,0.317,0.076,19.248,-70.946,5.026,520671880.000
-2.053,0.314,0.066,19.227,-70.920,5.027,520671980.000
-2.053,0.316,0.066,19.242,-70.872,5.009,520672080.000
-2.053,0.319,0.064,19.244,-70.832,5.019,520672179.000
-2.053,0.314,0.063,19.186,-70.784,5.028,520672280.000
-2.049,0.316,0.066,19.215,-70.752,5.011,520672379.000
-2.053,0.316,0.061,19.187,-70.647,5.011,520672480.000
-2.049,0.316,0.066,19.215,-70.655,5.011,520672580.000
-2.045,0.313,0.071,19.145,-70.616,5.030,520672679.000
-2.047,0.315,0.069,19.180,-70.539,5.022,520672780.000
-2.045,0.311,0.066,19.131,-70.487,5.022,520672879.000
-2.041,0.311,0.059,19.131,-70.465,4.995,520672980.000
-2.039,0.312,0.069,19.125,-70.420,4.987,520673079.000
-2.039,0.312,0.069,19.138,-70.396,4.987,520673179.000
-2.037,0.311,0.071,19.104,-70.328,4.997,520673280.000
-2.039,0.312,0.064,19.111,-70.267,4.988,520673379.000
-2.037,0.311,0.066,19.104,-70.247,4.997,520673479.000
-2.042,0.310,0.061,19.104,-70.190,4.997,520673579.000
-2.035,0.309,0.061,19.069,-70.131,4.980,520673679.000
-2.033,0.311,0.066,19.063,-70.152,4.998,520673779.000
-2.035,0.312,0.066,19.084,-70.066,4.990,520673880.000
-2.031,0.312,0.064,19.072,-70.052,5.018,520673979.000
-2.027,0.312,0.064,19.058,-70.004,4.991,520674079.000
-2.029,0.308,0.066,19.007,-70.008,4.991,520674179.000
-2.027,0.307,0.064,19.014,-69.932,5.001,520674280.000
-2.027,0.309,0.066,19.043,-69.875,5.011,520674380.000
-2.023,0.309,0.064,19.016,-69.885,4.983,520674480.000
-2.028,0.309,0.061,19.002,-69.819,4.983,520674579.000
-2.023,0.309,0.066,18.988,-69.755,4.984,520674679.000
-2.024,0.304,0.069,18.958,-69.723,5.021,520674780.000
-2.021,0.308,0.064,18.995,-69.679,4.994,520674879.000
-2.019,0.309,0.061,18.976,-69.676,4.985,520674980.000
-2.019,0.309,0.066,18.962,-69.636,4.985,520675079.000
-2.017,0.302,0.069,18.924,-69.616,4.977,520675179.000
-2.018,0.308,0.066,18.955,-69.551,4.996,520675279.000
-2.018,0.310,0.061,18.956,-69.495,4.977,520675380.000
-2.013,0.307,0.059,18.914,-69.505,4.968,520675480.000
-2.016,0.306,0.064,18.892,-69.452,4.978,520675580.000
-2.016,0.306,0.061,18.934,-69.411,4.978,520675680.000
-2.012,0.306,0.061,18.907,-69.388,4.979,520675780.000
-2.012,0.309,0.059,18.908,-69.348,4.961,520675880.000
-2.010,0.312,0.069,18.958,-69.327,4.961,520675979.000
-2.010,0.305,0.061,18.858,-69.280,4.961,520676079.000
-2.008,0.303,0.061,18.851,-69.244,4.971,520676179.000
-2.010,0.307,0.069,18.900,-69.182,4.972,520676280.000
-2.008,0.303,0.064,18.865,-69.139,4.972,520676379.000
-2.006,0.305,0.062,18.859,-69.112,4.963,520676480.000
-2.008,0.306,0.064,18.866,-69.066,4.982,520676580.000
-2.006,0.305,0.064,18.872,-69.055,4.964,520676680.000
-2.002,0.307,0.062,18.847,-69.040,4.946,520676780.000
-2.004,0.306,0.057,18.798,-68.972,4.955,520676880.000
-2.000,0.303,0.057,18.797,-68.973,4.946,520676980.000
-1.998,0.307,0.069,18.861,-68.944,4.947,520677079.000
-1.998,0.304,0.062,18.818,-68.896,4.938,520677179.000
-2.000,0.303,0.062,18.797,-68.859,4.947,520677280.000
-2.000,0.308,0.062,18.828,-68.811,4.966,520677379.000
-1.996,0.303,0.064,18.797,-68.804,4.948,520677480.000
-1.998,0.307,0.064,18.820,-68.742,4.949,520677580.000
-1.994,0.304,0.062,18.792,-68.728,4.968,520677679.000
-1.994,0.297,0.057,18.733,-68.720,4.940,520677779.000
-1.992,0.303,0.059,18.757,-68.676,4.922,520677880.000
-1.992,0.306,0.067,18.758,-68.652,4.959,520677979.000
-1.992,0.300,0.064,18.728,-68.587,4.941,520678080.000
-1.994,0.302,0.059,18.735,-68.543,4.932,520678179.000
-1.990,0.299,0.059,18.721,-68.568,4.923,520678280.000
-1.988,0.303,0.062,18.730,-68.524,4.924,520678379.000
-1.992,0.303,0.062,18.743,-68.474,4.951,520678480.000
-1.986,0.302,0.057,18.723,-68.456,4.934,520678579.000
-1.986,0.302,0.057,18.709,-68.432,4.934,520678679.000
-1.984,0.298,0.064,18.686,-68.396,4.934,520678780.000
-1.984,0.303,0.059,18.703,-68.340,4.953,520678879.000
-1.984,0.300,0.064,18.687,-68.323,4.916,520678979.000
-1.982,0.299,0.064,18.681,-68.288,4.954,520679080.000
-1.978,0.299,0.062,18.695,-68.273,4.927,520679179.000
-1.982,0.299,0.057,18.667,-68.216,4.927,520679279.000
-1.978,0.299,0.059,18.668,-68.208,4.927,520679379.000
-1.976,0.303,0.064,18.690,-68.205,4.928,520679479.000
-1.978,0.296,0.062,18.625,-68.128,4.919,520679579.000
-1.981,0.298,0.059,18.646,-68.123,4.937,520679679.000
-1.978,0.299,0.057,18.654,-68.071,4.928,520679780.000
-1.976,0.292,0.057,18.589,-68.084,4.919,520679879.000
-1.974,0.296,0.064,18.611,-68.048,4.920,520679980.000
-1.979,0.299,0.064,18.612,-67.998,4.929,520680079.000
-1.974,0.296,0.062,18.598,-68.008,4.920,520680179.000
-1.972,0.297,0.067,18.619,-67.931,4.939,520680280.000
-1.975,0.299,0.062,18.613,-67.911,4.930,520680380.000
-1.972,0.300,0.059,18.621,-67.908,4.921,520680479.000
-1.973,0.295,0.057,18.577,-67.868,4.903,520680580.000
-1.970,0.296,0.057,18.599,-67.856,4.922,520680679.000
-1.968,0.295,0.059,18.564,-67.836,4.931,520680780.000
-1.969,0.297,0.059,18.579,-67.788,4.913,520680880.000
-1.964,0.300,0.057,18.595,-67.797,4.923,520680980.000
-1.966,0.293,0.054,18.571,-67.744,4.914,520681080.000
-1.969,0.292,0.062,18.507,-67.731,4.895,520681180.000
-1.969,0.297,0.062,18.565,-67.683,4.941,520681279.000
-1.962,0.296,0.059,18.545,-67.681,4.924,520681380.000
-1.965,0.297,0.059,18.580,-67.619,4.915,520681480.000
-1.963,0.299,0.067,18.546,-67.608,4.934,520681579.000
-1.967,0.293,0.062,18.529,-67.574,4.915,520681679.000
-1.961,0.297,0.055,18.525,-67.565,4.888,520681779.000
-1.963,0.293,0.064,18.488,-67.543,4.915,520681879.000
-1.963,0.293,0.062,18.502,-67.503,4.916,520681980.000
-1.956,0.297,0.050,18.513,-67.534,4.916,520682080.000
-1.959,0.291,0.062,18.474,-67.456,4.908,520682179.000
-1.959,0.293,0.057,18.503,-67.448,4.889,520682280.000
-1.959,0.293,0.057,18.503,-67.400,4.917,520682381.000
-1.957,0.300,0.064,18.527,-67.388,4.927,520682480.000
-1.952,0.289,0.054,18.426,-67.374,4.918,520682580.000
-1.957,0.294,0.059,18.483,-67.332,4.909,520682680.000
-1.959,0.293,0.052,18.448,-67.271,4.890,520682781.000
-1.955,0.293,0.057,18.504,-67.280,4.919,520682880.000
-1.953,0.292,0.059,18.455,-67.284,4.928,520682980.000
-1.953,0.294,0.062,18.497,-67.252,4.910,520683080.000
-1.953,0.292,0.060,18.455,-67.187,4.901,520683180.000
-1.953,0.292,0.060,18.427,-67.188,4.901,520683280.000
-1.953,0.294,0.062,18.456,-67.179,4.910,520683380.000
-1.951,0.293,0.055,18.435,-67.168,4.892,520683480.000
-1.947,0.296,0.057,18.437,-67.137,4.902,520683581.000
-1.949,0.292,0.055,18.414,-67.109,4.874,520683680.000
-1.947,0.288,0.057,18.392,-67.089,4.902,520683780.000
-1.945,0.289,0.055,18.441,-67.061,4.894,520683880.000
-1.949,0.289,0.055,18.427,-67.011,4.894,520683981.000
-1.947,0.290,0.057,18.407,-66.992,4.912,520684080.000
-1.947,0.298,0.055,18.480,-66.976,4.885,520684181.000
-1.947,0.293,0.057,18.409,-66.968,4.922,520684281.000
-1.945,0.292,0.057,18.415,-66.956,4.904,520684380.000
-1.943,0.293,0.057,18.395,-66.921,4.895,520684481.000
-1.943,0.293,0.057,18.409,-66.896,4.895,520684580.000
-1.943,0.293,0.060,18.381,-66.864,4.895,520684681.000
-1.943,0.293,0.057,18.409,-66.848,4.896,520684780.000
-1.939,0.293,0.060,18.382,-66.841,4.896,520684880.000
-1.943,0.288,0.052,18.352,-66.816,4.905,520684981.000
-1.941,0.292,0.060,18.360,-66.804,4.905,520685080.000
-1.939,0.288,0.055,18.352,-66.760,4.906,520685181.000
-1.937,0.289,0.060,18.360,-66.757,4.925,520685280.000
-1.941,0.289,0.060,18.345,-66.707,4.897,520685381.000
-1.941,0.291,0.050,18.320,-66.668,4.878,520685481.000
-1.939,0.293,0.057,18.382,-66.679,4.870,520685581.000
-1.937,0.286,0.060,18.317,-66.660,4.888,520685680.000
-1.937,0.289,0.052,18.332,-66.612,4.870,520685780.000
-1.935,0.290,0.057,18.313,-66.608,4.916,520685880.000
-1.940,0.287,0.057,18.311,-66.559,4.907,520685980.000
-1.933,0.284,0.057,18.275,-66.573,4.880,520686081.000
-1.931,0.288,0.055,18.298,-66.569,4.908,520686180.000
-1.931,0.290,0.057,18.314,-66.537,4.918,520686280.000
-1.931,0.287,0.057,18.298,-66.488,4.881,520686380.000
-1.931,0.287,0.052,18.270,-66.457,4.854,520686481.000
-1.931,0.282,0.057,18.268,-66.440,4.891,520686581.000
-1.931,0.282,0.050,18.255,-66.416,4.891,520686680.000
-1.934,0.291,0.055,18.321,-66.411,4.881,520686781.000
-1.932,0.285,0.052,18.283,-66.359,4.873,520686881.000
-1.932,0.290,0.057,18.286,-66.343,4.891,520686980.000
-1.930,0.289,0.062,18.292,-66.315,4.901,520687081.000
-1.929,0.289,0.062,18.278,-66.339,4.873,520687180.000
-1.927,0.287,0.060,18.285,-66.312,4.883,520687281.000
-1.927,0.290,0.060,18.286,-66.287,4.892,520687380.000
-1.925,0.286,0.052,18.251,-66.277,4.893,520687480.000
-1.928,0.287,0.050,18.272,-66.224,4.911,520687580.000
-1.925,0.283,0.050,18.222,-66.237,4.884,520687680.000
-1.928,0.287,0.055,18.244,-66.159,4.912,520687780.000
-1.919,0.287,0.055,18.231,-66.186,4.885,520687880.000
-1.921,0.283,0.057,18.194,-66.165,4.885,520687981.000
-1.923,0.290,0.052,18.274,-66.144,4.894,520688081.000
-1.921,0.283,0.052,18.222,-66.133,4.885,520688180.000
-1.922,0.283,0.055,18.208,-66.076,4.885,520688281.000
-1.922,0.281,0.055,18.179,-66.052,4.876,520688380.000
-1.922,0.283,0.057,18.208,-66.043,4.886,520688480.000
-1.919,0.285,0.050,18.189,-66.057,4.876,520688581.000
-1.920,0.282,0.052,18.160,-66.000,4.868,520688679.000
-1.920,0.285,0.055,18.189,-65.992,4.905,520688780.000
-1.920,0.287,0.052,18.190,-65.952,4.859,520688880.000
-1.915,0.285,0.052,18.176,-65.977,4.878,520688981.000
-1.918,0.283,0.052,18.181,-65.940,4.859,520689081.000
-1.918,0.286,0.050,18.183,-65.900,4.869,520689180.000
-1.918,0.286,0.052,18.197,-65.892,4.869,520689279.000
-1.913,0.283,0.055,18.168,-65.909,4.888,520689380.000
-1.913,0.286,0.050,18.197,-65.901,4.869,520689479.000
-1.916,0.287,0.055,18.191,-65.848,4.888,520689579.000
-1.914,0.286,0.055,18.169,-65.836,4.870,520689679.000
-1.914,0.286,0.052,18.184,-65.796,4.870,520689780.000
-1.909,0.283,0.052,18.155,-65.797,4.889,520689879.000
-1.912,0.279,0.052,18.104,-65.736,4.861,520689979.000
-1.912,0.284,0.055,18.148,-65.728,4.852,520690080.000
-1.912,0.279,0.055,18.104,-65.704,4.862,520690180.000
-1.914,0.286,0.055,18.142,-65.691,4.871,520690280.000
-1.914,0.283,0.060,18.127,-65.675,4.889,520690379.000
-1.910,0.286,0.055,18.171,-65.668,4.899,520690480.000
-1.910,0.280,0.052,18.099,-65.628,4.881,520690579.000
-1.905,0.283,0.050,18.101,-65.662,4.863,520690680.000
-1.912,0.282,0.055,18.092,-65.607,4.844,520690780.000
-1.910,0.280,0.050,18.127,-65.563,4.881,520690880.000
-1.908,0.284,0.055,18.135,-65.584,4.854,520690980.000
-1.906,0.286,0.055,18.116,-65.548,4.873,520691079.000
-1.908,0.279,0.055,18.092,-65.511,4.891,520691179.000
-1.906,0.285,0.053,18.143,-65.532,4.845,520691280.000
-1.902,0.278,0.057,18.029,-65.517,4.873,520691380.000
-1.908,0.282,0.052,18.093,-65.471,4.873,520691480.000
-1.906,0.283,0.055,18.059,-65.427,4.864,520691579.000
-1.904,0.282,0.052,18.066,-65.400,4.874,520691680.000
-1.904,0.281,0.058,18.079,-65.407,4.846,520691780.000
-1.902,0.280,0.062,18.072,-65.403,4.856,520691880.000
-1.902,0.280,0.062,18.058,-65.379,4.884,520691980.000
-1.902,0.283,0.055,18.060,-65.356,4.865,520692079.000
-1.900,0.282,0.060,18.052,-65.352,4.875,520692179.000
-1.896,0.279,0.048,18.052,-65.370,4.866,520692279.000
-1.900,0.281,0.055,18.080,-65.320,4.875,520692380.000
-1.900,0.279,0.052,18.024,-65.280,4.866,520692479.000
-1.900,0.281,0.055,18.053,-65.272,4.875,520692580.000
-1.898,0.280,0.055,18.045,-65.236,4.858,520692679.000
-1.898,0.278,0.055,18.044,-65.212,4.876,520692780.000
-1.898,0.278,0.055,18.017,-65.212,4.876,520692879.000
-1.898,0.280,0.053,18.032,-65.196,4.858,520692980.000
-1.894,0.278,0.055,18.003,-65.213,4.849,520693080.000
-1.898,0.283,0.050,18.020,-65.180,4.867,520693180.000
-1.898,0.280,0.055,18.018,-65.139,4.886,520693280.000
-1.898,0.277,0.055,18.017,-65.115,4.877,520693380.000
-1.894,0.280,0.055,18.005,-65.140,4.859,520693479.000
-1.894,0.277,0.045,17.976,-65.101,4.850,520693579.000
-1.896,0.276,0.055,17.982,-65.079,4.859,520693680.000
-1.894,0.280,0.053,17.991,-65.052,4.859,520693779.000
-1.892,0.276,0.055,17.983,-65.056,4.887,520693880.000
-1.890,0.277,0.053,17.977,-65.029,4.851,520693980.000
-1.890,0.280,0.058,18.005,-65.036,4.860,520694079.000
-1.894,0.277,0.055,17.976,-64.971,4.878,520694180.000
-1.890,0.275,0.053,17.975,-65.005,4.870,520694280.000
-1.890,0.277,0.053,17.963,-64.956,4.851,520694379.000
-1.890,0.280,0.058,17.991,-64.964,4.861,520694479.000
-1.888,0.279,0.055,17.998,-64.936,4.870,520694580.000
-1.895,0.275,0.052,17.947,-64.882,4.870,520694680.000
-1.890,0.275,0.050,17.948,-64.892,4.843,520694780.000
-1.888,0.279,0.055,17.985,-64.912,4.871,520694880.000
-1.884,0.276,0.050,17.943,-64.906,4.862,520694979.000
-1.886,0.275,0.050,17.949,-64.869,4.871,520695080.000
-1.884,0.273,0.050,17.900,-64.858,4.853,520695180.000
-1.888,0.279,0.055,17.957,-64.815,4.871,520695279.000
-1.886,0.277,0.053,17.964,-64.836,4.853,520695380.000
-1.886,0.280,0.058,17.937,-64.796,4.862,520695479.000
-1.882,0.280,0.050,17.966,-64.822,4.863,520695579.000
-1.884,0.276,0.053,17.915,-64.777,4.863,520695680.000
-1.880,0.281,0.053,17.932,-64.778,4.854,520695780.000
-1.882,0.277,0.058,17.909,-64.749,4.881,520695879.000
-1.884,0.279,0.055,17.930,-64.696,4.872,520695979.000
-1.880,0.278,0.053,17.958,-64.705,4.845,520696080.000
-1.882,0.275,0.055,17.894,-64.636,4.845,520696180.000
-1.882,0.280,0.048,17.911,-64.661,4.863,520696280.000
-1.880,0.273,0.058,17.859,-64.616,4.855,520696379.000
-1.876,0.279,0.058,17.931,-64.617,4.874,520696479.000
-1.878,0.275,0.058,17.894,-64.629,4.874,520696580.000
-1.880,0.276,0.060,17.901,-64.583,4.865,520696679.000
-1.885,0.278,0.053,17.903,-64.534,4.846,520696780.000
-1.878,0.274,0.055,17.880,-64.540,4.819,520696880.000
-1.876,0.271,0.053,17.872,-64.561,4.847,520696980.000
-1.878,0.277,0.058,17.909,-64.532,4.856,520697080.000
-1.878,0.282,0.050,17.927,-64.508,4.874,520697179.000
-1.876,0.278,0.048,17.877,-64.505,4.847,520697279.000
-1.874,0.277,0.053,17.883,-64.477,4.857,520697380.000
-1.881,0.276,0.055,17.874,-64.406,4.866,520697480.000
-1.877,0.276,0.055,17.820,-64.432,4.866,520697579.000
-1.872,0.276,0.050,17.876,-64.425,4.839,520697680.000
-1.872,0.276,0.058,17.848,-64.425,4.867,520697780.000
-1.870,0.277,0.050,17.870,-64.414,4.858,520697879.000
-1.875,0.280,0.060,17.870,-64.379,4.839,520697979.000
-1.875,0.272,0.053,17.839,-64.356,4.867,520698079.000
-1.873,0.281,0.055,17.906,-64.312,4.858,520698180.000
-1.875,0.272,0.050,17.826,-64.316,4.867,520698280.000
-1.870,0.272,0.055,17.853,-64.324,4.868,520698380.000
-1.868,0.278,0.053,17.864,-64.321,4.850,520698480.000
-1.871,0.272,0.053,17.840,-64.284,4.868,520698580.000
-1.868,0.271,0.055,17.818,-64.289,4.850,520698679.000
-1.868,0.276,0.053,17.849,-64.273,4.841,520698779.000
-1.871,0.274,0.058,17.854,-64.219,4.850,520698879.000
-1.869,0.276,0.053,17.821,-64.225,4.869,520698980.000
-1.869,0.268,0.050,17.790,-64.184,4.841,520699079.000
-1.867,0.272,0.055,17.799,-64.156,4.842,520699179.000
-1.864,0.271,0.058,17.805,-64.209,4.851,520699280.000
-1.867,0.274,0.053,17.814,-64.140,4.851,520699380.000
-1.862,0.272,0.053,17.827,-64.166,4.843,520699479.000
-1.864,0.276,0.053,17.863,-64.128,4.843,520699579.000
-1.862,0.277,0.053,17.843,-64.141,4.833,520699679.000
-1.865,0.276,0.050,17.836,-64.113,4.842,520699780.000
-1.867,0.272,0.050,17.799,-64.076,4.842,520699880.000
-1.865,0.273,0.050,17.807,-64.040,4.834,520699981.000
-1.863,0.274,0.045,17.829,-64.045,4.825,520700080.000
-1.865,0.268,0.050,17.763,-64.016,4.843,520700180.000
-1.860,0.276,0.048,17.823,-64.050,4.843,520700281.000
-1.861,0.273,0.058,17.807,-64.016,4.835,520700380.000
-1.863,0.271,0.050,17.772,-63.956,4.816,520700480.000
-1.865,0.273,0.050,17.794,-63.919,4.862,520700580.000
-1.861,0.270,0.048,17.765,-63.953,4.853,520700681.000
-1.861,0.268,0.043,17.750,-63.921,4.844,520700780.000
-1.863,0.269,0.050,17.757,-63.908,4.863,520700881.000
-1.861,0.270,0.045,17.752,-63.913,4.853,520700981.000
-1.863,0.269,0.050,17.743,-63.884,4.835,520701080.000
-1.859,0.274,0.045,17.775,-63.877,4.854,520701180.000
-1.861,0.275,0.050,17.809,-63.848,4.845,520701280.000
-1.857,0.270,0.050,17.765,-63.849,4.827,520701380.000
-1.859,0.277,0.048,17.789,-63.845,4.836,520701481.000
-1.861,0.270,0.055,17.765,-63.807,4.854,520701580.000
-1.855,0.266,0.050,17.715,-63.813,4.827,520701681.000
-1.857,0.265,0.048,17.708,-63.785,4.837,520701781.000
-1.855,0.272,0.050,17.760,-63.789,4.846,520701881.000
-1.859,0.264,0.053,17.686,-63.731,4.846,520701981.000
-1.855,0.271,0.050,17.718,-63.765,4.818,520702080.000
-1.853,0.268,0.048,17.710,-63.738,4.847,520702181.000
-1.855,0.266,0.053,17.674,-63.709,4.856,520702280.000
-1.855,0.269,0.048,17.703,-63.701,4.837,520702381.000
-1.857,0.270,0.050,17.710,-63.704,4.828,520702480.000
-1.851,0.271,0.050,17.719,-63.694,4.847,520702580.000
-1.855,0.271,0.048,17.746,-63.652,4.819,520702680.000
-1.853,0.265,0.045,17.695,-63.673,4.838,520702780.000
-1.855,0.269,0.045,17.704,-63.636,4.838,520702881.000
-1.853,0.270,0.050,17.670,-63.609,4.856,520702980.000
-1.849,0.268,0.050,17.683,-63.634,4.848,520703081.000
-1.851,0.266,0.043,17.662,-63.598,4.829,520703181.000
-1.853,0.270,0.050,17.725,-63.560,4.857,520703281.000
-1.847,0.266,0.053,17.675,-63.614,4.830,520703380.000
-1.853,0.267,0.053,17.710,-63.527,4.848,520703481.000
-1.851,0.271,0.050,17.705,-63.524,4.848,520703581.000
-1.853,0.265,0.048,17.667,-63.495,4.839,520703680.000
-1.849,0.267,0.048,17.683,-63.521,4.849,520703780.000
-1.849,0.273,0.048,17.686,-63.521,4.839,520703880.000
-1.851,0.266,0.053,17.647,-63.492,4.858,520703981.000
-1.849,0.265,0.045,17.654,-63.481,4.840,520704081.000
-1.847,0.269,0.050,17.677,-63.477,4.840,520704181.000
-1.847,0.269,0.055,17.649,-63.461,4.868,520704281.000
-1.849,0.267,0.053,17.683,-63.456,4.849,520704380.000
-1.845,0.265,0.045,17.669,-63.433,4.868,520704480.000
-1.845,0.270,0.055,17.684,-63.424,4.832,520704580.000
-1.847,0.269,0.045,17.677,-63.396,4.841,520704681.000
-1.845,0.270,0.046,17.671,-63.385,4.832,520704781.000
-1.847,0.269,0.050,17.664,-63.356,4.869,520704880.000
-1.847,0.269,0.051,17.677,-63.331,4.814,520704980.000
-1.845,0.270,0.048,17.657,-63.328,4.832,520705080.000
-1.843,0.269,0.048,17.650,-63.341,4.842,520705180.000
-1.850,0.267,0.053,17.642,-63.286,4.850,520705280.000
-1.845,0.267,0.050,17.642,-63.296,4.851,520705380.000
-1.843,0.263,0.053,17.606,-63.300,4.823,520705480.000
-1.843,0.266,0.048,17.663,-63.292,4.833,520705580.000
-1.843,0.269,0.045,17.623,-63.277,4.842,520705680.000
-1.839,0.269,0.046,17.651,-63.302,4.815,520705780.000
-1.843,0.266,0.050,17.622,-63.236,4.861,520705880.000
-1.843,0.266,0.048,17.649,-63.220,4.833,520705981.000
-1.841,0.265,0.048,17.600,-63.209,4.843,520706081.000
-1.841,0.270,0.053,17.644,-63.216,4.833,520706181.000
-1.841,0.262,0.041,17.613,-63.161,4.834,520706280.000
-1.841,0.265,0.053,17.614,-63.168,4.871,520706381.000
-1.841,0.267,0.050,17.601,-63.152,4.825,520706481.000
-1.839,0.266,0.053,17.608,-63.156,4.862,520706581.000
-1.837,0.267,0.045,17.617,-63.170,4.853,520706681.000
-1.839,0.266,0.053,17.622,-63.132,4.835,520706780.000
-1.837,0.265,0.050,17.587,-63.129,4.844,520706880.000
-1.835,0.269,0.048,17.610,-63.126,4.844,520706980.000
-1.841,0.267,0.045,17.603,-63.072,4.880,520707081.000
-1.837,0.262,0.050,17.572,-63.081,4.863,520707180.000
-1.837,0.262,0.043,17.545,-63.081,4.835,520707281.000
-1.837,0.267,0.053,17.616,-63.072,4.854,520707381.000
-1.837,0.270,0.046,17.590,-63.049,4.835,520707481.000
-1.835,0.266,0.046,17.609,-63.037,4.836,520707580.000
-1.837,0.265,0.050,17.573,-63.008,4.845,520707681.000
-1.833,0.262,0.046,17.573,-63.026,4.836,520707781.000
-1.835,0.261,0.046,17.579,-62.988,4.845,520707881.000
-1.833,0.270,0.048,17.619,-62.993,4.864,520707981.000
-1.835,0.263,0.053,17.566,-62.988,4.854,520708081.000
-1.833,0.267,0.038,17.590,-62.954,4.827,520708181.000
-1.833,0.265,0.048,17.575,-62.969,4.873,520708281.000
-1.833,0.267,0.046,17.576,-62.929,4.827,520708381.000
-1.831,0.266,0.046,17.568,-62.942,4.837,520708481.000
-1.831,0.266,0.050,17.568,-62.925,4.865,520708580.000
-1.836,0.266,0.048,17.568,-62.883,4.837,520708681.000
-1.831,0.266,0.048,17.568,-62.909,4.837,520708781.000
-1.833,0.267,0.043,17.562,-62.889,4.855,520708881.000
-1.836,0.268,0.048,17.610,-62.835,4.819,520708980.000
-1.834,0.262,0.053,17.559,-62.855,4.865,520709081.000
-1.831,0.263,0.048,17.512,-62.837,4.856,520709180.000
-1.831,0.263,0.046,17.539,-62.820,4.828,520709281.000
-1.829,0.267,0.043,17.563,-62.817,4.829,520709380.000
-1.834,0.264,0.046,17.561,-62.783,4.847,520709481.000
-1.829,0.264,0.048,17.547,-62.801,4.847,520709581.000
-1.832,0.263,0.045,17.512,-62.772,4.856,520709681.000
-1.830,0.264,0.051,17.534,-62.744,4.848,520709780.000
-1.827,0.266,0.051,17.527,-62.781,4.838,520709881.000
-1.829,0.264,0.048,17.548,-62.752,4.848,520709980.000
-1.830,0.262,0.048,17.518,-62.728,4.839,520710081.000
-1.830,0.264,0.048,17.548,-62.704,4.848,520710181.000
-1.825,0.259,0.043,17.477,-62.722,4.830,520710280.000
-1.823,0.261,0.046,17.484,-62.751,4.848,520710381.000
-1.823,0.258,0.048,17.469,-62.718,4.839,520710481.000
-1.825,0.264,0.043,17.493,-62.698,4.821,520710580.000
-1.825,0.262,0.048,17.519,-62.656,4.840,520710680.000
-1.823,0.261,0.038,17.499,-62.678,4.849,520710780.000
-1.826,0.259,0.046,17.490,-62.616,4.831,520710880.000
-1.828,0.266,0.046,17.556,-62.603,4.840,520710980.000
-1.823,0.266,0.048,17.528,-62.645,4.840,520711080.000
-1.823,0.263,0.048,17.499,-62.621,4.831,520711180.000
-1.823,0.263,0.043,17.500,-62.589,4.831,520711281.000
-1.824,0.263,0.046,17.527,-62.556,4.804,520711381.000
-1.824,0.263,0.048,17.499,-62.572,4.831,520711481.000
-1.826,0.262,0.041,17.492,-62.560,4.840,520711580.000
-1.821,0.264,0.046,17.508,-62.569,4.850,520711681.000
-1.824,0.263,0.051,17.485,-62.516,4.832,520711780.000
-1.817,0.259,0.048,17.464,-62.538,4.832,520711881.000
-1.824,0.265,0.038,17.488,-62.509,4.813,520711980.000
-1.819,0.263,0.051,17.486,-62.493,4.860,520712080.000
-1.819,0.260,0.046,17.471,-62.509,4.823,520712180.000
-1.819,0.260,0.046,17.472,-62.509,4.851,520712280.000
-1.824,0.266,0.043,17.501,-62.468,4.841,520712380.000
-1.820,0.263,0.048,17.487,-62.477,4.860,520712480.000
-1.817,0.259,0.048,17.464,-62.441,4.833,520712580.000
-1.815,0.263,0.043,17.473,-62.446,4.806,520712680.000
-1.822,0.264,0.048,17.494,-62.415,4.823,520712781.000
-1.820,0.263,0.046,17.473,-62.388,4.833,520712881.000
-1.820,0.260,0.046,17.485,-62.388,4.852,520712980.000
-1.822,0.262,0.046,17.451,-62.351,4.842,520713080.000
-1.818,0.256,0.041,17.435,-62.369,4.824,520713180.000
-1.820,0.260,0.043,17.430,-62.373,4.824,520713280.000
-1.818,0.262,0.046,17.452,-62.377,4.843,520713381.000
-1.818,0.262,0.038,17.466,-62.353,4.843,520713481.000
-1.816,0.263,0.043,17.487,-62.325,4.834,520713580.000
-1.816,0.260,0.041,17.445,-62.309,4.825,520713680.000
-1.816,0.263,0.043,17.432,-62.325,4.834,520713781.000
-1.816,0.260,0.043,17.445,-62.325,4.852,520713881.000
-1.814,0.259,0.043,17.410,-62.290,4.834,520713980.000
-1.818,0.262,0.043,17.452,-62.264,4.843,520714080.000
-1.820,0.258,0.043,17.415,-62.227,4.843,520714180.000
-1.816,0.260,0.048,17.444,-62.260,4.825,520714280.000
-1.818,0.259,0.046,17.437,-62.231,4.835,520714381.000
-1.816,0.260,0.046,17.431,-62.220,4.853,520714480.000
-1.816,0.260,0.046,17.431,-62.220,4.881,520714580.000
-1.816,0.258,0.043,17.430,-62.228,4.844,520714680.000
-1.816,0.258,0.043,17.430,-62.180,4.844,520714780.000
-1.812,0.263,0.043,17.433,-62.205,4.835,520714881.000
-1.814,0.259,0.051,17.409,-62.192,4.835,520714980.000
-1.816,0.260,0.048,17.431,-62.139,4.826,520715080.000
-1.812,0.260,0.046,17.432,-62.148,4.854,520715180.000
-1.814,0.259,0.048,17.423,-62.152,4.836,520715280.000
-1.812,0.260,0.048,17.418,-62.140,4.854,520715379.000
-1.808,0.255,0.043,17.361,-62.134,4.836,520715479.000
-1.810,0.256,0.048,17.382,-62.129,4.855,520715580.000
-1.810,0.259,0.043,17.369,-62.146,4.836,520715680.000
-1.812,0.260,0.043,17.390,-62.060,4.827,520715779.000
-1.814,0.259,0.046,17.396,-62.039,4.836,520715879.000
-1.810,0.261,0.043,17.398,-62.073,4.846,520715980.000
-1.810,0.261,0.036,17.399,-62.074,4.818,520716080.000
-1.808,0.258,0.038,17.390,-62.078,4.818,520716180.000
-1.810,0.256,0.043,17.395,-62.024,4.828,520716280.000
-1.808,0.257,0.048,17.417,-62.044,4.819,520716380.000
-1.810,0.256,0.041,17.368,-62.008,4.828,520716479.000
-1.806,0.259,0.046,17.397,-62.041,4.838,520716580.000
-1.808,0.257,0.046,17.375,-62.004,4.819,520716679.000
-1.810,0.261,0.038,17.398,-61.992,4.819,520716780.000
-1.806,0.259,0.046,17.370,-61.993,4.838,520716879.000
-1.806,0.261,0.043,17.399,-62.001,4.847,520716979.000
-1.806,0.256,0.048,17.355,-61.961,4.856,520717079.000
-1.804,0.258,0.046,17.390,-61.957,4.848,520717179.000
-1.808,0.258,0.046,17.376,-61.956,4.847,520717280.000
-1.808,0.255,0.046,17.333,-61.908,4.838,520717380.000
-1.804,0.257,0.043,17.377,-61.917,4.848,520717481.000
-1.802,0.259,0.046,17.356,-61.946,4.811,520717581.000
-1.804,0.255,0.048,17.333,-61.901,4.839,520717680.000
-1.806,0.256,0.043,17.327,-61.880,4.829,520717780.000
-1.806,0.259,0.036,17.384,-61.905,4.811,520717880.000
-1.806,0.256,0.043,17.341,-61.856,4.829,520717980.000
-1.806,0.256,0.048,17.368,-61.839,4.830,520718081.000
-1.804,0.255,0.046,17.306,-61.837,4.839,520718181.000
-1.802,0.256,0.036,17.328,-61.858,4.830,520718281.000
-1.802,0.251,0.038,17.311,-61.801,4.812,520718380.000
-1.804,0.257,0.041,17.336,-61.829,4.848,520718480.000
-1.806,0.259,0.046,17.384,-61.775,4.839,520718580.000
-1.804,0.255,0.041,17.307,-61.805,4.839,520718681.000
-1.800,0.260,0.041,17.351,-61.806,4.831,520718781.000
-1.802,0.259,0.046,17.385,-61.752,4.868,520718881.000
-1.802,0.256,0.041,17.342,-61.769,4.831,520718980.000
-1.800,0.257,0.048,17.308,-61.757,4.849,520719080.000
-1.802,0.259,0.043,17.329,-61.736,4.840,520719181.000
-1.802,0.259,0.048,17.370,-61.744,4.840,520719281.000
-1.796,0.257,0.038,17.323,-61.743,4.822,520719380.000
-1.800,0.257,0.038,17.336,-61.741,4.850,520719480.000
-1.807,0.259,0.046,17.329,-61.678,4.840,520719580.000
-1.798,0.256,0.038,17.329,-61.706,4.832,520719680.000
-1.800,0.257,0.051,17.322,-61.700,4.850,520719781.000
-1.800,0.257,0.048,17.336,-61.660,4.850,520719880.000
-1.798,0.253,0.043,17.328,-61.665,4.851,520719980.000
-1.798,0.253,0.041,17.314,-61.673,4.850,520720080.000
-1.802,0.256,0.038,17.301,-61.632,4.831,520720180.000
-1.798,0.259,0.041,17.316,-61.625,4.814,520720280.000
-1.796,0.252,0.043,17.292,-61.629,4.833,520720380.000
-1.800,0.255,0.046,17.293,-61.595,4.841,520720481.000
-1.796,0.250,0.046,17.250,-61.597,4.851,520720580.000
-1.794,0.251,0.043,17.258,-61.594,4.870,520720680.000
-1.794,0.253,0.046,17.287,-61.585,4.852,520720780.000
-1.796,0.255,0.048,17.294,-61.588,4.842,520720880.000
-1.798,0.256,0.043,17.287,-61.520,4.833,520720980.000
-1.796,0.255,0.043,17.294,-61.556,4.842,520721080.000
-1.794,0.253,0.046,17.259,-61.537,4.852,520721180.000
-1.794,0.253,0.046,17.287,-61.537,4.852,520721281.000
-1.798,0.253,0.038,17.286,-61.512,4.824,520721380.000
-1.792,0.257,0.043,17.296,-61.558,4.824,520721480.000
-1.796,0.255,0.041,17.267,-61.492,4.842,520721581.000
-1.794,0.259,0.041,17.317,-61.505,4.843,520721680.000
-1.794,0.253,0.038,17.287,-61.489,4.852,520721781.000
-1.794,0.253,0.033,17.274,-61.481,4.824,520721881.000
-1.792,0.255,0.043,17.295,-61.485,4.843,520721981.000
-1.792,0.249,0.038,17.265,-61.453,4.825,520722080.000
-1.792,0.252,0.043,17.252,-61.437,4.862,520722181.000
-1.790,0.256,0.048,17.288,-61.457,4.835,520722281.000
-1.792,0.252,0.041,17.238,-61.445,4.834,520722380.000
-1.796,0.255,0.036,17.267,-61.412,4.843,520722480.000
-1.790,0.258,0.038,17.291,-61.418,4.844,520722580.000
-1.792,0.260,0.043,17.298,-61.388,4.862,520722681.000
-1.790,0.251,0.048,17.231,-61.409,4.844,520722780.000
-1.790,0.253,0.046,17.260,-61.417,4.853,520722880.000
-1.792,0.252,0.041,17.252,-61.372,4.835,520722980.000
-1.792,0.255,0.043,17.281,-61.364,4.872,520723080.000
-1.792,0.252,0.043,17.224,-61.340,4.835,520723180.000
-1.790,0.253,0.038,17.247,-61.345,4.854,520723280.000
-1.788,0.260,0.043,17.284,-61.341,4.836,520723380.000
-1.793,0.257,0.043,17.255,-61.291,4.854,520723481.000
-1.788,0.257,0.041,17.256,-61.301,4.854,520723581.000
-1.790,0.251,0.038,17.190,-61.273,4.845,520723680.000
-1.788,0.252,0.041,17.239,-61.277,4.836,520723780.000
-1.786,0.256,0.046,17.248,-61.297,4.836,520723881.000
-1.788,0.255,0.043,17.240,-61.268,4.845,520723980.000
-1.788,0.255,0.038,17.227,-61.261,4.873,520724081.000
-1.786,0.261,0.038,17.307,-61.249,4.855,520724180.000
-1.788,0.252,0.041,17.211,-61.228,4.836,520724280.000
-1.791,0.253,0.041,17.233,-61.240,4.854,520724381.000
-1.789,0.252,0.043,17.239,-61.196,4.864,520724480.000
-1.786,0.253,0.046,17.274,-61.224,4.855,520724581.000
-1.789,0.252,0.041,17.198,-61.204,4.864,520724680.000
-1.789,0.252,0.043,17.211,-61.196,4.837,520724781.000
-1.784,0.252,0.038,17.199,-61.165,4.837,520724880.000
-1.784,0.254,0.038,17.228,-61.189,4.846,520724981.000
-1.782,0.251,0.036,17.192,-61.211,4.846,520725081.000
-1.784,0.255,0.043,17.200,-61.173,4.846,520725180.000
-1.784,0.252,0.038,17.199,-61.165,4.837,520725280.000
-1.784,0.252,0.043,17.198,-61.149,4.837,520725381.000
-1.784,0.254,0.043,17.227,-61.124,4.819,520725480.000
-1.782,0.251,0.041,17.164,-61.146,4.874,520725580.000
-1.784,0.252,0.038,17.199,-61.117,4.838,520725681.000
-1.782,0.253,0.041,17.207,-61.097,4.856,520725780.000
-1.782,0.251,0.043,17.219,-61.113,4.847,520725881.000
-1.782,0.256,0.041,17.249,-61.097,4.838,520725981.000
-1.785,0.252,0.036,17.213,-61.076,4.838,520726080.000
-1.782,0.245,0.046,17.161,-61.080,4.857,520726180.000
-1.782,0.251,0.036,17.164,-61.065,4.847,520726280.000
-1.778,0.250,0.041,17.191,-61.074,4.820,520726380.000
-1.780,0.254,0.038,17.215,-61.094,4.848,520726480.000
-1.780,0.252,0.038,17.200,-61.045,4.866,520726580.000
-1.780,0.252,0.041,17.199,-61.013,4.839,520726681.000
-1.778,0.253,0.041,17.193,-61.050,4.830,520726780.000
-1.780,0.252,0.038,17.186,-61.021,4.839,520726881.000
-1.783,0.251,0.043,17.164,-61.016,4.848,520726981.000
-1.780,0.252,0.043,17.213,-61.004,4.839,520727080.000
-1.783,0.251,0.041,17.164,-61.000,4.848,520727180.000
-1.776,0.252,0.036,17.214,-61.030,4.840,520727281.000
-1.781,0.249,0.043,17.184,-60.980,4.858,520727380.000
-1.781,0.252,0.043,17.185,-60.956,4.839,520727481.000
-1.781,0.249,0.046,17.156,-60.948,4.858,520727580.000
-1.781,0.249,0.043,17.143,-60.956,4.858,520727681.000
-1.779,0.248,0.043,17.149,-60.945,4.840,520727781.000
-1.779,0.250,0.046,17.137,-60.912,4.849,520727881.000
-1.781,0.257,0.041,17.216,-60.892,4.831,520727981.000
-1.781,0.249,0.033,17.171,-60.892,4.831,520728081.000
-1.776,0.252,0.041,17.186,-60.917,4.840,520728180.000
-1.779,0.250,0.041,17.178,-60.904,4.822,520728281.000
-1.776,0.249,0.038,17.143,-60.901,4.831,520728380.000
-1.776,0.249,0.038,17.143,-60.901,4.831,520728481.000
-1.779,0.250,0.041,17.178,-60.856,4.850,520728581.000
-1.777,0.249,0.041,17.143,-60.869,4.831,520728680.000
-1.781,0.252,0.043,17.158,-60.859,4.840,520728781.000
-1.777,0.244,0.043,17.141,-60.836,4.869,520728880.000
-1.777,0.247,0.043,17.142,-60.812,4.850,520728980.000
-1.777,0.249,0.048,17.143,-60.820,4.859,520729081.000
-1.777,0.249,0.038,17.157,-60.828,4.832,520729181.000
-1.775,0.253,0.041,17.153,-60.809,4.860,520729280.000
-1.775,0.253,0.041,17.153,-60.809,4.860,520729381.000
-1.777,0.252,0.038,17.173,-60.780,4.869,520729481.000
-1.775,0.250,0.041,17.124,-60.785,4.850,520729580.000
-1.777,0.247,0.046,17.114,-60.780,4.850,520729680.000
-1.777,0.249,0.041,17.171,-60.772,4.860,520729781.000
-1.777,0.244,0.036,17.100,-60.764,4.841,520729881.000
-1.775,0.250,0.046,17.151,-60.719,4.851,520729980.000
-1.773,0.249,0.043,17.144,-60.765,4.833,520730081.000
-1.775,0.253,0.043,17.139,-60.752,4.860,520730181.000
-1.777,0.249,0.033,17.116,-60.724,4.832,520730280.000
-1.773,0.249,0.039,17.144,-60.733,4.833,520730380.000
-1.773,0.249,0.041,17.130,-60.725,4.833,520730480.000
-1.773,0.249,0.038,17.158,-60.709,4.861,520730580.000
-1.771,0.248,0.041,17.110,-60.713,4.870,520730681.000
-1.777,0.249,0.043,17.102,-60.667,4.860,520730781.000
-1.771,0.250,0.038,17.125,-60.697,4.852,520730880.000
-1.775,0.248,0.038,17.123,-60.648,4.870,520730980.000
-1.779,0.253,0.041,17.125,-60.638,4.860,520731080.000
-1.766,0.248,0.043,17.096,-60.682,4.843,520731180.000
-1.773,0.249,0.034,17.117,-60.653,4.833,520731280.000
-1.768,0.252,0.041,17.132,-60.677,4.843,520731380.000
-1.771,0.248,0.041,17.123,-60.640,4.843,520731480.000
-1.773,0.254,0.038,17.133,-60.612,4.852,520731580.000
-1.769,0.249,0.043,17.131,-60.621,4.862,520731680.000
-1.767,0.250,0.043,17.125,-60.609,4.853,520731780.000
-1.766,0.250,0.043,17.139,-60.633,4.853,520731880.000
-1.771,0.248,0.046,17.109,-60.600,4.871,520731980.000
-1.767,0.250,0.041,17.125,-60.593,4.853,520732080.000
-1.764,0.246,0.046,17.061,-60.614,4.853,520732180.000
-1.771,0.248,0.043,17.068,-60.560,4.843,520732280.000
-1.769,0.252,0.041,17.119,-60.556,4.844,520732380.000
-1.771,0.250,0.036,17.083,-60.560,4.825,520732480.000
-1.769,0.246,0.043,17.061,-60.573,4.853,520732580.000
-1.765,0.246,0.041,17.075,-60.558,4.826,520732680.000
-1.769,0.252,0.041,17.105,-60.532,4.872,520732780.000
-1.769,0.246,0.041,17.061,-60.508,4.853,520732880.000
