0.042,-0.081,-0.055,1.931,1.758,0.151,610294516.000
0.042,-0.081,-0.055,1.918,1.782,0.179,610294615.000
0.044,-0.074,-0.047,1.955,1.770,0.161,610294715.000
0.044,-0.077,-0.050,1.940,1.786,0.179,610294816.000
0.044,-0.085,-0.055,1.909,1.745,0.151,610294916.000
0.044,-0.079,-0.050,1.939,1.761,0.198,610295015.000
0.042,-0.078,-0.055,1.919,1.757,0.160,610295115.000
0.044,-0.079,-0.050,1.939,1.762,0.142,610295216.000
0.046,-0.078,-0.050,1.960,1.725,0.161,610295316.000
0.044,-0.079,-0.052,1.939,1.778,0.142,610295415.000
0.042,-0.078,-0.050,1.946,1.774,0.188,610295516.000
0.044,-0.082,-0.052,1.924,1.777,0.161,610295615.000
0.044,-0.084,-0.050,1.881,1.761,0.179,610295716.000
0.044,-0.079,-0.053,1.898,1.801,0.197,610295815.000
0.042,-0.081,-0.053,1.904,1.790,0.179,610295916.000
0.042,-0.076,-0.052,1.962,1.790,0.170,610296016.000
0.040,-0.079,-0.055,1.925,1.794,0.169,610296115.000
0.046,-0.081,-0.050,1.946,1.773,0.180,610296215.000
0.042,-0.081,-0.057,1.931,1.774,0.151,610296316.000
0.046,-0.081,-0.057,1.932,1.748,0.152,610296415.000
0.042,-0.078,-0.047,1.973,1.759,0.161,610296516.000
0.044,-0.079,-0.060,1.940,1.728,0.170,610296615.000
0.042,-0.081,-0.060,1.945,1.765,0.151,610296716.000
0.042,-0.081,-0.057,1.904,1.773,0.151,610296816.000
0.046,-0.081,-0.052,1.918,1.740,0.179,610296915.000
0.044,-0.077,-0.050,1.940,1.786,0.179,610297016.000
0.046,-0.081,-0.050,1.918,1.724,0.151,610297115.000
0.040,-0.079,-0.052,1.952,1.779,0.170,610297216.000
0.042,-0.081,-0.050,1.903,1.774,0.151,610297316.000
0.040,-0.079,-0.055,1.925,1.794,0.169,610297415.000
0.044,-0.077,-0.052,1.954,1.778,0.152,610297516.000
0.042,-0.078,-0.055,1.933,1.782,0.160,610297615.000
0.040,-0.085,-0.055,1.908,1.770,0.151,610297716.000
0.040,-0.085,-0.055,1.881,1.819,0.179,610297815.000
0.040,-0.082,-0.060,1.896,1.802,0.160,610297916.000
0.040,-0.077,-0.055,1.954,1.770,0.151,610298016.000
0.044,-0.077,-0.055,1.940,1.769,0.151,610298115.000
0.040,-0.082,-0.057,1.924,1.786,0.160,610298215.000
0.040,-0.077,-0.050,1.967,1.763,0.179,610298316.000
0.044,-0.077,-0.057,1.954,1.761,0.151,610298416.000
0.044,-0.082,-0.055,1.924,1.745,0.161,610298516.000
0.044,-0.079,-0.052,1.939,1.777,0.170,610298616.000
0.042,-0.086,-0.057,1.901,1.774,0.160,610298715.000
0.042,-0.083,-0.052,1.902,1.766,0.170,610298816.000
0.042,-0.078,-0.057,1.933,1.798,0.160,610298916.000
0.042,-0.078,-0.052,1.946,1.790,0.161,610299016.000
0.042,-0.083,-0.057,1.944,1.774,0.170,610299116.000
0.040,-0.079,-0.060,1.925,1.778,0.169,610299215.000
0.042,-0.078,-0.057,1.947,1.774,0.160,610299316.000
0.042,-0.078,-0.057,1.947,1.774,0.160,610299416.000
0.044,-0.085,-0.057,1.923,1.785,0.179,610299515.000
0.040,-0.077,-0.050,1.981,1.787,0.151,610299616.000
0.040,-0.079,-0.057,1.967,1.787,0.170,610299716.000
0.042,-0.081,-0.055,1.959,1.758,0.151,610299815.000
0.042,-0.086,-0.062,1.901,1.757,0.133,610299916.000
0.044,-0.077,-0.055,1.940,1.769,0.151,610300016.000
0.040,-0.085,-0.057,1.909,1.786,0.179,610300115.000
0.042,-0.081,-0.055,1.959,1.758,0.179,610300215.000
0.040,-0.082,-0.060,1.938,1.778,0.160,610300316.000
0.040,-0.077,-0.052,1.995,1.779,0.179,610300416.000
0.044,-0.077,-0.060,1.996,1.753,0.152,610300516.000
0.040,-0.085,-0.057,1.936,1.786,0.179,610300615.000
0.042,-0.081,-0.057,1.987,1.774,0.152,610300716.000
0.042,-0.083,-0.055,1.958,1.782,0.170,610300815.000
0.042,-0.083,-0.052,1.944,1.790,0.170,610300915.000
0.044,-0.082,-0.052,1.979,1.778,0.189,610301016.000
0.042,-0.083,-0.052,1.957,1.766,0.170,610301115.000
0.042,-0.083,-0.052,1.957,1.766,0.170,610301216.000
0.042,-0.078,-0.052,2.001,1.791,0.161,610301316.000
0.042,-0.081,-0.055,1.945,1.782,0.151,610301416.000
0.044,-0.079,-0.055,1.994,1.745,0.170,610301516.000
0.040,-0.085,-0.052,1.936,1.803,0.179,610301615.000
0.042,-0.083,-0.055,1.958,1.782,0.198,610301716.000
0.042,-0.078,-0.055,1.988,1.782,0.161,610301815.000
0.042,-0.081,-0.055,1.987,1.758,0.179,610301916.000
0.040,-0.082,-0.055,1.964,1.795,0.133,610302015.000
0.042,-0.081,-0.052,1.987,1.791,0.179,610302115.000
0.044,-0.082,-0.060,1.980,1.777,0.161,610302216.000
0.042,-0.086,-0.062,1.943,1.782,0.161,610302315.000
0.040,-0.077,-0.045,2.022,1.780,0.179,610302415.000
0.042,-0.078,-0.050,2.001,1.775,0.161,610302515.000
0.038,-0.081,-0.050,1.986,1.800,0.179,610302615.000
0.042,-0.083,-0.052,1.985,1.767,0.170,610302715.000
0.040,-0.079,-0.055,1.980,1.795,0.170,610302815.000
0.042,-0.086,-0.055,1.942,1.782,0.161,610302916.000
0.042,-0.086,-0.057,1.956,1.774,0.161,610303017.000
0.040,-0.085,-0.052,1.963,1.803,0.152,610303116.000
0.042,-0.083,-0.050,1.957,1.799,0.170,610303216.000
0.044,-0.079,-0.050,1.994,1.762,0.198,610303316.000
0.040,-0.082,-0.055,1.992,1.795,0.161,610303416.000
0.040,-0.079,-0.055,1.966,1.819,0.170,610303516.000
0.042,-0.081,-0.050,2.000,1.799,0.152,610303617.000
0.042,-0.086,-0.057,1.956,1.774,0.161,610303716.000
0.040,-0.085,-0.052,1.963,1.755,0.179,610303816.000
0.042,-0.081,-0.057,1.973,1.798,0.152,610303916.000
0.040,-0.079,-0.057,1.980,1.811,0.170,610304016.000
0.040,-0.085,-0.057,1.950,1.811,0.179,610304117.000
0.040,-0.085,-0.060,1.936,1.803,0.151,610304217.000
0.040,-0.077,-0.050,2.023,1.812,0.179,610304316.000
0.038,-0.081,-0.055,2.000,1.808,0.151,610304416.000
0.040,-0.082,-0.048,1.951,1.820,0.188,610304516.000
0.038,-0.083,-0.057,1.944,1.799,0.169,610304616.000
0.042,-0.081,-0.055,1.959,1.806,0.179,610304716.000
0.038,-0.078,-0.052,1.973,1.816,0.160,610304816.000
0.046,-0.078,-0.057,1.989,1.773,0.189,610304915.000
0.040,-0.079,-0.060,1.967,1.802,0.170,610305016.000
0.044,-0.079,-0.052,1.967,1.778,0.170,610305116.000
0.042,-0.076,-0.055,2.031,1.783,0.170,610305216.000
0.040,-0.079,-0.055,1.966,1.819,0.170,610305316.000
0.042,-0.078,-0.055,1.988,1.782,0.188,610305415.000
0.042,-0.086,-0.057,1.971,1.798,0.189,610305515.000
0.042,-0.081,-0.052,1.986,1.791,0.152,610305616.000
0.042,-0.081,-0.055,1.973,1.782,0.179,610305717.000
0.044,-0.079,-0.052,1.994,1.778,0.170,610305816.000
0.046,-0.078,-0.052,1.975,1.765,0.189,610305915.000
0.042,-0.081,-0.055,1.987,1.807,0.180,610306016.000
0.038,-0.081,-0.057,1.986,1.799,0.179,610306115.000
0.040,-0.085,-0.057,1.922,1.811,0.151,610306215.000
0.044,-0.085,-0.055,1.964,1.745,0.179,610306316.000
0.042,-0.083,-0.065,1.958,1.797,0.170,610306416.000
0.038,-0.083,-0.050,1.985,1.776,0.197,610306516.000
0.040,-0.079,-0.050,2.007,1.812,0.170,610306616.000
0.040,-0.077,-0.050,2.009,1.787,0.179,610306715.000
0.038,-0.083,-0.052,1.943,1.816,0.170,610306815.000
0.042,-0.081,-0.050,1.959,1.774,0.179,610306916.000
0.044,-0.079,-0.057,1.995,1.761,0.170,610307016.000
0.042,-0.081,-0.055,1.987,1.758,0.179,610307116.000
0.046,-0.081,-0.050,1.987,1.749,0.180,610307215.000
0.040,-0.079,-0.057,1.994,1.787,0.170,610307315.000
0.040,-0.085,-0.055,1.964,1.819,0.179,610307415.000
0.042,-0.081,-0.052,1.972,1.766,0.152,610307515.000
0.040,-0.085,-0.062,1.951,1.794,0.179,610307615.000
0.044,-0.079,-0.050,1.994,1.762,0.198,610307716.000
0.042,-0.083,-0.057,1.972,1.774,0.170,610307816.000
0.044,-0.079,-0.057,1.981,1.785,0.170,610307916.000
0.040,-0.079,-0.057,1.994,1.787,0.170,610308015.000
0.040,-0.082,-0.055,1.965,1.795,0.188,610308116.000
0.044,-0.079,-0.057,2.008,1.786,0.171,610308215.000
0.044,-0.082,-0.052,1.965,1.754,0.161,610308316.000
0.044,-0.082,-0.062,1.966,1.769,0.161,610308415.000
0.040,-0.085,-0.057,1.950,1.811,0.179,610308515.000
0.042,-0.076,-0.055,1.989,1.758,0.170,610308616.000
0.040,-0.079,-0.052,2.021,1.804,0.170,610308716.000
0.042,-0.081,-0.055,1.986,1.758,0.152,610308816.000
0.040,-0.082,-0.060,1.965,1.778,0.160,610308915.000
0.040,-0.085,-0.052,1.977,1.779,0.179,610309015.000
0.044,-0.085,-0.052,1.964,1.778,0.180,610309115.000
0.042,-0.083,-0.060,1.958,1.766,0.170,610309216.000
0.042,-0.083,-0.060,1.930,1.765,0.170,610309315.000
0.040,-0.085,-0.055,1.950,1.795,0.179,610309415.000
0.042,-0.081,-0.057,1.973,1.798,0.179,610309515.000
0.040,-0.079,-0.055,2.008,1.795,0.198,610309615.000
0.042,-0.086,-0.057,1.956,1.774,0.161,610309716.000
0.038,-0.078,-0.048,1.987,1.808,0.188,610309815.000
0.042,-0.078,-0.057,2.002,1.774,0.161,610309915.000
0.040,-0.082,-0.057,1.993,1.811,0.161,610310015.000
0.046,-0.083,-0.057,1.958,1.773,0.171,610310115.000
0.044,-0.085,-0.052,1.964,1.778,0.180,610310216.000
0.042,-0.083,-0.057,1.958,1.798,0.170,610310316.000
0.046,-0.081,-0.057,1.987,1.797,0.152,610310415.000
0.044,-0.082,-0.052,1.979,1.778,0.189,610310515.000
0.042,-0.081,-0.052,1.959,1.790,0.179,610310615.000
0.042,-0.078,-0.052,1.988,1.766,0.188,610310715.000
0.042,-0.081,-0.055,2.000,1.783,0.152,610310816.000
0.035,-0.079,-0.050,1.980,1.837,0.197,610310916.000
0.042,-0.081,-0.062,2.001,1.782,0.179,610311015.000
0.038,-0.083,-0.050,1.984,1.825,0.170,610311116.000
0.044,-0.074,-0.055,2.011,1.770,0.161,610311215.000
0.040,-0.085,-0.052,1.964,1.803,0.179,610311316.000
0.046,-0.078,-0.045,1.960,1.741,0.189,610311416.000
0.040,-0.079,-0.052,1.980,1.779,0.170,610311515.000
0.034,-0.078,-0.057,1.987,1.752,0.159,610311616.000
0.040,-0.079,-0.050,1.994,1.739,0.197,610311716.000
0.038,-0.078,-0.060,2.001,1.718,0.160,610311816.000
0.038,-0.083,-0.055,2.012,1.711,0.169,610311916.000
0.036,-0.082,-0.057,2.019,1.643,0.159,610312016.000
0.036,-0.079,-0.057,2.021,1.618,0.196,610312116.000
0.034,-0.080,-0.053,1.999,1.526,0.204,610312216.000
0.039,-0.083,-0.057,2.040,1.436,0.195,610312316.000
0.030,-0.080,-0.053,2.054,1.358,0.230,610312415.000
0.024,-0.079,-0.050,2.102,1.211,0.219,610312515.000
0.018,-0.075,-0.048,2.151,1.040,0.217,610312616.000
0.015,-0.077,-0.053,2.232,0.783,0.261,610312716.000
-0.002,-0.069,-0.050,2.316,0.408,0.256,610312815.000
-0.007,-0.070,-0.053,2.432,-0.046,0.262,610312916.000
-0.027,-0.067,-0.051,2.513,-0.588,0.292,610313016.000
-0.042,-0.062,-0.046,2.706,-1.196,0.332,610313116.000
-0.060,-0.060,-0.044,2.890,-1.944,0.371,610313216.000
-0.086,-0.056,-0.044,3.032,-2.724,0.417,610313315.000
-0.105,-0.055,-0.037,3.194,-3.564,0.437,610313416.000
-0.133,-0.041,-0.044,3.445,-4.428,0.473,610313515.000
-0.156,-0.049,-0.040,3.630,-5.250,0.492,610313615.000
-0.176,-0.043,-0.042,3.754,-6.100,0.529,610313715.000
-0.199,-0.035,-0.035,4.029,-6.988,0.576,610313815.000
-0.229,-0.028,-0.038,4.255,-7.943,0.602,610313916.000
-0.252,-0.019,-0.033,4.518,-8.936,0.703,610314016.000
-0.280,-0.016,-0.023,4.707,-9.814,0.730,610314116.000
-0.307,-0.013,-0.031,4.911,-10.750,0.729,610314216.000
-0.333,-0.005,-0.021,5.152,-11.689,0.812,610314315.000
-0.358,-0.001,-0.022,5.350,-12.662,0.857,610314415.000
-0.388,0.004,-0.022,5.616,-13.584,0.930,610314516.000
-0.413,0.011,-0.015,5.815,-14.532,0.957,610314615.000
-0.440,0.014,-0.018,6.019,-15.548,1.010,610314716.000
-0.464,0.020,-0.013,6.280,-16.517,1.075,610314815.000
-0.495,0.026,-0.011,6.526,-17.540,1.137,610314916.000
-0.521,0.033,-0.011,6.752,-18.488,1.164,610315015.000
-0.548,0.036,-0.011,6.984,-19.471,1.219,610315116.000
-0.576,0.042,-0.012,7.203,-20.407,1.282,610315216.000
-0.599,0.045,-0.007,7.448,-21.424,1.309,610315315.000
-0.635,0.057,-0.007,7.684,-22.430,1.417,610315415.000
-0.660,0.058,-0.000,7.921,-23.304,1.454,610315515.000
-0.686,0.071,-0.001,8.192,-24.325,1.527,610315616.000
-0.713,0.069,0.006,8.365,-25.309,1.590,610315716.000
-0.743,0.076,-0.004,8.579,-26.289,1.644,610315816.000
-0.768,0.081,0.003,8.859,-27.260,1.717,610315916.000
-0.802,0.085,0.010,9.043,-28.206,1.816,610316015.000
-0.832,0.092,0.008,9.324,-29.161,1.815,610316116.000
-0.861,0.100,0.015,9.591,-30.252,1.924,610316216.000
-0.891,0.104,0.009,9.831,-31.240,1.996,610316315.000
-0.912,0.104,0.007,9.999,-32.174,2.051,610316415.000
-0.950,0.114,0.009,10.240,-33.159,2.141,610316516.000
-0.971,0.116,0.018,10.478,-34.172,2.177,610316616.000
-1.005,0.120,0.015,10.717,-35.101,2.277,610316715.000
-1.031,0.125,0.030,10.941,-36.024,2.323,610316815.000
-1.056,0.135,0.022,11.212,-37.021,2.414,610316916.000
-1.088,0.141,0.029,11.375,-37.931,2.477,610317015.000
-1.113,0.148,0.026,11.672,-38.936,2.587,610317116.000
-1.138,0.145,0.026,11.894,-39.884,2.633,610317216.000
-1.174,0.156,0.026,12.142,-40.817,2.714,610317315.000
-1.198,0.156,0.033,12.331,-41.777,2.759,610317415.000
-1.227,0.164,0.035,12.544,-42.740,2.868,610317516.000
-1.253,0.163,0.032,12.809,-43.672,2.924,610317615.000
-1.287,0.173,0.034,13.009,-44.610,3.014,610317716.000
-1.312,0.178,0.039,13.220,-45.590,3.087,610317816.000
-1.342,0.180,0.033,13.472,-46.529,3.150,610317915.000
-1.374,0.186,0.033,13.733,-47.560,3.241,610318016.000
-1.403,0.193,0.042,13.973,-48.620,3.349,610318115.000
-1.435,0.201,0.054,14.206,-49.464,3.422,610318216.000
-1.467,0.205,0.046,14.410,-50.472,3.503,610318316.000
-1.490,0.211,0.056,14.713,-51.399,3.596,610318415.000
-1.520,0.213,0.048,14.910,-52.420,3.686,610318515.000
-1.547,0.216,0.055,15.141,-53.354,3.741,610318615.000
-1.579,0.227,0.057,15.349,-54.305,3.849,610318716.000
-1.605,0.229,0.057,15.642,-55.228,3.914,610318816.000
-1.636,0.230,0.064,15.817,-56.211,4.013,610318915.000
-1.668,0.241,0.064,16.121,-57.169,4.067,610319016.000
-1.696,0.247,0.068,16.313,-58.137,4.186,610319115.000
-1.723,0.250,0.063,16.518,-59.041,4.296,610319216.000
-1.753,0.247,0.070,16.711,-59.963,4.369,610319315.000
-1.780,0.258,0.064,16.975,-60.987,4.422,610319416.000
-1.808,0.264,0.076,17.222,-61.857,4.542,610319515.000
-1.840,0.265,0.076,17.369,-62.743,4.642,610319615.000
-1.874,0.275,0.073,17.625,-63.649,4.705,610319715.000
-1.900,0.277,0.077,17.877,-64.532,4.798,610319815.000
-1.929,0.282,0.082,18.088,-65.535,4.897,610319916.000
-1.955,0.286,0.077,18.342,-66.427,4.943,610320015.000
-1.980,0.288,0.076,18.526,-67.400,5.062,610320115.000
-2.010,0.293,0.086,18.792,-68.289,5.136,610320215.000
-2.048,0.303,0.080,19.020,-69.251,5.253,610320316.000
-2.070,0.305,0.085,19.231,-70.183,5.345,610320416.000
-2.108,0.312,0.082,19.471,-71.161,5.453,610320517.000
-2.129,0.314,0.091,19.723,-72.101,5.518,610320616.000
-2.165,0.320,0.088,19.928,-73.043,5.635,610320716.000
-2.193,0.323,0.088,20.132,-73.930,5.690,610320816.000
-2.221,0.332,0.090,20.367,-74.833,5.819,610320917.000
-2.248,0.335,0.104,20.612,-75.694,5.902,610321016.000
-2.280,0.341,0.099,20.860,-76.621,6.020,610321116.000
-2.308,0.342,0.111,21.061,-77.515,6.094,610321216.000
-2.334,0.344,0.096,21.232,-78.368,6.185,610321316.000
-2.363,0.351,0.105,21.472,-79.281,6.268,610321417.000
-2.391,0.352,0.100,21.662,-80.137,6.369,610321516.000
-2.419,0.358,0.112,21.854,-81.007,6.460,610321616.000
-2.449,0.363,0.106,22.107,-81.970,6.561,610321716.000
-2.474,0.365,0.113,22.332,-82.821,6.653,610321816.000
-2.504,0.372,0.113,22.517,-83.672,6.735,610321916.000
-2.530,0.382,0.113,22.774,-84.547,6.827,610322016.000
-2.566,0.380,0.114,22.919,-85.351,6.918,610322116.000
-2.590,0.386,0.122,23.125,-86.287,7.010,610322216.000
-2.618,0.391,0.126,23.358,-87.085,7.102,610322316.000
-2.647,0.394,0.126,23.555,-88.008,7.193,610322416.000
-2.671,0.402,0.133,23.749,-88.799,7.268,610322516.000
-2.703,0.405,0.130,23.981,-89.742,7.405,610322616.000
-2.727,0.406,0.129,24.184,-90.581,7.451,610322716.000
-2.761,0.411,0.129,24.410,-91.455,7.579,610322816.000
-2.786,0.418,0.138,24.650,-92.297,7.662,610322916.000
-2.818,0.424,0.138,24.842,-93.207,7.753,610323017.000
-2.846,0.422,0.133,25.058,-93.990,7.818,610323116.000
-2.870,0.428,0.135,25.251,-94.870,7.938,610323217.000
-2.898,0.431,0.139,25.441,-95.716,8.048,610323316.000
-2.923,0.436,0.129,25.655,-96.456,8.123,610323417.000
-2.951,0.444,0.141,25.889,-97.277,8.224,610323517.000
-2.979,0.445,0.140,26.037,-98.092,8.298,610323617.000
-3.007,0.448,0.150,26.241,-98.946,8.408,610323716.000
-3.031,0.456,0.149,26.462,-99.689,8.455,610323816.000
-3.061,0.456,0.146,26.631,-100.523,8.593,610323916.000
-3.075,0.463,0.156,26.762,-101.055,8.624,610324016.000
-3.091,0.463,0.153,26.885,-101.397,8.676,610324116.000
-3.095,0.461,0.151,26.842,-101.404,8.693,610324216.000
-3.087,0.463,0.151,26.803,-101.116,8.650,610324316.000
-3.069,0.454,0.151,26.642,-100.650,8.610,610324416.000
-3.053,0.456,0.154,26.563,-100.162,8.597,610324516.000
-3.042,0.450,0.149,26.465,-99.746,8.527,610324616.000
-3.025,0.450,0.144,26.371,-99.356,8.504,610324716.000
-3.016,0.448,0.149,26.296,-98.943,8.518,610324816.000
-3.008,0.443,0.147,26.170,-98.615,8.447,610324917.000
-2.996,0.445,0.145,26.119,-98.313,8.460,610325016.000
-2.988,0.442,0.145,26.049,-97.976,8.399,610325116.000
-2.976,0.440,0.140,25.981,-97.681,8.394,610325217.000
-2.973,0.437,0.150,25.897,-97.408,8.387,610325316.000
-2.965,0.439,0.153,25.871,-97.111,8.344,610325416.000
-2.953,0.436,0.140,25.790,-96.841,8.310,610325516.000
-2.947,0.435,0.145,25.700,-96.621,8.294,610325616.000
-2.941,0.433,0.143,25.638,-96.353,8.278,610325716.000
-2.929,0.433,0.138,25.599,-96.180,8.253,610325816.000
-2.925,0.430,0.148,25.556,-95.929,8.246,610325917.000
-2.917,0.425,0.141,25.459,-95.715,8.230,610326017.000
-2.911,0.429,0.146,25.468,-95.470,8.205,610326116.000
-2.905,0.427,0.143,25.420,-95.274,8.189,610326216.000
-2.899,0.431,0.139,25.375,-95.063,8.191,610326316.000
-2.896,0.426,0.141,25.331,-94.886,8.175,610326416.000
-2.885,0.427,0.139,25.271,-94.716,8.140,610326516.000
-2.884,0.423,0.131,25.208,-94.512,8.114,610326616.000
-2.875,0.428,0.136,25.212,-94.352,8.135,610326716.000
-2.872,0.420,0.134,25.112,-94.168,8.109,610326816.000
-2.863,0.417,0.139,25.070,-94.009,8.074,610326916.000
-2.860,0.420,0.134,25.044,-93.833,8.057,610327016.000
-2.854,0.423,0.137,25.040,-93.645,8.032,610327116.000
-2.850,0.416,0.134,24.954,-93.485,8.033,610327216.000
-2.842,0.418,0.134,24.956,-93.366,8.017,610327316.000
-2.842,0.410,0.137,24.883,-93.188,8.018,610327416.000
-2.834,0.413,0.135,24.858,-93.054,8.002,610327517.000
-2.832,0.414,0.125,24.839,-92.906,7.966,610327616.000
-2.824,0.414,0.132,24.798,-92.739,7.968,610327716.000
-2.824,0.414,0.132,24.771,-92.593,7.969,610327816.000
-2.823,0.412,0.132,24.709,-92.413,7.952,610327917.000
-2.814,0.412,0.137,24.709,-92.301,7.954,610328016.000
-2.808,0.416,0.130,24.678,-92.195,7.900,610328116.000
-2.809,0.408,0.137,24.632,-92.049,7.929,610328216.000
-2.800,0.410,0.135,24.635,-91.914,7.913,610328317.000
-2.801,0.413,0.137,24.623,-91.785,7.923,610328417.000
-2.794,0.409,0.128,24.518,-91.663,7.896,610328517.000
-2.788,0.413,0.130,24.556,-91.547,7.898,610328616.000
-2.787,0.409,0.125,24.492,-91.407,7.871,610328716.000
-2.783,0.404,0.130,24.421,-91.295,7.854,610328816.000
-2.781,0.407,0.133,24.457,-91.154,7.856,610328916.000
-2.775,0.406,0.123,24.369,-91.032,7.839,610329016.000
-2.769,0.402,0.133,24.346,-90.940,7.840,610329117.000
-2.764,0.404,0.128,24.376,-90.861,7.823,610329216.000
-2.763,0.403,0.128,24.300,-90.705,7.833,610329316.000
-2.761,0.404,0.126,24.307,-90.604,7.798,610329416.000
-2.757,0.399,0.126,24.264,-90.509,7.780,610329516.000
-2.757,0.399,0.128,24.222,-90.355,7.781,610329616.000
-2.751,0.403,0.131,24.204,-90.240,7.755,610329716.000
-2.749,0.401,0.131,24.183,-90.131,7.765,610329816.000
-2.745,0.396,0.121,24.113,-90.021,7.748,610329916.000
-2.739,0.395,0.128,24.092,-89.937,7.759,610330016.000
-2.741,0.399,0.131,24.101,-89.819,7.759,610330116.000
-2.731,0.397,0.126,24.067,-89.754,7.743,610330216.000
-2.735,0.400,0.123,24.054,-89.616,7.724,610330316.000
-2.729,0.396,0.128,24.032,-89.541,7.726,610330417.000
-2.725,0.393,0.126,24.018,-89.453,7.718,610330516.000
-2.719,0.394,0.124,23.999,-89.379,7.710,610330617.000
-2.715,0.394,0.121,23.958,-89.267,7.684,610330715.000
-2.717,0.398,0.126,23.939,-89.117,7.684,610330816.000
-2.713,0.393,0.116,23.909,-89.079,7.639,610330916.000
-2.709,0.398,0.126,23.912,-88.974,7.659,610331016.000
-2.712,0.391,0.124,23.847,-88.849,7.678,610331115.000
-2.706,0.390,0.121,23.840,-88.774,7.661,610331216.000
-2.702,0.392,0.124,23.855,-88.670,7.644,610331316.000
-2.702,0.385,0.119,23.755,-88.590,7.616,610331415.000
-2.700,0.394,0.124,23.822,-88.513,7.636,610331515.000
-2.691,0.394,0.127,23.768,-88.435,7.609,610331616.000
-2.692,0.393,0.127,23.768,-88.338,7.610,610331716.000
-2.692,0.391,0.121,23.712,-88.234,7.629,610331815.000
-2.686,0.389,0.124,23.719,-88.118,7.613,610331915.000
-2.684,0.391,0.124,23.685,-88.058,7.604,610332016.000
-2.678,0.392,0.127,23.679,-87.991,7.596,610332116.000
-2.676,0.391,0.119,23.673,-87.908,7.578,610332215.000
-2.674,0.387,0.122,23.636,-87.815,7.579,610332316.000
-2.672,0.388,0.127,23.630,-87.739,7.571,610332416.000
-2.670,0.387,0.117,23.568,-87.640,7.581,610332516.000
-2.668,0.388,0.122,23.576,-87.587,7.572,610332615.000
-2.668,0.385,0.119,23.533,-87.475,7.536,610332716.000
-2.664,0.388,0.122,23.535,-87.395,7.546,610332816.000
-2.660,0.382,0.122,23.505,-87.323,7.529,610332916.000
-2.660,0.390,0.122,23.537,-87.251,7.557,610333015.000
-2.660,0.385,0.117,23.465,-87.146,7.512,610333115.000
-2.658,0.383,0.122,23.485,-87.094,7.522,610333216.000
-2.652,0.382,0.117,23.438,-87.028,7.505,610333316.000
-2.650,0.383,0.122,23.445,-86.927,7.497,610333415.000
-2.648,0.382,0.120,23.397,-86.851,7.506,610333516.000
-2.644,0.382,0.120,23.383,-86.804,7.480,610333615.000
-2.644,0.384,0.115,23.358,-86.700,7.489,610333715.000
-2.640,0.379,0.117,23.314,-86.669,7.499,610333815.000
-2.638,0.383,0.127,23.349,-86.575,7.445,610333915.000
-2.636,0.384,0.117,23.331,-86.476,7.464,610334016.000
-2.637,0.379,0.122,23.314,-86.386,7.474,610334115.000
-2.630,0.380,0.115,23.281,-86.353,7.438,610334216.000
-2.633,0.379,0.122,23.273,-86.242,7.448,610334316.000
-2.626,0.378,0.118,23.253,-86.225,7.431,610334416.000
-2.624,0.379,0.120,23.233,-86.157,7.450,610334516.000
-2.623,0.380,0.115,23.241,-86.040,7.414,610334615.000
-2.625,0.379,0.115,23.192,-85.955,7.423,610334716.000
-2.619,0.380,0.125,23.213,-85.936,7.415,610334815.000
-2.617,0.379,0.115,23.152,-85.837,7.397,610334915.000
-2.615,0.380,0.120,23.201,-85.760,7.417,610335016.000
-2.615,0.375,0.115,23.115,-85.728,7.399,610335116.000
-2.611,0.377,0.118,23.104,-85.673,7.409,610335216.000
-2.611,0.374,0.115,23.074,-85.584,7.372,610335316.000
-2.607,0.377,0.115,23.090,-85.513,7.383,610335415.000
-2.603,0.372,0.113,23.047,-85.450,7.365,610335516.000
-2.603,0.374,0.113,23.076,-85.377,7.375,610335615.000
-2.596,0.373,0.113,23.042,-85.367,7.357,610335716.000
-2.599,0.372,0.115,22.964,-85.249,7.339,610335815.000
-2.597,0.373,0.115,23.000,-85.213,7.358,610335915.000
-2.593,0.373,0.113,22.960,-85.151,7.359,610336016.000
-2.593,0.375,0.118,23.002,-85.085,7.369,610336116.000
-2.591,0.374,0.113,23.023,-85.017,7.352,610336215.000
-2.589,0.370,0.118,22.931,-84.941,7.352,610336316.000
-2.585,0.370,0.115,22.918,-84.878,7.353,610336415.000
-2.589,0.375,0.120,22.934,-84.812,7.344,610336515.000
-2.581,0.375,0.111,22.921,-84.775,7.317,610336616.000
-2.583,0.371,0.120,22.898,-84.681,7.346,610336716.000
-2.579,0.371,0.123,22.884,-84.601,7.319,610336815.000
-2.577,0.370,0.113,22.836,-84.574,7.301,610336915.000
-2.577,0.370,0.113,22.850,-84.501,7.301,610337016.000
-2.573,0.367,0.111,22.808,-84.463,7.293,610337116.000
-2.571,0.366,0.121,22.814,-84.418,7.303,610337215.000
-2.573,0.372,0.123,22.852,-84.324,7.313,610337315.000
-2.567,0.368,0.113,22.775,-84.299,7.286,610337416.000
-2.565,0.367,0.118,22.754,-84.223,7.296,610337515.000
-2.567,0.366,0.116,22.774,-84.145,7.305,610337615.000
-2.561,0.369,0.113,22.742,-84.119,7.278,610337716.000
-2.559,0.371,0.113,22.777,-84.083,7.270,610337815.000
-2.557,0.369,0.118,22.756,-84.007,7.252,610337916.000
-2.557,0.364,0.113,22.685,-83.951,7.262,610338017.000
-2.555,0.368,0.116,22.721,-83.907,7.262,610338116.000
-2.555,0.368,0.116,22.694,-83.810,7.263,610338216.000
-2.551,0.370,0.109,22.710,-83.739,7.246,610338316.000
-2.545,0.369,0.121,22.689,-83.736,7.256,610338416.000
-2.549,0.367,0.114,22.646,-83.663,7.246,610338516.000
-2.550,0.364,0.114,22.617,-83.590,7.238,610338616.000
-2.543,0.368,0.119,22.654,-83.539,7.239,610338716.000
-2.543,0.362,0.111,22.596,-83.491,7.221,610338816.000
-2.544,0.368,0.114,22.640,-83.434,7.212,610338916.000
-2.544,0.365,0.111,22.584,-83.346,7.203,610339016.000
-2.539,0.365,0.109,22.585,-83.356,7.204,610339117.000
-2.542,0.364,0.114,22.563,-83.254,7.213,610339216.000
-2.536,0.365,0.111,22.544,-83.228,7.205,610339316.000
-2.534,0.361,0.114,22.507,-83.135,7.178,610339416.000
-2.532,0.365,0.106,22.531,-83.100,7.179,610339516.000
-2.532,0.362,0.106,22.502,-83.076,7.170,610339616.000
-2.530,0.366,0.119,22.510,-82.999,7.198,610339717.000
-2.528,0.360,0.114,22.432,-82.956,7.189,610339817.000
-2.526,0.361,0.114,22.440,-82.871,7.181,610339916.000
-2.526,0.361,0.109,22.440,-82.839,7.154,610340016.000
-2.524,0.362,0.111,22.433,-82.796,7.145,610340116.000
-2.520,0.362,0.112,22.448,-82.748,7.146,610340216.000
-2.520,0.359,0.109,22.405,-82.684,7.137,610340316.000
-2.513,0.363,0.114,22.429,-82.657,7.166,610340417.000
-2.514,0.358,0.112,22.398,-82.592,7.120,610340516.000
-2.514,0.363,0.109,22.429,-82.528,7.167,610340617.000
-2.512,0.359,0.109,22.352,-82.493,7.139,610340716.000
-2.512,0.354,0.114,22.335,-82.452,7.149,610340816.000
-2.514,0.355,0.114,22.314,-82.391,7.140,610340916.000
-2.510,0.358,0.114,22.344,-82.295,7.123,610341016.000
-2.510,0.360,0.114,22.332,-82.295,7.132,610341116.000
-2.508,0.356,0.107,22.282,-82.212,7.105,610341217.000
-2.504,0.354,0.117,22.253,-82.180,7.124,610341316.000
-2.504,0.356,0.114,22.255,-82.140,7.134,610341416.000
-2.500,0.359,0.107,22.284,-82.093,7.088,610341517.000
-2.498,0.357,0.112,22.235,-82.017,7.098,610341617.000
-2.496,0.359,0.107,22.271,-81.997,7.090,610341716.000
-2.496,0.356,0.112,22.228,-81.933,7.108,610341817.000
-2.501,0.353,0.114,22.198,-81.850,7.099,610341916.000
-2.494,0.357,0.114,22.250,-81.840,7.100,610342017.000
-2.494,0.352,0.107,22.165,-81.793,7.082,610342116.000
-2.490,0.355,0.104,22.194,-81.778,7.064,610342216.000
-2.490,0.355,0.109,22.180,-81.688,7.093,610342316.000
-2.488,0.353,0.112,22.159,-81.644,7.075,610342416.000
-2.486,0.357,0.109,22.141,-81.617,7.075,610342517.000
-2.484,0.353,0.107,22.119,-81.566,7.076,610342617.000
-2.482,0.357,0.112,22.141,-81.513,7.076,610342717.000
-2.484,0.356,0.112,22.188,-81.451,7.058,610342817.000
-2.482,0.352,0.114,22.097,-81.408,7.059,610342917.000
-2.482,0.354,0.110,22.098,-81.352,7.040,610343016.000
-2.474,0.352,0.107,22.112,-81.338,7.033,610343116.000
-2.478,0.352,0.109,22.043,-81.257,7.060,610343217.000
-2.474,0.352,0.110,22.057,-81.258,7.033,610343317.000
-2.474,0.354,0.115,22.086,-81.168,7.071,610343416.000
-2.475,0.349,0.115,22.042,-81.096,7.053,610343517.000
-2.468,0.353,0.110,22.038,-81.151,7.025,610343616.000
-2.466,0.349,0.105,21.988,-81.035,7.026,610343717.000
-2.468,0.353,0.107,22.038,-80.989,7.027,610343816.000
-2.471,0.354,0.110,22.031,-80.920,7.017,610343916.000
-2.462,0.351,0.107,22.017,-80.906,7.010,610344016.000
-2.467,0.351,0.110,21.975,-80.873,7.009,610344116.000
-2.465,0.353,0.115,21.983,-80.820,7.000,610344216.000
-2.462,0.351,0.105,21.963,-80.794,7.010,610344317.000
-2.458,0.346,0.100,21.933,-80.739,6.965,610344416.000
-2.461,0.350,0.112,21.941,-80.685,6.993,610344517.000
-2.459,0.346,0.112,21.918,-80.649,6.993,610344616.000
-2.459,0.354,0.105,21.951,-80.577,6.994,610344716.000
-2.455,0.351,0.110,21.894,-80.562,6.957,610344816.000
-2.450,0.349,0.107,21.907,-80.523,6.977,610344916.000
-2.450,0.349,0.107,21.880,-80.474,6.977,610345016.000
-2.448,0.350,0.110,21.846,-80.431,6.968,610345116.000
-2.453,0.345,0.107,21.829,-80.365,6.977,610345216.000
-2.451,0.346,0.107,21.837,-80.329,6.969,610345317.000
-2.447,0.348,0.105,21.853,-80.290,6.951,610345416.000
-2.447,0.346,0.110,21.823,-80.249,6.942,610345517.000
-2.443,0.351,0.110,21.855,-80.226,6.961,610345617.000
-2.443,0.346,0.108,21.824,-80.162,6.944,610345716.000
-2.439,0.346,0.105,21.797,-80.123,6.944,610345816.000
-2.436,0.349,0.105,21.834,-80.112,6.945,610345917.000
-2.441,0.347,0.108,21.818,-80.005,6.936,610346016.000
-2.435,0.346,0.105,21.784,-79.979,6.946,610346116.000
-2.437,0.347,0.110,21.764,-79.950,6.936,610346216.000
-2.433,0.342,0.108,21.720,-79.935,6.946,610346316.000
-2.435,0.345,0.100,21.771,-79.875,6.919,610346416.000
-2.433,0.349,0.108,21.738,-79.790,6.919,610346516.000
-2.433,0.344,0.108,21.694,-79.766,6.929,610346616.000
-2.431,0.345,0.103,21.688,-79.723,6.892,610346716.000
-2.427,0.350,0.110,21.774,-79.698,6.912,610346816.000
-2.427,0.345,0.110,21.744,-79.650,6.922,610346916.000
-2.423,0.345,0.103,21.689,-79.628,6.894,610347016.000
-2.425,0.341,0.110,21.666,-79.566,6.895,610347116.000
-2.423,0.345,0.105,21.703,-79.523,6.895,610347216.000
-2.423,0.342,0.108,21.646,-79.466,6.886,610347316.000
-2.421,0.339,0.113,21.624,-79.462,6.887,610347417.000
-2.419,0.340,0.105,21.591,-79.403,6.878,610347517.000
-2.419,0.343,0.110,21.634,-79.338,6.915,610347616.000
-2.419,0.342,0.103,21.606,-79.290,6.860,610347716.000
-2.415,0.340,0.110,21.577,-79.243,6.880,610347816.000
-2.413,0.344,0.105,21.587,-79.248,6.880,610347917.000
-2.413,0.344,0.111,21.586,-79.231,6.852,610348016.000
-2.409,0.341,0.101,21.558,-79.169,6.844,610348116.000
-2.409,0.341,0.110,21.572,-79.111,6.872,610348216.000
-2.411,0.342,0.106,21.566,-79.091,6.863,610348316.000
-2.409,0.341,0.103,21.531,-79.039,6.845,610348416.000
-2.407,0.345,0.103,21.554,-79.004,6.845,610348516.000
-2.403,0.340,0.108,21.524,-78.964,6.856,610348616.000
-2.403,0.337,0.101,21.495,-78.941,6.846,610348716.000
-2.403,0.339,0.103,21.538,-78.859,6.829,610348817.000
-2.401,0.336,0.103,21.474,-78.848,6.829,610348916.000
-2.403,0.337,0.101,21.454,-78.771,6.820,610349016.000
-2.397,0.338,0.103,21.462,-78.777,6.839,610349117.000
-2.399,0.339,0.103,21.497,-78.715,6.830,610349216.000
-2.395,0.337,0.103,21.469,-78.668,6.822,610349316.000
-2.395,0.337,0.108,21.413,-78.652,6.822,610349416.000
-2.395,0.337,0.101,21.428,-78.580,6.822,610349517.000
-2.393,0.340,0.101,21.450,-78.544,6.795,610349616.000
-2.391,0.337,0.111,21.427,-78.523,6.823,610349716.000
-2.391,0.337,0.103,21.400,-78.476,6.796,610349817.000
-2.391,0.337,0.098,21.387,-78.420,6.824,610349916.000
-2.389,0.338,0.101,21.394,-78.400,6.787,610350017.000
-2.387,0.339,0.101,21.402,-78.364,6.779,610350116.000
-2.388,0.336,0.108,21.387,-78.315,6.798,610350217.000
-2.388,0.339,0.108,21.388,-78.242,6.807,610350316.000
-2.385,0.338,0.098,21.354,-78.240,6.789,610350417.000
-2.381,0.340,0.106,21.369,-78.216,6.799,610350517.000
-2.377,0.332,0.104,21.324,-78.177,6.772,610350616.000
-2.379,0.336,0.098,21.347,-78.133,6.800,610350716.000
-2.380,0.334,0.104,21.304,-78.068,6.763,610350817.000
-2.375,0.339,0.108,21.321,-78.053,6.782,610350916.000
-2.378,0.335,0.106,21.284,-78.000,6.782,610351016.000
-2.376,0.334,0.106,21.277,-77.964,6.765,610351116.000
-2.371,0.336,0.106,21.293,-77.941,6.775,610351216.000
-2.374,0.332,0.104,21.284,-77.888,6.775,610351316.000
-2.374,0.335,0.101,21.271,-77.824,6.757,610351416.000
-2.372,0.333,0.106,21.250,-77.747,6.767,610351516.000
-2.367,0.333,0.101,21.264,-77.765,6.740,610351617.000
-2.365,0.332,0.099,21.216,-77.738,6.749,610351717.000
-2.370,0.335,0.101,21.217,-77.656,6.758,610351817.000
-2.365,0.335,0.099,21.203,-77.690,6.731,610351916.000
-2.368,0.336,0.111,21.238,-77.611,6.750,610352016.000
-2.366,0.335,0.104,21.176,-77.576,6.759,610352117.000
-2.362,0.332,0.096,21.189,-77.554,6.723,610352216.000
-2.360,0.333,0.106,21.169,-77.533,6.742,610352317.000
-2.362,0.334,0.106,21.190,-77.448,6.733,610352416.000
-2.362,0.334,0.099,21.163,-77.400,6.706,610352517.000
-2.358,0.329,0.099,21.119,-77.402,6.715,610352616.000
-2.360,0.328,0.099,21.125,-77.364,6.725,610352716.000
-2.358,0.332,0.099,21.121,-77.280,6.725,610352816.000
-2.354,0.329,0.101,21.120,-77.297,6.717,610352917.000
-2.352,0.330,0.101,21.100,-77.262,6.708,610353016.000
-2.354,0.332,0.101,21.107,-77.201,6.699,610353116.000
-2.352,0.333,0.104,21.129,-77.156,6.690,610353216.000
-2.350,0.332,0.099,21.108,-77.113,6.672,610353317.000
-2.350,0.324,0.104,21.062,-77.097,6.700,610353416.000
-2.350,0.329,0.106,21.078,-77.040,6.691,610353516.000
-2.350,0.329,0.104,21.065,-77.000,6.692,610353616.000
-2.346,0.329,0.099,21.066,-76.945,6.693,610353716.000
-2.346,0.331,0.104,21.094,-76.952,6.674,610353817.000
-2.342,0.329,0.104,21.039,-76.905,6.693,610353917.000
-2.342,0.331,0.104,21.067,-76.881,6.675,610354017.000
-2.342,0.329,0.104,21.039,-76.808,6.694,610354116.000
-2.338,0.329,0.101,21.012,-76.818,6.694,610354217.000
-2.340,0.325,0.099,20.975,-76.765,6.667,610354315.000
-2.342,0.326,0.104,20.996,-76.663,6.686,610354416.000
-2.340,0.325,0.104,20.961,-76.676,6.667,610354517.000
-2.340,0.332,0.104,20.993,-76.604,6.668,610354615.000
-2.336,0.325,0.094,20.962,-76.589,6.669,610354715.000
-2.334,0.326,0.104,20.942,-76.569,6.660,610354816.000
-2.334,0.329,0.102,20.984,-76.553,6.642,610354917.000
-2.330,0.329,0.104,20.957,-76.497,6.642,610355016.000
-2.328,0.327,0.099,20.950,-76.478,6.652,610355116.000
-2.328,0.327,0.094,20.937,-76.422,6.652,610355215.000
-2.326,0.326,0.099,20.915,-76.394,6.634,610355317.000
-2.328,0.322,0.094,20.879,-76.326,6.635,610355417.000
-2.326,0.323,0.104,20.886,-76.305,6.626,610355517.000
-2.326,0.328,0.107,20.903,-76.248,6.645,610355617.000
-2.326,0.326,0.102,20.874,-76.241,6.635,610355717.000
-2.322,0.328,0.102,20.903,-76.193,6.618,610355817.000
-2.324,0.324,0.099,20.839,-76.141,6.618,610355917.000
-2.320,0.322,0.104,20.824,-76.150,6.609,610356017.000
-2.320,0.327,0.099,20.897,-76.093,6.628,610356117.000
-2.316,0.327,0.104,20.869,-76.054,6.601,610356217.000
-2.316,0.327,0.102,20.828,-76.014,6.601,610356316.000
-2.319,0.323,0.102,20.791,-75.977,6.601,610356417.000
-2.316,0.324,0.099,20.826,-75.974,6.592,610356517.000
-2.314,0.323,0.104,20.819,-75.921,6.602,610356616.000
-2.310,0.323,0.099,20.792,-75.867,6.603,610356717.000
-2.312,0.322,0.102,20.798,-75.846,6.612,610356816.000
-2.306,0.318,0.097,20.790,-75.827,6.586,610356917.000
-2.306,0.323,0.097,20.779,-75.803,6.577,610357018.000
-2.306,0.323,0.095,20.779,-75.739,6.577,610357116.000
-2.306,0.320,0.102,20.736,-75.690,6.568,610357216.000
-2.306,0.325,0.102,20.780,-75.666,6.559,610357316.000
-2.305,0.321,0.105,20.757,-75.597,6.560,610357417.000
-2.305,0.321,0.100,20.716,-75.542,6.560,610357516.000
-2.305,0.321,0.097,20.717,-75.526,6.560,610357616.000
-2.298,0.325,0.100,20.726,-75.507,6.561,610357716.000
-2.298,0.325,0.107,20.740,-75.482,6.562,610357817.000
-2.296,0.319,0.107,20.647,-75.447,6.553,610357916.000
-2.299,0.320,0.102,20.668,-75.378,6.571,610358017.000
-2.299,0.323,0.107,20.670,-75.337,6.581,610358117.000
-2.294,0.320,0.102,20.669,-75.355,6.544,610358217.000
-2.295,0.320,0.105,20.655,-75.298,6.545,610358317.000
-2.297,0.318,0.102,20.661,-75.245,6.554,610358417.000
-2.290,0.317,0.105,20.599,-75.251,6.536,610358517.000
-2.290,0.320,0.097,20.614,-75.203,6.518,610358617.000
-2.291,0.315,0.095,20.598,-75.163,6.528,610358717.000
-2.293,0.318,0.102,20.648,-75.101,6.528,610358817.000
-2.291,0.320,0.100,20.600,-75.050,6.519,610358916.000
-2.287,0.325,0.105,20.631,-75.059,6.538,610359017.000
-2.287,0.320,0.100,20.615,-75.002,6.520,610359116.000
-2.280,0.318,0.097,20.567,-75.001,6.530,610359216.000
-2.285,0.323,0.100,20.597,-74.991,6.520,610359316.000
-2.283,0.317,0.107,20.586,-74.906,6.512,610359417.000
-2.281,0.321,0.095,20.568,-74.864,6.485,610359516.000
-2.281,0.318,0.100,20.539,-74.823,6.504,610359616.000
-2.281,0.321,0.100,20.568,-74.798,6.513,610359716.000
-2.281,0.318,0.102,20.525,-74.766,6.476,610359816.000
-2.279,0.317,0.102,20.477,-74.707,6.514,610359916.000
-2.275,0.319,0.095,20.506,-74.708,6.468,610360016.000
-2.275,0.319,0.095,20.520,-74.684,6.468,610360116.000
-2.273,0.321,0.098,20.514,-74.640,6.487,610360216.000
-2.273,0.315,0.100,20.470,-74.583,6.497,610360316.000
-2.271,0.319,0.100,20.493,-74.547,6.470,610360417.000
-2.266,0.317,0.098,20.451,-74.557,6.461,610360517.000
-2.264,0.315,0.098,20.471,-74.521,6.471,610360616.000
-2.267,0.317,0.105,20.451,-74.460,6.490,610360716.000
-2.269,0.320,0.105,20.459,-74.423,6.462,610360816.000
-2.265,0.318,0.100,20.458,-74.392,6.453,610360916.000
-2.265,0.310,0.098,20.386,-74.376,6.453,610361017.000
-2.261,0.315,0.098,20.403,-74.329,6.473,610361116.000
-2.263,0.314,0.100,20.408,-74.308,6.454,610361217.000
-2.261,0.315,0.100,20.416,-74.224,6.446,610361317.000
-2.259,0.311,0.095,20.367,-74.205,6.446,610361417.000
-2.261,0.312,0.093,20.347,-74.176,6.437,610361517.000
-2.257,0.313,0.103,20.361,-74.144,6.465,610361617.000
-2.255,0.314,0.095,20.355,-74.085,6.457,610361717.000
-2.257,0.315,0.105,20.362,-74.039,6.448,610361817.000
-2.257,0.310,0.098,20.318,-74.015,6.429,610361917.000
-2.255,0.311,0.098,20.312,-74.004,6.448,610362016.000
-2.253,0.312,0.100,20.334,-73.960,6.440,610362117.000
-2.253,0.310,0.095,20.305,-73.952,6.430,610362217.000
-2.251,0.311,0.090,20.285,-73.885,6.422,610362316.000
-2.251,0.313,0.098,20.328,-73.835,6.431,610362417.000
-2.245,0.310,0.100,20.278,-73.841,6.432,610362516.000
-2.249,0.312,0.098,20.293,-73.800,6.413,610362616.000
-2.245,0.310,0.088,20.279,-73.762,6.405,610362716.000
-2.247,0.311,0.093,20.259,-73.684,6.424,610362816.000
-2.243,0.313,0.095,20.274,-73.677,6.406,610362916.000
-2.243,0.311,0.103,20.258,-73.628,6.397,610363016.000
-2.241,0.312,0.093,20.253,-73.601,6.388,610363116.000
-2.239,0.311,0.093,20.246,-73.565,6.398,610363216.000
-2.243,0.308,0.088,20.216,-73.532,6.388,610363316.000
-2.244,0.308,0.090,20.202,-73.476,6.389,610363417.000
-2.239,0.313,0.088,20.248,-73.461,6.408,610363516.000
-2.237,0.309,0.100,20.224,-73.408,6.409,610363616.000
-2.233,0.309,0.093,20.197,-73.434,6.381,610363716.000
-2.235,0.311,0.100,20.232,-73.372,6.400,610363816.000
-2.233,0.301,0.098,20.138,-73.296,6.382,610363917.000
-2.235,0.310,0.091,20.177,-73.260,6.373,610364016.000
-2.233,0.312,0.096,20.185,-73.208,6.364,610364116.000
-2.231,0.310,0.093,20.192,-73.180,6.374,610364216.000
-2.229,0.312,0.091,20.172,-73.129,6.365,610364316.000
-2.206,0.308,0.094,19.882,-72.329,6.170,610364416.000
-2.206,0.308,0.094,19.869,-72.354,6.170,610364516.000
-2.204,0.307,0.096,19.889,-72.334,6.180,610364617.000
-2.202,0.303,0.094,19.880,-72.258,6.153,610364717.000
-2.200,0.307,0.099,19.889,-72.230,6.182,610364816.000
-2.197,0.300,0.096,19.810,-72.251,6.172,610364917.000
-2.200,0.307,0.089,19.862,-72.166,6.154,610365016.000
-2.198,0.305,0.091,19.855,-72.146,6.164,610365117.000
-2.196,0.304,0.096,19.833,-72.118,6.146,610365216.000
-2.193,0.305,0.091,19.841,-72.099,6.137,610365316.000
-2.198,0.305,0.099,19.840,-72.024,6.137,610365416.000
-2.194,0.303,0.092,19.826,-72.002,6.129,610365516.000
-2.189,0.300,0.091,19.770,-72.004,6.147,610365616.000
-2.194,0.308,0.094,19.801,-71.922,6.147,610365717.000
-2.188,0.304,0.094,19.780,-71.911,6.148,610365816.000
-2.188,0.304,0.092,19.779,-71.895,6.121,610365916.000
-2.188,0.304,0.094,19.779,-71.814,6.121,610366016.000
-2.183,0.304,0.092,19.780,-71.824,6.122,610366116.000
-2.181,0.302,0.092,19.745,-71.788,6.104,610366216.000
-2.186,0.302,0.094,19.717,-71.730,6.103,610366316.000
-2.186,0.300,0.089,19.702,-71.699,6.122,610366417.000
-2.184,0.304,0.094,19.738,-71.670,6.095,610366517.000
-2.186,0.305,0.094,19.718,-71.609,6.086,610366616.000
-2.182,0.302,0.094,19.717,-71.610,6.105,610366716.000
-2.178,0.302,0.092,19.704,-71.596,6.078,610366817.000
-2.178,0.305,0.097,19.705,-71.506,6.088,610366916.000
-2.180,0.301,0.104,19.682,-71.445,6.088,610367016.000
-2.176,0.298,0.092,19.654,-71.463,6.079,610367116.000
-2.176,0.301,0.089,19.670,-71.447,6.088,610367216.000
-2.176,0.298,0.092,19.627,-71.366,6.080,610367316.000
-2.174,0.302,0.097,19.649,-71.363,6.080,610367416.000
-2.172,0.298,0.087,19.655,-71.311,6.053,610367516.000
-2.172,0.301,0.089,19.629,-71.303,6.062,610367616.000
-2.170,0.302,0.089,19.650,-71.243,6.054,610367716.000
-2.172,0.306,0.097,19.659,-71.206,6.081,610367816.000
-2.166,0.297,0.092,19.607,-71.163,6.064,610367917.000
-2.170,0.302,0.092,19.595,-71.114,6.054,610368016.000
-2.166,0.299,0.092,19.594,-71.115,6.046,610368116.000
-2.168,0.301,0.092,19.574,-71.054,6.037,610368216.000
-2.166,0.294,0.092,19.550,-71.042,6.028,610368317.000
-2.164,0.301,0.094,19.575,-70.999,6.065,610368416.000
-2.160,0.295,0.090,19.531,-70.968,6.020,610368516.000
-2.158,0.302,0.092,19.569,-70.948,6.030,610368616.000
-2.156,0.300,0.097,19.575,-70.920,6.040,610368717.000
-2.160,0.298,0.092,19.504,-70.863,6.002,610368816.000
-2.160,0.298,0.092,19.532,-70.814,6.030,610368916.000
-2.158,0.296,0.092,19.511,-70.803,6.012,610369016.000
-2.158,0.294,0.089,19.483,-70.763,6.031,610369116.000
-2.154,0.301,0.090,19.528,-70.740,5.976,610369216.000
-2.152,0.298,0.087,19.478,-70.688,6.004,610369316.000
-2.152,0.300,0.087,19.493,-70.688,5.986,610369416.000
-2.152,0.298,0.097,19.492,-70.631,6.033,610369516.000
-2.152,0.295,0.095,19.435,-70.591,5.996,610369616.000
-2.150,0.296,0.092,19.471,-70.587,5.987,610369716.000
-2.148,0.297,0.095,19.478,-70.519,5.979,610369816.000
-2.146,0.296,0.095,19.444,-70.484,5.988,610369916.000
-2.144,0.297,0.097,19.451,-70.464,5.980,610370017.000
-2.144,0.292,0.090,19.407,-70.440,5.961,610370116.000
-2.146,0.299,0.092,19.417,-70.395,5.970,610370216.000
-2.142,0.296,0.092,19.403,-70.372,5.989,610370317.000
-2.147,0.296,0.097,19.402,-70.282,5.990,610370417.000
-2.138,0.299,0.092,19.391,-70.301,5.972,610370517.000
-2.138,0.294,0.095,19.333,-70.269,5.981,610370617.000
-2.136,0.295,0.095,19.382,-70.257,5.945,610370716.000
-2.136,0.295,0.097,19.368,-70.200,5.973,610370816.000
-2.136,0.292,0.092,19.326,-70.168,5.964,610370916.000
-2.136,0.297,0.095,19.397,-70.111,5.928,610371016.000
-2.134,0.293,0.085,19.320,-70.109,5.928,610371116.000
-2.137,0.295,0.097,19.327,-70.031,5.946,610371217.000
-2.132,0.297,0.097,19.356,-70.032,5.956,610371317.000
-2.133,0.292,0.092,19.312,-69.976,5.938,610371417.000
-2.131,0.293,0.097,19.293,-69.924,5.957,610371517.000
-2.126,0.296,0.090,19.308,-69.950,5.912,610371617.000
-2.131,0.293,0.092,19.320,-69.891,5.930,610371716.000
-2.126,0.291,0.090,19.251,-69.853,5.921,610371817.000
-2.126,0.293,0.085,19.266,-69.821,5.903,610371917.000
-2.127,0.293,0.093,19.252,-69.796,5.903,610372016.000
-2.122,0.293,0.090,19.266,-69.781,5.904,610372116.000
-2.122,0.290,0.085,19.238,-69.725,5.923,610372216.000
-2.120,0.289,0.093,19.202,-69.689,5.905,610372317.000
-2.120,0.292,0.090,19.231,-69.649,5.887,610372417.000
-2.121,0.294,0.085,19.261,-69.592,5.896,610372517.000
-2.118,0.295,0.090,19.241,-69.589,5.887,610372617.000
-2.119,0.290,0.088,19.224,-69.549,5.897,610372717.000
-2.117,0.289,0.093,19.175,-69.521,5.879,610372818.000
-2.114,0.290,0.088,19.197,-69.477,5.898,610372918.000
-2.115,0.295,0.090,19.228,-69.445,5.889,610373018.000
-2.115,0.287,0.088,19.141,-69.405,5.861,610373118.000
-2.115,0.290,0.090,19.156,-69.372,5.871,610373218.000
-2.111,0.290,0.095,19.156,-69.333,5.872,610373318.000
-2.111,0.290,0.088,19.142,-69.309,5.844,610373418.000
-2.106,0.290,0.088,19.157,-69.310,5.873,610373518.000
-2.111,0.292,0.090,19.185,-69.228,5.854,610373618.000
-2.107,0.287,0.083,19.115,-69.230,5.864,610373717.000
-2.109,0.294,0.093,19.152,-69.184,5.873,610373817.000
-2.109,0.286,0.090,19.093,-69.096,5.874,610373918.000
-2.105,0.289,0.090,19.094,-69.097,5.856,610374018.000
-2.107,0.287,0.090,19.087,-69.084,5.865,610374118.000
-2.105,0.289,0.090,19.094,-69.048,5.856,610374217.000
-2.101,0.283,0.088,19.037,-69.010,5.838,610374318.000
-2.099,0.287,0.090,19.060,-68.990,5.839,610374418.000
-2.099,0.290,0.083,19.103,-68.942,5.821,610374517.000
-2.101,0.289,0.093,19.040,-68.945,5.857,610374618.000
-2.099,0.287,0.088,19.033,-68.877,5.839,610374717.000
-2.097,0.288,0.088,19.027,-68.866,5.830,610374817.000
-2.095,0.290,0.088,19.034,-68.830,5.822,610374917.000
-2.093,0.288,0.088,18.999,-68.794,5.804,610375018.000
-2.093,0.286,0.085,18.971,-68.754,5.822,610375118.000
-2.093,0.286,0.083,19.012,-68.714,5.795,610375217.000
-2.091,0.282,0.088,18.948,-68.686,5.823,610375318.000
-2.093,0.283,0.085,18.956,-68.657,5.814,610375417.000
-2.089,0.288,0.083,18.973,-68.643,5.805,610375518.000
-2.091,0.284,0.083,18.978,-68.581,5.806,610375618.000
-2.087,0.284,0.081,18.978,-68.542,5.807,610375717.000
-2.089,0.283,0.093,18.942,-68.513,5.816,610375817.000
-2.085,0.288,0.083,19.001,-68.474,5.808,610375917.000
-2.083,0.284,0.086,18.923,-68.455,5.780,610376018.000
-2.083,0.287,0.086,18.966,-68.454,5.762,610376118.000
-2.081,0.285,0.086,18.945,-68.394,5.772,610376217.000
-2.081,0.285,0.081,18.931,-68.387,5.771,610376318.000
-2.081,0.285,0.086,18.903,-68.322,5.772,610376418.000
-2.079,0.281,0.086,18.867,-68.311,5.772,610376518.000
-2.077,0.283,0.081,18.889,-68.267,5.764,610376618.000
-2.081,0.283,0.086,18.861,-68.225,5.791,610376717.000
-2.079,0.286,0.088,18.925,-68.181,5.764,610376818.000
-2.075,0.287,0.088,18.898,-68.206,5.764,610376918.000
-2.075,0.289,0.091,18.913,-68.125,5.774,610377017.000
-2.073,0.283,0.086,18.834,-68.131,5.765,610377117.000
-2.075,0.284,0.091,18.842,-68.053,5.784,610377217.000
-2.073,0.277,0.083,18.790,-68.042,5.747,610377317.000
-2.071,0.281,0.088,18.827,-68.014,5.748,610377418.000
-2.073,0.285,0.088,18.835,-67.977,5.748,610377518.000
-2.069,0.285,0.088,18.822,-67.979,5.748,610377618.000
-2.065,0.285,0.086,18.809,-67.964,5.749,610377718.000
-2.067,0.281,0.088,18.800,-67.894,5.749,610377817.000
-2.067,0.281,0.091,18.785,-67.886,5.721,610377917.000
-2.067,0.281,0.091,18.800,-67.813,5.750,610378017.000
-2.067,0.281,0.083,18.786,-67.790,5.722,610378118.000
-2.061,0.280,0.091,18.793,-67.803,5.732,610378218.000
-2.063,0.276,0.091,18.742,-67.742,5.732,610378317.000
-2.059,0.284,0.084,18.789,-67.720,5.733,610378417.000
-2.061,0.280,0.086,18.752,-67.699,5.733,610378518.000
-2.061,0.280,0.084,18.752,-67.634,5.706,610378617.000
-2.064,0.283,0.086,18.788,-67.613,5.706,610378718.000
-2.059,0.278,0.086,18.716,-67.614,5.687,610378817.000
-2.055,0.281,0.086,18.746,-67.616,5.697,610378918.000
-2.059,0.278,0.081,18.717,-67.534,5.716,610379017.000
-2.053,0.282,0.089,18.713,-67.523,5.716,610379117.000
-2.053,0.279,0.089,18.725,-67.475,5.708,610379217.000
-2.053,0.282,0.094,18.712,-67.458,5.689,610379318.000
-2.055,0.281,0.084,18.691,-67.406,5.671,610379417.000
-2.051,0.281,0.076,18.692,-67.384,5.672,610379517.000
-2.049,0.274,0.091,18.640,-67.371,5.691,610379617.000
-2.047,0.281,0.091,18.692,-67.359,5.673,610379716.000
-2.047,0.278,0.081,18.677,-67.296,5.664,610379817.000
-2.050,0.279,0.086,18.643,-67.242,5.682,610379917.000
-2.050,0.279,0.086,18.643,-67.242,5.682,610380017.000
-2.047,0.281,0.091,18.637,-67.214,5.701,610380118.000
-2.048,0.278,0.094,18.635,-67.157,5.692,610380218.000
-2.043,0.275,0.091,18.608,-67.143,5.711,610380318.000
-2.041,0.277,0.091,18.601,-67.131,5.675,610380417.000
-2.044,0.275,0.086,18.593,-67.087,5.656,610380517.000
-2.046,0.282,0.086,18.645,-67.050,5.666,610380617.000
-2.041,0.279,0.089,18.602,-67.043,5.657,610380717.000
-2.044,0.278,0.086,18.609,-66.990,5.666,610380818.000
-2.039,0.278,0.084,18.582,-67.000,5.667,610380916.000
-2.040,0.275,0.081,18.567,-66.935,5.630,610381017.000
-2.040,0.275,0.089,18.553,-66.910,5.658,610381118.000
-2.040,0.273,0.089,18.496,-66.886,5.649,610381216.000
-2.038,0.276,0.091,18.588,-66.842,5.650,610381318.000
-2.036,0.273,0.081,18.511,-66.840,5.650,610381417.000
-2.033,0.276,0.091,18.547,-66.843,5.650,610381517.000
-2.029,0.274,0.089,18.546,-66.828,5.642,610381618.000
-2.036,0.272,0.091,18.510,-66.758,5.650,610381716.000
-2.034,0.276,0.094,18.547,-66.714,5.624,610381817.000
-2.029,0.274,0.086,18.491,-66.764,5.614,610381917.000
-2.032,0.278,0.089,18.472,-66.695,5.614,610382018.000
-2.027,0.275,0.084,18.499,-66.664,5.606,610382116.000
-2.030,0.276,0.086,18.506,-66.619,5.624,610382216.000
-2.028,0.272,0.084,18.484,-66.616,5.625,610382317.000
-2.030,0.276,0.089,18.493,-66.562,5.625,610382417.000
-2.025,0.279,0.084,18.522,-66.580,5.607,610382516.000
-2.021,0.279,0.082,18.509,-66.565,5.607,610382616.000
-2.024,0.277,0.091,18.487,-66.495,5.617,610382716.000
-2.022,0.274,0.094,18.464,-66.475,5.617,610382818.000
-2.024,0.272,0.084,18.429,-66.448,5.571,610382916.000
-2.022,0.281,0.089,18.510,-66.443,5.590,610383016.000
-2.020,0.275,0.087,18.417,-66.392,5.581,610383116.000
-2.020,0.270,0.087,18.401,-66.368,5.591,610383216.000
-2.018,0.273,0.094,18.465,-66.355,5.591,610383317.000
-2.022,0.273,0.084,18.437,-66.315,5.591,610383416.000
-2.018,0.273,0.087,18.424,-66.284,5.564,610383516.000
-2.016,0.275,0.084,18.418,-66.305,5.582,610383616.000
-2.018,0.271,0.082,18.368,-66.228,5.582,610383717.000
-2.014,0.271,0.084,18.368,-66.221,5.583,610383817.000
-2.020,0.269,0.087,18.373,-66.174,5.592,610383917.000
-2.016,0.275,0.079,18.419,-66.176,5.583,610384017.000
-2.012,0.274,0.089,18.390,-66.168,5.556,610384117.000
-2.014,0.276,0.089,18.398,-66.107,5.547,610384217.000
-2.010,0.271,0.087,18.369,-66.117,5.585,610384316.000
-2.012,0.272,0.089,18.348,-66.072,5.575,610384416.000
-2.012,0.272,0.082,18.349,-66.072,5.575,610384517.000
-2.012,0.272,0.094,18.362,-65.982,5.576,610384616.000
-2.010,0.276,0.084,18.385,-65.980,5.576,610384716.000
-2.006,0.271,0.079,18.314,-65.998,5.558,610384816.000
-2.010,0.270,0.084,18.327,-65.931,5.530,610384916.000
-2.008,0.272,0.087,18.335,-65.912,5.577,610385016.000
-2.006,0.271,0.079,18.301,-65.925,5.558,610385116.000
-2.004,0.277,0.084,18.352,-65.897,5.568,610385216.000
-2.006,0.270,0.084,18.300,-65.812,5.559,610385316.000
-2.004,0.272,0.092,18.308,-65.824,5.550,610385416.000
-2.002,0.273,0.079,18.289,-65.854,5.541,610385516.000
-2.002,0.270,0.074,18.301,-65.773,5.533,610385616.000
-2.000,0.272,0.087,18.281,-65.769,5.551,610385716.000
-2.000,0.272,0.082,18.268,-65.762,5.551,610385817.000
-2.004,0.269,0.092,18.251,-65.654,5.542,610385916.000
-2.000,0.272,0.082,18.281,-65.689,5.524,610386016.000
-1.998,0.268,0.084,18.258,-65.669,5.525,610386116.000
-1.996,0.269,0.089,18.280,-65.689,5.543,610386216.000
-2.000,0.269,0.077,18.266,-65.608,5.515,610386317.000
-2.000,0.269,0.087,18.252,-65.551,5.544,610386416.000
-1.996,0.269,0.084,18.266,-65.584,5.516,610386516.000
-1.994,0.273,0.084,18.262,-65.597,5.544,610386616.000
-1.994,0.270,0.089,18.233,-65.557,5.535,610386716.000
-1.996,0.266,0.087,18.237,-65.528,5.535,610386816.000
-1.992,0.269,0.082,18.212,-65.497,5.517,610386916.000
-1.996,0.269,0.082,18.211,-65.472,5.517,610387016.000
-1.990,0.267,0.082,18.204,-65.462,5.499,610387116.000
-1.990,0.270,0.077,18.234,-65.454,5.509,610387216.000
-1.988,0.266,0.082,18.184,-65.450,5.509,610387316.000
-1.990,0.268,0.087,18.177,-65.397,5.555,610387416.000
-1.988,0.269,0.087,18.199,-65.385,5.519,610387516.000
-1.990,0.270,0.087,18.220,-65.348,5.509,610387616.000
-1.988,0.274,0.082,18.243,-65.329,5.510,610387716.000
-1.990,0.272,0.080,18.235,-65.300,5.491,610387816.000
-1.990,0.270,0.085,18.220,-65.284,5.510,610387916.000
-1.988,0.271,0.085,18.200,-65.297,5.501,610388016.000
-1.984,0.269,0.077,18.158,-65.274,5.492,610388116.000
-1.986,0.267,0.085,18.164,-65.237,5.501,610388216.000
-1.986,0.270,0.082,18.165,-65.197,5.483,610388316.000
-1.982,0.270,0.080,18.180,-65.230,5.484,610388416.000
-1.984,0.269,0.082,18.145,-65.185,5.520,610388516.000
-1.984,0.266,0.087,18.101,-65.169,5.511,610388616.000
-1.986,0.267,0.080,18.123,-65.132,5.502,610388716.000
-1.982,0.270,0.082,18.138,-65.125,5.484,610388816.000
-1.982,0.270,0.080,18.152,-65.085,5.485,610388917.000
-1.980,0.266,0.092,18.101,-65.081,5.485,610389016.000
-1.980,0.266,0.085,18.129,-65.033,5.485,610389116.000
-1.985,0.266,0.085,18.074,-65.008,5.484,610389216.000
-1.983,0.270,0.085,18.124,-64.972,5.485,610389317.000
-1.978,0.267,0.090,18.109,-64.980,5.477,610389416.000
-1.980,0.268,0.082,18.117,-64.968,5.467,610389517.000
