0.040,-0.077,-0.045,1.813,1.851,0.040,609990710.000
0.040,-0.077,-0.040,1.827,1.844,0.068,609990811.000
0.038,-0.076,-0.045,1.835,1.840,0.058,609990910.000
0.042,-0.076,-0.045,1.808,1.814,0.058,609991011.000
0.040,-0.077,-0.050,1.814,1.834,0.067,609991110.000
0.038,-0.078,-0.047,1.806,1.831,0.049,609991211.000
0.042,-0.076,-0.047,1.822,1.806,0.058,609991310.000
0.042,-0.076,-0.050,1.822,1.822,0.031,609991411.000
0.038,-0.073,-0.045,1.850,1.840,0.040,609991510.000
0.040,-0.075,-0.050,1.829,1.835,0.049,609991611.000
0.040,-0.077,-0.050,1.814,1.835,0.040,609991710.000
0.040,-0.077,-0.050,1.814,1.835,0.040,609991810.000
0.040,-0.077,-0.045,1.800,1.827,0.040,609991910.000
0.042,-0.078,-0.047,1.806,1.806,0.049,609992011.000
0.038,-0.078,-0.052,1.793,1.839,0.048,609992110.000
0.035,-0.074,-0.050,1.829,1.860,0.076,609992210.000
0.040,-0.075,-0.047,1.843,1.843,0.049,609992311.000
0.040,-0.077,-0.047,1.800,1.843,0.040,609992411.000
0.035,-0.075,-0.042,1.828,1.861,0.049,609992511.000
0.040,-0.077,-0.057,1.814,1.834,0.040,609992611.000
0.036,-0.075,-0.052,1.829,1.827,0.048,609992710.000
0.038,-0.073,-0.052,1.850,1.839,0.039,609992810.000
0.038,-0.076,-0.042,1.821,1.848,0.058,609992911.000
0.040,-0.077,-0.047,1.827,1.843,0.040,609993011.000
0.040,-0.075,-0.055,1.843,1.842,0.049,609993110.000
0.033,-0.073,-0.045,1.850,1.865,0.067,609993210.000
0.038,-0.073,-0.050,1.836,1.847,0.039,609993311.000
0.035,-0.077,-0.052,1.814,1.876,0.039,609993410.000
0.040,-0.077,-0.045,1.828,1.827,0.067,609993511.000
0.042,-0.073,-0.045,1.864,1.839,0.040,609993611.000
0.038,-0.073,-0.047,1.850,1.856,0.040,609993710.000
0.040,-0.077,-0.050,1.814,1.835,0.040,609993810.000
0.042,-0.078,-0.052,1.821,1.814,0.049,609993910.000
0.042,-0.078,-0.045,1.806,1.838,0.049,609994010.000
0.036,-0.088,-0.050,1.905,1.789,0.058,609994110.000
0.042,-0.076,-0.052,1.863,1.862,0.031,609994210.000
0.036,-0.077,-0.052,1.841,1.828,0.067,609994311.000
0.037,-0.081,-0.047,1.818,1.880,0.040,609994410.000
0.040,-0.077,-0.052,1.842,1.851,0.040,609994510.000
0.033,-0.081,-0.042,1.818,1.874,0.067,609994610.000
0.038,-0.081,-0.052,1.819,1.864,0.040,609994710.000
0.040,-0.080,-0.052,1.827,1.851,0.058,609994811.000
0.042,-0.076,-0.050,1.849,1.822,0.031,609994910.000
0.037,-0.081,-0.045,1.832,1.888,0.068,609995010.000
0.038,-0.078,-0.050,1.834,1.847,0.077,609995110.000
0.040,-0.075,-0.045,1.843,1.827,0.049,609995210.000
0.040,-0.077,-0.050,1.814,1.835,0.040,609995310.000
0.038,-0.076,-0.060,1.822,1.863,0.030,609995411.000
0.038,-0.076,-0.047,1.835,1.856,0.058,609995511.000
0.040,-0.075,-0.055,1.829,1.818,0.021,609995611.000
0.040,-0.077,-0.047,1.786,1.867,0.040,609995710.000
0.040,-0.072,-0.047,1.816,1.867,0.030,609995811.000
0.038,-0.073,-0.047,1.823,1.855,0.067,609995910.000
0.038,-0.076,-0.052,1.794,1.863,0.030,609996010.000
0.042,-0.073,-0.047,1.809,1.806,0.040,609996110.000
0.040,-0.075,-0.045,1.787,1.827,0.021,609996210.000
0.035,-0.075,-0.052,1.787,1.851,0.048,609996310.000
0.038,-0.073,-0.042,1.795,1.872,0.067,609996410.000
0.035,-0.075,-0.045,1.759,1.852,0.020,609996510.000
0.035,-0.077,-0.045,1.744,1.852,0.039,609996610.000
0.038,-0.076,-0.050,1.780,1.823,0.057,609996710.000
0.040,-0.075,-0.052,1.802,1.850,0.049,609996810.000
0.040,-0.075,-0.050,1.760,1.810,0.020,609996911.000
0.042,-0.078,-0.050,1.724,1.821,0.048,609997010.000
0.038,-0.076,-0.047,1.766,1.831,0.057,609997111.000
0.035,-0.075,-0.042,1.773,1.860,0.048,609997210.000
0.040,-0.072,-0.045,1.802,1.827,0.030,609997310.000
0.042,-0.076,-0.047,1.752,1.830,0.030,609997410.000
0.038,-0.071,-0.052,1.782,1.838,0.020,609997510.000
0.042,-0.071,-0.052,1.811,1.813,0.049,609997611.000
0.040,-0.075,-0.055,1.774,1.817,0.021,609997710.000
0.040,-0.077,-0.060,1.718,1.825,0.039,609997810.000
0.038,-0.076,-0.050,1.738,1.847,0.030,609997910.000
0.033,-0.073,-0.050,1.767,1.848,0.038,609998010.000
0.040,-0.069,-0.042,1.804,1.835,0.039,609998109.000
0.038,-0.073,-0.045,1.753,1.815,0.039,609998210.000
0.040,-0.075,-0.055,1.746,1.817,0.020,609998310.000
0.038,-0.076,-0.047,1.766,1.831,0.030,609998410.000
0.038,-0.073,-0.047,1.767,1.855,0.039,609998510.000
0.038,-0.076,-0.052,1.752,1.838,0.030,609998610.000
0.038,-0.076,-0.042,1.738,1.847,0.057,609998710.000
0.038,-0.073,-0.052,1.768,1.838,0.039,609998810.000
0.038,-0.071,-0.052,1.783,1.838,0.048,609998910.000
0.042,-0.078,-0.050,1.752,1.821,0.049,609999010.000
0.038,-0.073,-0.052,1.795,1.839,0.039,609999109.000
0.042,-0.073,-0.055,1.754,1.805,0.011,609999210.000
0.035,-0.072,-0.047,1.761,1.843,0.057,609999310.000
0.035,-0.072,-0.042,1.774,1.884,0.057,609999409.000
0.040,-0.075,-0.047,1.773,1.818,0.021,609999510.000
0.036,-0.072,-0.055,1.762,1.843,0.057,609999610.000
0.040,-0.072,-0.050,1.761,1.834,0.030,609999710.000
0.038,-0.076,-0.050,1.766,1.847,0.030,609999809.000
0.040,-0.072,-0.055,1.762,1.817,0.057,609999910.000
0.040,-0.074,-0.047,1.760,1.842,0.048,610000010.000
0.038,-0.076,-0.047,1.752,1.855,0.030,610000109.000
0.035,-0.075,-0.047,1.787,1.868,0.048,610000210.000
0.038,-0.073,-0.052,1.767,1.838,0.011,610000310.000
0.038,-0.076,-0.045,1.766,1.863,0.058,610000410.000
0.042,-0.073,-0.052,1.754,1.837,0.039,610000510.000
0.038,-0.076,-0.050,1.711,1.846,0.057,610000609.000
0.040,-0.074,-0.042,1.746,1.834,0.048,610000710.000
0.038,-0.071,-0.050,1.755,1.822,0.048,610000809.000
0.040,-0.072,-0.052,1.775,1.826,0.030,610000909.000
0.040,-0.072,-0.052,1.748,1.825,0.030,610001009.000
0.038,-0.073,-0.057,1.754,1.846,0.039,610001110.000
0.042,-0.073,-0.052,1.768,1.813,0.039,610001210.000
0.040,-0.072,-0.050,1.762,1.834,0.057,610001310.000
0.042,-0.073,-0.045,1.768,1.813,0.067,610001411.000
0.038,-0.071,-0.047,1.769,1.831,0.048,610001509.000
0.038,-0.073,-0.050,1.740,1.822,0.038,610001610.000
0.038,-0.076,-0.052,1.739,1.862,0.030,610001710.000
0.040,-0.075,-0.052,1.760,1.826,0.021,610001809.000
0.040,-0.069,-0.052,1.791,1.826,0.039,610001909.000
0.038,-0.073,-0.052,1.740,1.838,0.039,610002010.000
0.038,-0.073,-0.050,1.754,1.847,0.039,610002110.000
0.038,-0.073,-0.047,1.740,1.806,0.038,610002210.000
0.040,-0.077,-0.055,1.718,1.841,0.039,610002310.000
0.042,-0.076,-0.047,1.739,1.805,0.030,610002409.000
0.042,-0.076,-0.050,1.739,1.821,0.058,610002509.000
0.040,-0.069,-0.045,1.790,1.826,0.039,610002609.000
0.038,-0.073,-0.045,1.740,1.839,0.066,610002710.000
0.038,-0.071,-0.045,1.755,1.839,0.048,610002810.000
0.035,-0.072,-0.047,1.761,1.843,0.057,610002909.000
0.035,-0.074,-0.045,1.732,1.851,0.048,610003009.000
0.038,-0.073,-0.050,1.754,1.847,0.039,610003110.000
0.040,-0.072,-0.047,1.762,1.818,0.057,610003209.000
0.038,-0.073,-0.045,1.767,1.839,0.039,610003309.000
0.042,-0.076,-0.050,1.739,1.821,0.030,610003409.000
0.038,-0.073,-0.050,1.754,1.847,0.039,610003509.000
0.038,-0.076,-0.042,1.724,1.823,0.029,610003610.000
0.038,-0.076,-0.045,1.738,1.815,0.057,610003709.000
0.042,-0.076,-0.045,1.738,1.838,0.030,610003809.000
0.035,-0.072,-0.042,1.761,1.860,0.057,610003910.000
0.040,-0.077,-0.050,1.717,1.809,0.039,610004009.000
0.038,-0.071,-0.050,1.782,1.822,0.020,610004110.000
0.038,-0.076,-0.047,1.738,1.831,0.057,610004209.000
0.035,-0.069,-0.042,1.775,1.860,0.039,610004309.000
0.038,-0.073,-0.047,1.767,1.855,0.011,610004409.000
0.040,-0.067,-0.047,1.806,1.842,0.048,610004509.000
0.040,-0.072,-0.047,1.802,1.843,0.030,610004610.000
0.038,-0.073,-0.047,1.740,1.855,0.039,610004709.000
0.042,-0.078,-0.055,1.711,1.828,0.048,610004809.000
0.040,-0.072,-0.052,1.776,1.826,0.057,610004909.000
0.040,-0.072,-0.042,1.747,1.810,0.057,610005010.000
0.040,-0.074,-0.047,1.746,1.818,0.048,610005109.000
0.040,-0.072,-0.052,1.761,1.801,0.029,610005209.000
0.038,-0.071,-0.057,1.783,1.822,0.048,610005310.000
0.038,-0.071,-0.045,1.782,1.839,0.048,610005409.000
0.040,-0.074,-0.047,1.719,1.818,0.048,610005510.000
0.042,-0.071,-0.045,1.769,1.789,0.048,610005609.000
0.038,-0.071,-0.047,1.755,1.855,0.048,610005711.000
0.038,-0.071,-0.052,1.755,1.838,0.020,610005811.000
0.040,-0.074,-0.050,1.747,1.834,0.076,610005911.000
0.042,-0.073,-0.050,1.754,1.821,0.039,610006011.000
0.042,-0.071,-0.047,1.742,1.805,0.048,610006110.000
0.038,-0.076,-0.052,1.711,1.814,0.029,610006210.000
0.035,-0.074,-0.050,1.718,1.859,0.048,610006311.000
0.044,-0.069,-0.050,1.791,1.833,0.040,610006411.000
0.035,-0.075,-0.050,1.745,1.859,0.020,610006511.000
0.040,-0.072,-0.047,1.748,1.842,0.057,610006611.000
0.038,-0.068,-0.042,1.811,1.848,0.030,610006710.000
0.040,-0.074,-0.045,1.760,1.826,0.048,610006811.000
0.040,-0.069,-0.050,1.763,1.809,0.039,610006910.000
0.038,-0.071,-0.042,1.769,1.847,0.076,610007011.000
0.038,-0.073,-0.042,1.739,1.823,0.038,610007110.000
0.040,-0.072,-0.042,1.761,1.786,0.029,610007211.000
0.038,-0.076,-0.055,1.725,1.854,0.029,610007310.000
0.042,-0.073,-0.045,1.781,1.838,0.040,610007410.000
0.040,-0.074,-0.050,1.746,1.834,0.048,610007511.000
0.040,-0.077,-0.050,1.731,1.834,0.039,610007611.000
0.042,-0.073,-0.052,1.754,1.837,0.039,610007710.000
0.035,-0.072,-0.047,1.761,1.843,0.057,610007810.000
0.038,-0.073,-0.050,1.726,1.846,0.038,610007910.000
0.040,-0.075,-0.052,1.760,1.826,0.021,610008010.000
0.040,-0.077,-0.050,1.732,1.834,0.067,610008110.000
0.035,-0.072,-0.045,1.747,1.851,0.057,610008210.000
0.040,-0.074,-0.047,1.746,1.818,0.048,610008310.000
0.040,-0.075,-0.050,1.732,1.809,0.020,610008410.000
0.036,-0.072,-0.052,1.789,1.827,0.057,610008510.000
0.040,-0.072,-0.052,1.748,1.825,0.030,610008611.000
0.033,-0.073,-0.047,1.753,1.856,0.038,610008711.000
0.038,-0.073,-0.047,1.754,1.830,0.066,610008810.000
0.040,-0.074,-0.050,1.733,1.809,0.076,610008910.000
0.033,-0.071,-0.050,1.741,1.872,0.047,610009010.000
0.040,-0.072,-0.050,1.775,1.810,0.030,610009110.000
0.040,-0.069,-0.047,1.790,1.842,0.039,610009211.000
0.038,-0.073,-0.040,1.726,1.831,0.066,610009311.000
0.036,-0.074,-0.050,1.732,1.835,0.047,610009411.000
0.038,-0.073,-0.045,1.767,1.839,0.039,610009511.000
0.038,-0.076,-0.042,1.724,1.823,0.057,610009610.000
0.042,-0.076,-0.047,1.753,1.829,0.058,610009711.000
0.038,-0.073,-0.045,1.739,1.839,0.039,610009811.000
0.038,-0.071,-0.045,1.782,1.839,0.048,610009910.000
0.038,-0.076,-0.045,1.752,1.839,0.057,610010011.000
0.040,-0.072,-0.055,1.762,1.817,0.030,610010110.000
0.033,-0.071,-0.042,1.754,1.848,0.047,610010210.000
0.038,-0.073,-0.052,1.712,1.838,0.038,610010311.000
0.035,-0.069,-0.047,1.762,1.867,0.038,610010410.000
0.040,-0.072,-0.047,1.720,1.842,0.029,610010511.000
0.040,-0.080,-0.047,1.716,1.818,0.030,610010610.000
0.040,-0.074,-0.047,1.719,1.818,0.048,610010711.000
0.040,-0.072,-0.042,1.734,1.834,0.057,610010811.000
0.040,-0.072,-0.047,1.762,1.818,0.057,610010911.000
0.038,-0.068,-0.042,1.770,1.871,0.085,610011011.000
0.042,-0.071,-0.052,1.755,1.813,0.020,610011111.000
0.040,-0.072,-0.047,1.762,1.818,0.057,610011211.000
0.031,-0.072,-0.032,1.731,1.821,0.028,610011311.000
0.040,-0.072,-0.050,1.748,1.809,0.057,610011410.000
0.046,-0.076,-0.040,1.725,1.756,0.030,610011510.000
0.040,-0.072,-0.035,1.788,1.787,0.057,610011610.000
0.038,-0.068,-0.042,1.797,1.823,0.057,610011710.000
0.040,-0.077,-0.050,1.745,1.810,0.039,610011811.000
0.040,-0.072,-0.052,1.776,1.777,0.057,610011911.000
0.038,-0.076,-0.052,1.739,1.765,0.057,610012010.000
0.040,-0.074,-0.050,1.760,1.713,0.047,610012110.000
0.036,-0.074,-0.050,1.760,1.738,0.047,610012210.000
0.040,-0.072,-0.040,1.788,1.722,0.057,610012310.000
0.038,-0.073,-0.047,1.754,1.685,0.065,610012410.000
0.038,-0.070,-0.047,1.783,1.661,0.074,610012510.000
0.030,-0.073,-0.047,1.780,1.639,0.064,610012610.000
0.034,-0.073,-0.045,1.780,1.598,0.064,610012710.000
0.032,-0.074,-0.038,1.813,1.587,0.073,610012810.000
0.030,-0.070,-0.038,1.822,1.527,0.072,610012910.000
0.028,-0.069,-0.047,1.871,1.434,0.062,610013010.000
0.022,-0.068,-0.045,1.878,1.311,0.079,610013110.000
0.018,-0.067,-0.043,1.932,1.176,0.105,610013210.000
0.012,-0.069,-0.043,1.951,0.972,0.085,610013311.000
0.009,-0.066,-0.038,2.034,0.651,0.119,610013410.000
-0.001,-0.064,-0.040,2.068,0.294,0.133,610013510.000
-0.019,-0.060,-0.040,2.226,-0.124,0.128,610013610.000
-0.029,-0.061,-0.051,2.286,-0.651,0.160,610013711.000
-0.048,-0.050,-0.043,2.495,-1.321,0.190,610013811.000
-0.060,-0.053,-0.041,2.532,-1.745,0.176,610013911.000
-0.076,-0.047,-0.036,2.753,-2.450,0.215,610014011.000
-0.100,-0.044,-0.036,2.930,-3.120,0.245,610014111.000
-0.119,-0.041,-0.029,3.065,-3.839,0.274,610014210.000
-0.132,-0.034,-0.027,3.239,-4.541,0.304,610014310.000
-0.152,-0.033,-0.024,3.373,-5.253,0.324,610014410.000
-0.180,-0.030,-0.025,3.563,-5.970,0.353,610014511.000
-0.202,-0.029,-0.027,3.746,-6.758,0.363,610014611.000
-0.221,-0.020,-0.025,3.941,-7.591,0.437,610014710.000
-0.245,-0.012,-0.023,4.161,-8.350,0.429,610014810.000
-0.266,-0.010,-0.023,4.330,-9.227,0.439,610014910.000
-0.285,-0.007,-0.021,4.494,-10.011,0.495,610015010.000
-0.313,-0.004,-0.018,4.711,-10.938,0.522,610015110.000
-0.339,0.003,-0.026,4.911,-11.791,0.550,610015211.000
-0.358,0.006,-0.019,5.115,-12.631,0.578,610015310.000
-0.386,0.015,-0.009,5.294,-13.534,0.651,610015410.000
-0.411,0.019,-0.009,5.560,-14.384,0.642,610015511.000
-0.432,0.026,-0.010,5.719,-15.334,0.725,610015611.000
-0.460,0.029,-0.007,5.923,-16.189,0.752,610015710.000
-0.483,0.038,-0.005,6.130,-17.166,0.797,610015810.000
-0.511,0.038,-0.000,6.318,-18.036,0.815,610015911.000
-0.536,0.048,0.002,6.573,-18.976,0.852,610016010.000
-0.558,0.050,-0.006,6.771,-19.902,0.889,610016110.000
-0.581,0.058,0.009,6.977,-20.668,0.936,610016211.000
-0.611,0.060,0.006,7.215,-21.599,0.999,610016311.000
-0.634,0.069,0.011,7.435,-22.519,1.017,610016410.000
-0.662,0.077,-0.007,7.671,-23.488,1.090,610016510.000
-0.687,0.079,0.015,7.880,-24.410,1.126,610016610.000
-0.719,0.085,0.012,8.043,-25.353,1.189,610016711.000
-0.738,0.086,0.015,8.274,-26.283,1.236,610016810.000
-0.768,0.093,0.022,8.486,-27.229,1.290,610016911.000
-0.793,0.095,0.019,8.683,-28.161,1.326,610017011.000
-0.823,0.107,0.014,8.954,-29.077,1.399,610017111.000
-0.849,0.109,0.016,9.192,-30.016,1.408,610017210.000
-0.881,0.115,0.023,9.355,-30.926,1.498,610017310.000
-0.902,0.119,0.028,9.553,-31.907,1.544,610017411.000
-0.929,0.125,0.025,9.786,-32.851,1.607,610017510.000
-0.961,0.126,0.029,10.016,-33.817,1.652,610017610.000
-0.984,0.137,0.032,10.252,-34.770,1.707,610017710.000
-1.012,0.143,0.034,10.457,-35.697,1.770,610017810.000
-1.039,0.151,0.036,10.677,-36.722,1.815,610017911.000
-1.067,0.152,0.041,10.948,-37.591,1.861,610018010.000
-1.095,0.158,0.043,11.126,-38.519,1.952,610018110.000
-1.124,0.165,0.045,11.352,-39.458,1.979,610018211.000
-1.152,0.168,0.047,11.529,-40.410,2.060,610018310.000
-1.171,0.171,0.047,11.775,-41.420,2.060,610018410.000
-1.207,0.175,0.044,11.964,-42.313,2.141,610018510.000
-1.230,0.180,0.049,12.239,-43.257,2.178,610018610.000
-1.262,0.189,0.048,12.432,-44.240,2.278,610018711.000
-1.289,0.192,0.053,12.690,-45.207,2.305,610018810.000
-1.317,0.201,0.053,12.897,-46.143,2.405,610018910.000
-1.347,0.205,0.065,13.135,-47.097,2.450,610019010.000
-1.374,0.214,0.055,13.370,-48.065,2.467,610019110.000
-1.406,0.215,0.056,13.517,-49.016,2.594,610019211.000
-1.429,0.223,0.064,13.834,-49.976,2.613,610019310.000
-1.463,0.228,0.058,14.045,-50.987,2.684,610019411.000
-1.489,0.232,0.070,14.284,-51.869,2.758,610019511.000
-1.516,0.235,0.063,14.448,-52.781,2.840,610019611.000
-1.546,0.245,0.072,14.744,-53.719,2.903,610019711.000
-1.573,0.246,0.069,14.933,-54.687,2.948,610019811.000
-1.597,0.254,0.074,15.168,-55.632,3.022,610019911.000
-1.631,0.259,0.076,15.406,-56.642,3.093,610020010.000
-1.664,0.261,0.078,15.629,-57.652,3.183,610020111.000
-1.692,0.264,0.083,15.846,-58.546,3.211,610020211.000
-1.722,0.274,0.087,16.060,-59.550,3.301,610020310.000
-1.745,0.277,0.082,16.279,-60.455,3.356,610020410.000
-1.779,0.285,0.084,16.519,-61.441,3.437,610020510.000
-1.802,0.288,0.084,16.723,-62.353,3.464,610020611.000
-1.832,0.295,0.089,16.950,-63.259,3.546,610020711.000
-1.860,0.301,0.098,17.168,-64.162,3.610,610020810.000
-1.889,0.303,0.088,17.365,-65.118,3.673,610020910.000
-1.917,0.311,0.100,17.640,-66.108,3.719,610021011.000
-1.949,0.317,0.097,17.832,-67.003,3.809,610021111.000
-1.974,0.319,0.097,18.042,-68.024,3.845,610021210.000
-2.010,0.325,0.096,18.247,-68.981,3.935,610021310.000
-2.039,0.330,0.106,18.498,-70.089,3.979,610021410.000
-2.069,0.337,0.105,18.725,-71.060,4.060,610021511.000
-2.103,0.342,0.108,18.977,-72.046,4.132,610021610.000
-2.133,0.349,0.105,19.177,-72.953,4.214,610021710.000
-2.162,0.353,0.114,19.373,-73.916,4.258,610021811.000
-2.190,0.359,0.109,19.593,-74.916,4.321,610021910.000
-2.224,0.369,0.124,19.833,-75.909,4.356,610022011.000
-2.247,0.365,0.123,19.992,-76.822,4.439,610022110.000
-2.277,0.372,0.113,20.206,-77.754,4.493,610022210.000
-2.304,0.380,0.130,20.466,-78.704,4.566,610022311.000
-2.340,0.386,0.127,20.630,-79.622,4.656,610022411.000
-2.362,0.393,0.124,20.885,-80.531,4.684,610022511.000
-2.395,0.398,0.129,21.054,-81.533,4.755,610022611.000
-2.421,0.402,0.131,21.307,-82.375,4.774,610022711.000
-2.455,0.412,0.133,21.493,-83.338,4.863,610022811.000
-2.474,0.415,0.135,21.711,-84.267,4.891,610022910.000
-2.512,0.420,0.142,21.867,-85.188,4.990,610023011.000
-2.536,0.420,0.140,22.042,-86.060,4.981,610023111.000
-2.566,0.430,0.137,22.256,-86.967,5.072,610023211.000
-2.589,0.436,0.154,22.447,-87.846,5.109,610023312.000
-2.621,0.439,0.146,22.624,-88.709,5.190,610023412.000
-2.642,0.444,0.156,22.821,-89.625,5.209,610023511.000
-2.674,0.444,0.155,22.968,-90.511,5.254,610023612.000
-2.704,0.457,0.165,23.211,-91.522,5.326,610023712.000
-2.730,0.464,0.164,23.396,-92.350,5.381,610023812.000
-2.752,0.463,0.164,23.510,-92.863,5.411,610023912.000
-2.760,0.468,0.157,23.554,-93.128,5.454,610024011.000
-2.760,0.468,0.159,23.608,-93.192,5.426,610024110.000
-2.752,0.466,0.154,23.512,-92.921,5.447,610024211.000
-2.742,0.464,0.154,23.409,-92.525,5.405,610024312.000
-2.732,0.462,0.152,23.320,-92.137,5.363,610024411.000
-2.720,0.462,0.160,23.266,-91.776,5.340,610024510.000
-2.715,0.458,0.152,23.176,-91.452,5.315,610024610.000
-2.705,0.456,0.160,23.114,-91.176,5.300,610024712.000
-2.697,0.459,0.155,23.076,-90.905,5.312,610024810.000
-2.687,0.455,0.157,22.986,-90.621,5.287,610024911.000
-2.679,0.449,0.160,22.943,-90.373,5.272,610025010.000
-2.675,0.452,0.158,22.890,-90.165,5.255,610025110.000
-2.665,0.450,0.153,22.843,-89.930,5.240,610025211.000
-2.657,0.448,0.145,22.760,-89.764,5.205,610025312.000
-2.653,0.447,0.153,22.746,-89.522,5.180,610025410.000
-2.645,0.447,0.156,22.706,-89.323,5.210,610025510.000
-2.646,0.447,0.153,22.651,-89.113,5.211,610025610.000
-2.633,0.450,0.156,22.613,-88.963,5.195,610025710.000
-2.627,0.446,0.153,22.563,-88.792,5.170,610025811.000
-2.626,0.442,0.151,22.500,-88.571,5.144,610025910.000
-2.618,0.442,0.151,22.445,-88.428,5.118,610026010.000
-2.612,0.440,0.148,22.425,-88.281,5.129,610026110.000
-2.612,0.443,0.144,22.413,-88.104,5.112,610026210.000
-2.608,0.440,0.153,22.371,-87.902,5.132,610026311.000
-2.598,0.439,0.149,22.324,-87.813,5.116,610026410.000
-2.594,0.444,0.144,22.341,-87.685,5.080,610026510.000
-2.597,0.437,0.151,22.261,-87.454,5.100,610026610.000
-2.586,0.436,0.151,22.227,-87.373,5.084,610026710.000
-2.582,0.436,0.156,22.200,-87.236,5.085,610026811.000
-2.578,0.435,0.146,22.146,-87.101,5.059,610026911.000
-2.579,0.430,0.146,22.102,-86.932,5.041,610027011.000
-2.570,0.433,0.144,22.091,-86.821,5.025,610027111.000
-2.566,0.433,0.147,22.050,-86.693,5.026,610027211.000
-2.565,0.431,0.142,22.002,-86.554,5.036,610027310.000
-2.561,0.431,0.144,21.961,-86.426,5.010,610027411.000
-2.554,0.430,0.147,21.954,-86.334,5.021,610027511.000
-2.553,0.428,0.144,21.933,-86.210,5.004,610027611.000
-2.546,0.427,0.147,21.884,-86.095,4.987,610027711.000
-2.545,0.431,0.147,21.894,-85.986,4.988,610027811.000
-2.543,0.429,0.147,21.914,-85.853,4.971,610027910.000
-2.541,0.425,0.147,21.850,-85.745,4.972,610028010.000
-2.537,0.425,0.144,21.782,-85.682,4.972,610028110.000
-2.533,0.425,0.140,21.783,-85.530,4.946,610028211.000
-2.529,0.425,0.144,21.756,-85.443,4.948,610028311.000
-2.525,0.425,0.142,21.770,-85.331,4.949,610028410.000
-2.525,0.420,0.145,21.685,-85.202,4.931,610028510.000
-2.521,0.427,0.145,21.717,-85.106,4.933,610028611.000
-2.517,0.422,0.145,21.659,-85.035,4.915,610028710.000
-2.515,0.426,0.145,21.655,-84.951,4.916,610028811.000
-2.509,0.427,0.142,21.664,-84.827,4.908,610028910.000
-2.512,0.418,0.145,21.569,-84.710,4.918,610029010.000
-2.507,0.418,0.137,21.528,-84.615,4.891,610029110.000
-2.501,0.425,0.145,21.594,-84.555,4.902,610029210.000
-2.504,0.415,0.147,21.499,-84.438,4.884,610029311.000
-2.495,0.423,0.142,21.546,-84.360,4.886,610029411.000
-2.496,0.418,0.145,21.474,-84.255,4.868,610029511.000
-2.491,0.415,0.140,21.446,-84.176,4.860,610029610.000
-2.496,0.415,0.142,21.432,-84.093,4.860,610029710.000
-2.488,0.418,0.140,21.421,-83.983,4.843,610029810.000
-2.483,0.415,0.143,21.392,-83.952,4.835,610029910.000
-2.482,0.414,0.140,21.344,-83.828,4.845,610030010.000
-2.480,0.415,0.143,21.352,-83.759,4.837,610030111.000
-2.478,0.419,0.150,21.388,-83.650,4.838,610030210.000
-2.474,0.416,0.143,21.319,-83.580,4.829,610030311.000
-2.474,0.416,0.145,21.291,-83.499,4.830,610030411.000
-2.470,0.413,0.143,21.291,-83.436,4.849,610030511.000
-2.466,0.413,0.140,21.277,-83.372,4.795,610030611.000
-2.468,0.417,0.140,21.259,-83.239,4.823,610030710.000
-2.462,0.413,0.140,21.251,-83.204,4.824,610030811.000
-2.462,0.413,0.135,21.223,-83.124,4.797,610030910.000
-2.458,0.413,0.143,21.181,-83.028,4.771,610031011.000
-2.458,0.410,0.140,21.181,-82.939,4.790,610031111.000
-2.456,0.412,0.145,21.160,-82.887,4.781,610031210.000
-2.452,0.412,0.138,21.134,-82.816,4.782,610031311.000
-2.450,0.410,0.141,21.126,-82.748,4.765,610031410.000
-2.448,0.409,0.143,21.133,-82.655,4.775,610031511.000
-2.444,0.411,0.138,21.094,-82.601,4.757,610031611.000
-2.444,0.411,0.138,21.108,-82.528,4.758,610031710.000
-2.440,0.406,0.138,21.023,-82.457,4.768,610031811.000
-2.436,0.409,0.136,21.025,-82.394,4.750,610031910.000
-2.438,0.407,0.133,21.004,-82.293,4.760,610032010.000
-2.436,0.406,0.136,20.982,-82.249,4.742,610032110.000
-2.428,0.406,0.136,20.969,-82.178,4.716,610032210.000
-2.430,0.407,0.133,20.977,-82.101,4.735,610032310.000
-2.431,0.407,0.136,20.977,-82.020,4.708,610032411.000
-2.426,0.402,0.138,20.905,-81.989,4.717,610032510.000
-2.427,0.412,0.146,20.993,-81.891,4.728,610032611.000
-2.420,0.408,0.136,20.917,-81.866,4.728,610032711.000
-2.420,0.406,0.133,20.888,-81.778,4.692,610032810.000
-2.421,0.406,0.143,20.888,-81.696,4.720,610032910.000
-2.421,0.403,0.133,20.859,-81.608,4.684,610033011.000
-2.414,0.402,0.136,20.825,-81.614,4.694,610033111.000
-2.410,0.404,0.138,20.840,-81.558,4.704,610033211.000
-2.411,0.402,0.138,20.825,-81.461,4.696,610033311.000
-2.409,0.400,0.138,20.776,-81.402,4.678,610033411.000
-2.407,0.402,0.138,20.757,-81.366,4.697,610033511.000
-2.409,0.403,0.141,20.764,-81.272,4.688,610033611.000
-2.405,0.400,0.134,20.736,-81.226,4.679,610033711.000
-2.401,0.403,0.134,20.752,-81.203,4.662,610033810.000
-2.401,0.400,0.134,20.709,-81.106,4.653,610033910.000
-2.401,0.402,0.136,20.752,-81.025,4.663,610034011.000
-2.395,0.401,0.134,20.690,-80.999,4.645,610034111.000
-2.399,0.399,0.136,20.660,-80.917,4.664,610034210.000
-2.395,0.396,0.134,20.646,-80.878,4.656,610034310.000
-2.391,0.399,0.136,20.648,-80.847,4.665,610034411.000
-2.389,0.400,0.141,20.655,-80.746,4.657,610034510.000
-2.393,0.400,0.139,20.641,-80.680,4.657,610034610.000
-2.387,0.398,0.141,20.634,-80.637,4.640,610034710.000
-2.383,0.401,0.141,20.622,-80.614,4.622,610034810.000
-2.381,0.400,0.134,20.629,-80.555,4.632,610034910.000
-2.385,0.394,0.141,20.557,-80.457,4.641,610035010.000
-2.377,0.397,0.134,20.587,-80.435,4.624,610035110.000
-2.381,0.397,0.134,20.531,-80.362,4.624,610035210.000
-2.379,0.401,0.134,20.555,-80.278,4.625,610035311.000
-2.375,0.398,0.141,20.512,-80.254,4.644,610035411.000
-2.375,0.398,0.139,20.526,-80.214,4.644,610035510.000
-2.369,0.397,0.136,20.505,-80.163,4.599,610035611.000
-2.369,0.394,0.146,20.531,-80.105,4.591,610035711.000
-2.365,0.397,0.144,20.478,-80.091,4.600,610035811.000
-2.367,0.393,0.134,20.456,-80.015,4.601,610035910.000
-2.367,0.395,0.139,20.470,-79.950,4.583,610036010.000
-2.363,0.395,0.137,20.443,-79.911,4.583,610036110.000
-2.361,0.394,0.137,20.423,-79.851,4.593,610036210.000
-2.361,0.391,0.129,20.394,-79.779,4.585,610036311.000
-2.357,0.394,0.132,20.410,-79.772,4.594,610036411.000
-2.359,0.395,0.139,20.403,-79.686,4.585,610036510.000
-2.360,0.395,0.129,20.403,-79.622,4.558,610036610.000
-2.353,0.389,0.132,20.311,-79.580,4.605,610036710.000
-2.351,0.398,0.137,20.350,-79.552,4.569,610036811.000
-2.351,0.390,0.127,20.333,-79.488,4.569,610036910.000
-2.352,0.390,0.139,20.318,-79.447,4.570,610037010.000
-2.352,0.395,0.129,20.322,-79.383,4.561,610037110.000
-2.348,0.390,0.132,20.292,-79.327,4.543,610037210.000
-2.348,0.392,0.132,20.307,-79.279,4.553,610037311.000
-2.343,0.397,0.142,20.351,-79.247,4.545,610037410.000
-2.341,0.393,0.129,20.288,-79.204,4.545,610037511.000
-2.344,0.392,0.139,20.266,-79.134,4.554,610037610.000
-2.340,0.392,0.142,20.266,-79.079,4.528,610037711.000
-2.338,0.388,0.137,20.244,-79.060,4.556,610037811.000
-2.338,0.388,0.129,20.231,-79.036,4.528,610037910.000
-2.336,0.392,0.127,20.240,-78.960,4.501,610038011.000
-2.338,0.388,0.129,20.203,-78.891,4.529,610038111.000
-2.332,0.392,0.134,20.185,-78.889,4.530,610038211.000
-2.334,0.391,0.139,20.177,-78.811,4.512,610038310.000
-2.334,0.390,0.129,20.191,-78.771,4.512,610038410.000
-2.330,0.388,0.134,20.163,-78.707,4.532,610038511.000
-2.332,0.387,0.132,20.155,-78.679,4.513,610038611.000
-2.330,0.388,0.132,20.149,-78.619,4.505,610038711.000
-2.326,0.390,0.130,20.137,-78.628,4.514,610038811.000
-2.328,0.389,0.130,20.143,-78.543,4.496,610038910.000
-2.320,0.389,0.130,20.117,-78.545,4.497,610039010.000
-2.324,0.386,0.132,20.087,-78.463,4.488,610039110.000
-2.320,0.386,0.132,20.074,-78.416,4.489,610039211.000
-2.324,0.389,0.139,20.074,-78.366,4.498,610039311.000
-2.320,0.389,0.135,20.075,-78.311,4.471,610039411.000
-2.318,0.382,0.132,20.052,-78.283,4.490,610039510.000
-2.314,0.385,0.132,20.039,-78.261,4.472,610039611.000
-2.310,0.385,0.132,20.040,-78.238,4.473,610039711.000
-2.314,0.382,0.132,20.024,-78.164,4.464,610039811.000
-2.308,0.386,0.137,20.020,-78.137,4.492,610039910.000
-2.310,0.387,0.132,20.028,-78.092,4.483,610040010.000
-2.310,0.385,0.135,19.999,-78.036,4.474,610040111.000
-2.306,0.387,0.135,20.014,-78.013,4.457,610040211.000
-2.306,0.387,0.132,20.001,-77.972,4.457,610040310.000
-2.304,0.383,0.127,19.965,-77.929,4.457,610040411.000
-2.304,0.386,0.132,19.952,-77.864,4.467,610040510.000
-2.302,0.385,0.130,19.931,-77.837,4.449,610040611.000
-2.302,0.385,0.130,19.945,-77.764,4.449,610040712.000
-2.300,0.383,0.132,19.938,-77.744,4.459,610040811.000
-2.298,0.385,0.132,19.904,-77.733,4.450,610040911.000
-2.300,0.388,0.132,19.927,-77.672,4.450,610041011.000
-2.298,0.379,0.135,19.873,-77.652,4.432,610041111.000
-2.294,0.382,0.135,19.876,-77.605,4.470,610041212.000
-2.296,0.383,0.127,19.856,-77.545,4.433,610041311.000
-2.294,0.379,0.125,19.847,-77.517,4.434,610041411.000
-2.292,0.383,0.127,19.870,-77.497,4.434,610041512.000
-2.290,0.379,0.132,19.820,-77.445,4.435,610041611.000
-2.290,0.382,0.135,19.848,-77.388,4.417,610041711.000
-2.286,0.382,0.132,19.835,-77.373,4.417,610041811.000
-2.288,0.380,0.135,19.814,-77.304,4.427,610041912.000
-2.286,0.382,0.128,19.822,-77.269,4.418,610042012.000
-2.289,0.378,0.135,19.799,-77.207,4.418,610042112.000
-2.284,0.380,0.130,19.787,-77.201,4.428,610042211.000
-2.287,0.379,0.128,19.766,-77.148,4.409,610042312.000
-2.283,0.379,0.128,19.752,-77.101,4.410,610042412.000
-2.278,0.379,0.130,19.753,-77.094,4.411,610042512.000
-2.281,0.380,0.133,19.760,-77.049,4.402,610042612.000
-2.281,0.380,0.140,19.759,-76.999,4.402,610042712.000
-2.274,0.379,0.135,19.726,-77.006,4.412,610042812.000
-2.279,0.376,0.130,19.724,-76.924,4.375,610042912.000
-2.279,0.381,0.133,19.726,-76.892,4.394,610043012.000
-2.272,0.383,0.135,19.748,-76.873,4.386,610043112.000
-2.273,0.380,0.133,19.719,-76.833,4.377,610043212.000
-2.275,0.379,0.130,19.712,-76.756,4.414,610043311.000
-2.273,0.375,0.128,19.648,-76.729,4.387,610043411.000
-2.271,0.379,0.128,19.685,-76.717,4.387,610043512.000
-2.267,0.379,0.128,19.672,-76.670,4.360,610043612.000
-2.264,0.375,0.133,19.663,-76.690,4.388,610043712.000
-2.267,0.381,0.128,19.701,-76.597,4.370,610043812.000
-2.267,0.384,0.133,19.702,-76.556,4.352,610043911.000
-2.260,0.375,0.133,19.636,-76.570,4.362,610044011.000
-2.265,0.375,0.128,19.622,-76.489,4.362,610044112.000
-2.265,0.382,0.130,19.626,-76.433,4.362,610044211.000
-2.265,0.374,0.123,19.594,-76.409,4.334,610044312.000
-2.261,0.374,0.125,19.595,-76.402,4.335,610044411.000
-2.261,0.377,0.123,19.610,-76.337,4.345,610044512.000
-2.261,0.375,0.130,19.581,-76.313,4.363,610044612.000
-2.261,0.372,0.125,19.538,-76.281,4.327,610044711.000
-2.261,0.372,0.133,19.552,-76.207,4.355,610044812.000
-2.255,0.376,0.125,19.562,-76.222,4.356,610044912.000
-2.253,0.374,0.125,19.541,-76.211,4.337,610045011.000
-2.255,0.373,0.125,19.533,-76.149,4.347,610045111.000
-2.251,0.376,0.126,19.549,-76.126,4.329,610045211.000
-2.249,0.374,0.128,19.514,-76.107,4.339,610045311.000
-2.247,0.376,0.128,19.536,-76.047,4.330,610045411.000
-2.251,0.373,0.138,19.533,-76.012,4.321,610045511.000
-2.247,0.368,0.130,19.462,-76.014,4.330,610045612.000
-2.247,0.373,0.130,19.479,-75.942,4.349,610045711.000
-2.249,0.374,0.130,19.473,-75.905,4.340,610045812.000
-2.245,0.377,0.123,19.516,-75.882,4.295,610045912.000
-2.245,0.374,0.130,19.473,-75.833,4.341,610046011.000
-2.241,0.377,0.131,19.475,-75.835,4.323,610046111.000
-2.243,0.373,0.128,19.438,-75.782,4.323,610046211.000
-2.243,0.375,0.126,19.453,-75.766,4.305,610046311.000
-2.239,0.370,0.123,19.410,-75.751,4.315,610046411.000
-2.239,0.375,0.126,19.440,-75.719,4.306,610046512.000
-2.237,0.377,0.128,19.435,-75.675,4.325,610046611.000
-2.235,0.373,0.121,19.398,-75.664,4.297,610046712.000
-2.235,0.370,0.131,19.383,-75.582,4.289,610046812.000
-2.235,0.373,0.131,19.398,-75.582,4.298,610046911.000
-2.233,0.371,0.131,19.405,-75.522,4.308,610047011.000
-2.233,0.374,0.128,19.406,-75.482,4.290,610047112.000
-2.231,0.367,0.126,19.355,-75.455,4.309,610047211.000
-2.229,0.371,0.131,19.350,-75.451,4.309,610047312.000
-2.229,0.371,0.131,19.363,-75.427,4.282,610047412.000
-2.231,0.372,0.131,19.357,-75.341,4.273,610047511.000
-2.229,0.371,0.123,19.337,-75.331,4.282,610047611.000
-2.227,0.370,0.123,19.316,-75.319,4.291,610047711.000
-2.229,0.366,0.123,19.265,-75.258,4.291,610047811.000
-2.230,0.368,0.133,19.321,-75.249,4.274,610047912.000
-2.225,0.371,0.126,19.296,-75.203,4.283,610048012.000
-2.223,0.370,0.123,19.330,-75.175,4.266,610048111.000
-2.225,0.374,0.126,19.297,-75.179,4.265,610048210.000
-2.226,0.368,0.123,19.294,-75.114,4.275,610048312.000
-2.221,0.366,0.131,19.293,-75.114,4.294,610048411.000
-2.219,0.367,0.128,19.273,-75.063,4.258,610048512.000
-2.221,0.368,0.128,19.253,-75.050,4.276,610048612.000
-2.215,0.370,0.128,19.262,-75.040,4.267,610048711.000
-2.222,0.371,0.128,19.282,-74.977,4.258,610048811.000
-2.220,0.365,0.126,19.204,-74.950,4.277,610048912.000
-2.220,0.370,0.126,19.234,-74.902,4.268,610049012.000
-2.213,0.368,0.128,19.227,-74.907,4.250,610049112.000
-2.213,0.371,0.124,19.242,-74.876,4.232,610049212.000
-2.216,0.370,0.131,19.220,-74.838,4.269,610049311.000
-2.211,0.362,0.128,19.175,-74.799,4.242,610049411.000
-2.214,0.368,0.124,19.199,-74.779,4.223,610049512.000
-2.209,0.368,0.126,19.173,-74.772,4.251,610049612.000
-2.209,0.368,0.129,19.200,-74.739,4.224,610049711.000
-2.212,0.369,0.128,19.180,-74.678,4.243,610049810.000
-2.210,0.366,0.131,19.171,-74.683,4.243,610049910.000
-2.205,0.366,0.126,19.158,-74.652,4.244,610050010.000
-2.208,0.364,0.123,19.123,-74.624,4.253,610050112.000
-2.208,0.367,0.123,19.138,-74.575,4.235,610050211.000
-2.205,0.368,0.121,19.145,-74.572,4.198,610050311.000
-2.206,0.363,0.126,19.115,-74.507,4.235,610050410.000
-2.201,0.365,0.121,19.145,-74.524,4.218,610050511.000
-2.202,0.368,0.124,19.132,-74.444,4.227,610050611.000
-2.199,0.369,0.126,19.126,-74.448,4.218,610050710.000
-2.200,0.369,0.126,19.126,-74.400,4.219,610050810.000
-2.200,0.361,0.124,19.081,-74.384,4.219,610050911.000
-2.204,0.367,0.126,19.083,-74.326,4.237,610051011.000
-2.198,0.365,0.121,19.077,-74.332,4.219,610051111.000
-2.200,0.366,0.129,19.111,-74.270,4.210,610051211.000
-2.196,0.364,0.121,19.083,-74.272,4.202,610051311.000
-2.198,0.365,0.121,19.077,-74.235,4.220,610051411.000
-2.196,0.364,0.126,19.055,-74.207,4.202,610051511.000
-2.198,0.368,0.126,19.091,-74.170,4.202,610051611.000
-2.196,0.366,0.124,19.071,-74.143,4.212,610051711.000
-2.194,0.365,0.126,19.035,-74.123,4.193,610051810.000
-2.192,0.366,0.121,19.085,-74.079,4.185,610051910.000
-2.196,0.364,0.114,19.042,-74.055,4.175,610052010.000
-2.190,0.365,0.126,19.036,-74.100,4.222,610052111.000
-2.190,0.365,0.121,19.023,-74.044,4.195,610052211.000
-2.188,0.366,0.126,19.030,-73.992,4.186,610052310.000
-2.192,0.366,0.121,19.030,-73.934,4.186,610052410.000
-2.190,0.362,0.119,18.966,-73.956,4.186,610052511.000
-2.186,0.357,0.124,18.936,-73.916,4.168,610052611.000
-2.188,0.364,0.124,18.988,-73.879,4.205,610052710.000
-2.184,0.364,0.119,18.975,-73.849,4.206,610052811.000
-2.186,0.357,0.121,18.922,-73.828,4.169,610052910.000
-2.182,0.360,0.129,18.952,-73.828,4.206,610053010.000
-2.182,0.365,0.121,18.955,-73.829,4.169,610053110.000
-2.184,0.361,0.131,18.945,-73.759,4.170,610053210.000
-2.180,0.358,0.126,18.931,-73.752,4.189,610053310.000
-2.180,0.364,0.119,18.934,-73.705,4.180,610053410.000
-2.180,0.363,0.124,18.947,-73.664,4.152,610053511.000
-2.178,0.362,0.116,18.913,-73.677,4.162,610053610.000
-2.176,0.361,0.119,18.947,-73.681,4.144,610053710.000
-2.178,0.365,0.126,18.913,-73.620,4.144,610053810.000
-2.178,0.362,0.122,18.954,-73.587,4.135,610053911.000
-2.176,0.363,0.121,18.907,-73.552,4.181,610054010.000
-2.176,0.358,0.124,18.849,-73.568,4.162,610054111.000
-2.176,0.361,0.121,18.891,-73.504,4.145,610054211.000
-2.174,0.360,0.129,18.856,-73.516,4.182,610054311.000
-2.174,0.362,0.121,18.872,-73.468,4.164,610054411.000
-2.176,0.363,0.114,18.907,-73.456,4.127,610054510.000
-2.172,0.366,0.122,18.909,-73.408,4.137,610054611.000
-2.170,0.354,0.124,18.840,-73.388,4.137,610054711.000
-2.170,0.362,0.122,18.872,-73.348,4.137,610054810.000
-2.170,0.362,0.129,18.872,-73.347,4.138,610054911.000
-2.168,0.361,0.122,18.851,-73.337,4.147,610055010.000
-2.170,0.362,0.122,18.845,-73.300,4.138,610055111.000
-2.170,0.359,0.121,18.830,-73.251,4.156,610055210.000
-2.168,0.361,0.122,18.837,-73.264,4.120,610055310.000
-2.170,0.357,0.124,18.814,-73.219,4.120,610055411.000
-2.171,0.362,0.124,18.831,-73.146,4.139,610055510.000
-2.166,0.357,0.119,18.802,-73.188,4.148,610055611.000
-2.162,0.357,0.119,18.788,-73.190,4.121,610055711.000
-2.162,0.359,0.122,18.790,-73.133,4.131,610055810.000
-2.160,0.355,0.117,18.795,-73.114,4.131,610055911.000
-2.160,0.363,0.124,18.812,-73.113,4.103,610056010.000
-2.167,0.359,0.122,18.761,-73.059,4.103,610056111.000
-2.162,0.359,0.119,18.790,-73.020,4.131,610056211.000
-2.160,0.358,0.122,18.768,-73.025,4.113,610056310.000
-2.158,0.362,0.117,18.778,-72.981,4.114,610056411.000
-2.160,0.363,0.124,18.785,-72.968,4.104,610056511.000
-2.154,0.362,0.124,18.792,-72.982,4.114,610056610.000
-2.156,0.358,0.127,18.727,-72.912,4.114,610056710.000
-2.154,0.356,0.117,18.748,-72.910,4.069,610056810.000
-2.161,0.358,0.119,18.713,-72.864,4.086,610056910.000
-2.156,0.355,0.114,18.699,-72.857,4.105,610057011.000
-2.152,0.355,0.122,18.685,-72.858,4.106,610057110.000
-2.154,0.356,0.119,18.693,-72.829,4.124,610057210.000
-2.159,0.359,0.119,18.721,-72.779,4.106,610057310.000
-2.152,0.352,0.122,18.670,-72.761,4.098,610057411.000
-2.152,0.358,0.122,18.714,-72.736,4.089,610057511.000
-2.152,0.352,0.117,18.698,-72.729,4.098,610057611.000
-2.150,0.359,0.122,18.722,-72.701,4.108,610057710.000
-2.153,0.360,0.124,18.702,-72.656,4.098,610057811.000
-2.148,0.352,0.119,18.657,-72.649,4.099,610057910.000
-2.148,0.358,0.124,18.688,-72.633,4.118,610058010.000
-2.151,0.354,0.117,18.637,-72.621,4.089,610058111.000
-2.146,0.354,0.114,18.651,-72.606,4.063,610058212.000
-2.144,0.360,0.119,18.662,-72.602,4.100,610058312.000
-2.146,0.359,0.124,18.668,-72.549,4.109,610058412.000
-2.146,0.354,0.112,18.624,-72.542,4.063,610058512.000
-2.144,0.355,0.119,18.632,-72.505,4.082,610058611.000
-2.142,0.354,0.119,18.624,-72.518,4.091,610058711.000
-2.147,0.356,0.127,18.639,-72.443,4.101,610058812.000
-2.145,0.357,0.122,18.592,-72.425,4.091,610058911.000
-2.143,0.356,0.122,18.612,-72.389,4.074,610059011.000
-2.140,0.357,0.117,18.647,-72.418,4.065,610059111.000
-2.145,0.357,0.124,18.619,-72.343,4.092,610059211.000
-2.136,0.360,0.119,18.649,-72.387,4.075,610059312.000
-2.141,0.355,0.124,18.604,-72.320,4.084,610059411.000
-2.141,0.357,0.117,18.620,-72.321,4.065,610059511.000
-2.136,0.355,0.124,18.577,-72.298,4.084,610059611.000
-2.138,0.356,0.119,18.585,-72.301,4.075,610059711.000
-2.134,0.359,0.120,18.628,-72.278,4.057,610059812.000
-2.139,0.351,0.117,18.527,-72.237,4.084,610059911.000
-2.134,0.351,0.119,18.541,-72.206,4.058,610060012.000
-2.132,0.352,0.124,18.535,-72.226,4.076,610060111.000
-2.137,0.355,0.117,18.550,-72.153,4.058,610060212.000
-2.137,0.352,0.112,18.536,-72.121,4.076,610060312.000
-2.137,0.352,0.114,18.535,-72.137,4.048,610060411.000
-2.135,0.353,0.114,18.543,-72.101,4.067,610060512.000
-2.137,0.357,0.112,18.579,-72.097,4.040,610060612.000
-2.135,0.356,0.115,18.544,-72.077,4.049,610060712.000
-2.131,0.353,0.127,18.543,-72.061,4.041,610060812.000
-2.133,0.355,0.119,18.537,-72.025,4.059,610060911.000
-2.133,0.352,0.119,18.535,-72.000,4.050,610061011.000
-2.133,0.352,0.122,18.494,-71.944,4.078,610061112.000
-2.131,0.353,0.124,18.529,-71.972,4.069,610061212.000
-2.131,0.353,0.112,18.516,-71.966,4.041,610061312.000
-2.129,0.352,0.115,18.495,-71.922,4.023,610061412.000
-2.131,0.350,0.125,18.514,-71.875,4.033,610061512.000
-2.125,0.354,0.117,18.497,-71.890,4.061,610061612.000
-2.127,0.353,0.117,18.503,-71.853,4.043,610061711.000
-2.123,0.350,0.117,18.474,-71.855,4.034,610061812.000
-2.122,0.351,0.115,18.461,-71.863,4.034,610061911.000
-2.129,0.354,0.112,18.483,-71.760,4.034,610062012.000
-2.118,0.353,0.115,18.477,-71.792,4.044,610062112.000
-2.125,0.352,0.117,18.468,-71.769,4.025,610062212.000
-2.123,0.350,0.120,18.460,-71.749,4.007,610062311.000
-2.123,0.353,0.122,18.448,-71.717,4.044,610062411.000
-2.123,0.350,0.117,18.419,-71.710,4.035,610062511.000
-2.121,0.352,0.115,18.441,-71.682,4.026,610062612.000
-2.121,0.352,0.120,18.441,-71.665,4.026,610062711.000
-2.121,0.352,0.120,18.441,-71.617,4.027,610062811.000
-2.121,0.354,0.115,18.456,-71.633,4.008,610062911.000
-2.117,0.354,0.117,18.429,-71.627,4.008,610063011.000
-2.123,0.350,0.120,18.419,-71.531,4.008,610063112.000
-2.117,0.349,0.120,18.385,-71.570,4.018,610063212.000
-2.110,0.350,0.120,18.393,-71.560,4.010,610063311.000
-2.119,0.353,0.120,18.393,-71.485,4.018,610063412.000
-2.121,0.349,0.120,18.384,-71.496,3.990,610063511.000
-2.113,0.354,0.117,18.430,-71.507,4.010,610063611.000
-2.115,0.355,0.122,18.436,-71.429,4.001,610063711.000
-2.117,0.351,0.115,18.387,-71.417,4.028,610063812.000
-2.113,0.351,0.117,18.373,-71.434,4.001,610063912.000
-2.113,0.354,0.117,18.402,-71.410,4.011,610064011.000
-2.111,0.353,0.125,18.394,-71.373,4.020,610064112.000
-2.109,0.349,0.120,18.345,-71.355,4.021,610064211.000
-2.115,0.355,0.120,18.409,-71.316,3.974,610064311.000
-2.109,0.346,0.120,18.343,-71.330,4.012,610064412.000
-2.107,0.353,0.120,18.395,-71.318,3.994,610064512.000
-2.105,0.349,0.117,18.331,-71.291,3.994,610064611.000
-2.109,0.349,0.112,18.303,-71.283,3.966,610064711.000
-2.109,0.349,0.117,18.331,-71.217,3.994,610064811.000
-2.107,0.347,0.115,18.296,-71.215,4.003,610064912.000
-2.107,0.353,0.120,18.340,-71.173,3.994,610065011.000
-2.107,0.353,0.120,18.340,-71.173,3.994,610065112.000
-2.101,0.349,0.122,18.318,-71.179,3.995,610065212.000
-2.103,0.347,0.127,18.323,-71.174,3.977,610065311.000
-2.105,0.349,0.120,18.304,-71.114,3.995,610065411.000
-2.103,0.350,0.120,18.270,-71.102,3.986,610065512.000
-2.105,0.354,0.115,18.321,-71.058,3.986,610065612.000
-2.103,0.347,0.115,18.255,-71.071,3.977,610065711.000
-2.108,0.350,0.122,18.283,-71.020,3.986,610065811.000
-2.101,0.349,0.122,18.276,-71.010,3.969,610065911.000
-2.101,0.341,0.115,18.218,-70.986,3.969,610066012.000
-2.099,0.347,0.117,18.242,-70.991,3.978,610066111.000
-2.097,0.351,0.113,18.293,-70.971,3.951,610066212.000
-2.099,0.347,0.117,18.242,-70.942,3.979,610066311.000
-2.097,0.351,0.112,18.279,-70.947,3.979,610066411.000
-2.099,0.347,0.125,18.255,-70.869,3.979,610066512.000
-2.093,0.349,0.120,18.250,-70.899,3.971,610066611.000
-2.097,0.348,0.113,18.250,-70.875,3.942,610066711.000
-2.097,0.348,0.122,18.208,-70.818,3.970,610066812.000
-2.091,0.350,0.120,18.258,-70.864,3.962,610066912.000
-2.093,0.348,0.117,18.251,-70.835,3.971,610067011.000
-2.095,0.347,0.115,18.229,-70.782,3.953,610067112.000
-2.097,0.351,0.120,18.223,-70.753,3.952,610067212.000
-2.093,0.346,0.122,18.194,-70.746,3.962,610067312.000
-2.089,0.348,0.120,18.237,-70.755,3.972,610067411.000
-2.096,0.350,0.122,18.216,-70.685,3.962,610067512.000
-2.089,0.348,0.115,18.182,-70.724,3.944,610067611.000
-2.091,0.347,0.115,18.174,-70.663,3.954,610067711.000
-2.087,0.347,0.113,18.175,-70.672,3.954,610067812.000
-2.091,0.347,0.117,18.174,-70.630,3.954,610067911.000
-2.087,0.347,0.118,18.189,-70.631,3.955,610068012.000
-2.089,0.343,0.117,18.152,-70.594,3.955,610068112.000
-2.089,0.348,0.115,18.155,-70.579,3.945,610068212.000
-2.087,0.347,0.117,18.147,-70.559,3.955,610068311.000
-2.085,0.346,0.118,18.126,-70.547,3.937,610068411.000
-2.087,0.347,0.115,18.134,-70.519,3.955,610068511.000
-2.087,0.347,0.113,18.134,-70.503,3.955,610068612.000
-2.087,0.347,0.117,18.134,-70.486,3.955,610068711.000
-2.083,0.347,0.115,18.134,-70.496,3.928,610068811.000
-2.083,0.347,0.118,18.134,-70.463,3.956,610068912.000
-2.079,0.347,0.113,18.135,-70.457,3.929,610069011.000
-2.083,0.352,0.120,18.178,-70.406,3.948,610069111.000
-2.083,0.344,0.117,18.078,-70.391,3.947,610069212.000
-2.081,0.346,0.120,18.113,-70.371,3.939,610069311.000
-2.077,0.343,0.115,18.112,-70.388,3.930,610069411.000
-2.081,0.346,0.115,18.086,-70.339,3.939,610069512.000
-2.077,0.343,0.120,18.085,-70.324,3.958,610069612.000
-2.081,0.345,0.115,18.099,-70.315,3.911,610069711.000
-2.079,0.342,0.115,18.090,-70.303,3.912,610069812.000
-2.079,0.347,0.125,18.065,-70.270,3.930,610069912.000
-2.079,0.344,0.110,18.051,-70.272,3.893,610070012.000
-2.077,0.345,0.113,18.086,-70.252,3.912,610070111.000
-2.080,0.347,0.113,18.066,-70.191,3.931,610070211.000
-2.078,0.345,0.120,18.072,-70.178,3.913,610070311.000
-2.080,0.344,0.115,18.051,-70.158,3.922,610070411.000
-2.073,0.345,0.113,18.045,-70.205,3.913,610070511.000
-2.078,0.345,0.118,18.058,-70.138,3.913,610070612.000
-2.073,0.340,0.113,18.015,-70.156,3.923,610070711.000
-2.076,0.347,0.110,18.067,-70.103,3.904,610070812.000
-2.073,0.345,0.118,18.045,-70.091,3.914,610070911.000
-2.074,0.345,0.118,18.045,-70.042,3.914,610071011.000
-2.076,0.344,0.118,18.037,-70.030,3.896,610071112.000
-2.072,0.341,0.123,17.995,-70.039,3.915,610071212.000
-2.072,0.341,0.118,18.009,-70.031,3.887,610071311.000
-2.074,0.340,0.120,18.001,-69.986,3.896,610071411.000
-2.070,0.343,0.115,17.976,-69.956,3.906,610071512.000
-2.074,0.340,0.120,17.946,-69.938,3.896,610071612.000
-2.070,0.343,0.110,17.976,-69.924,3.879,610071711.000
-2.070,0.345,0.120,18.004,-69.915,3.916,610071811.000
-2.070,0.345,0.120,17.990,-69.890,3.888,610071911.000
-2.068,0.341,0.113,17.955,-69.880,3.888,610072012.000
-2.068,0.344,0.113,18.011,-69.855,3.898,610072111.000
-2.066,0.337,0.115,17.959,-69.860,3.889,610072212.000
-2.066,0.343,0.115,17.948,-69.836,3.880,610072312.000
-2.063,0.344,0.120,17.984,-69.832,3.899,610072412.000
-2.061,0.343,0.120,17.962,-69.820,3.881,610072512.000
-2.066,0.342,0.125,17.948,-69.802,3.880,610072612.000
-2.064,0.339,0.118,17.926,-69.767,3.908,610072711.000
-2.061,0.340,0.120,17.947,-69.772,3.872,610072812.000
-2.064,0.341,0.115,17.928,-69.727,3.890,610072911.000
-2.062,0.340,0.118,17.920,-69.707,3.872,610073012.000
-2.059,0.344,0.113,17.930,-69.713,3.900,610073112.000
-2.062,0.342,0.115,17.949,-69.667,3.882,610073211.000
-2.060,0.346,0.118,17.958,-69.672,3.882,610073312.000
-2.055,0.344,0.115,17.930,-69.657,3.901,610073411.000
-2.062,0.337,0.120,17.877,-69.627,3.863,610073512.000
-2.062,0.345,0.120,17.895,-69.578,3.891,610073612.000
-2.055,0.344,0.115,17.889,-69.585,3.873,610073711.000
-2.056,0.344,0.118,17.902,-69.576,3.874,610073812.000
-2.056,0.344,0.113,17.903,-69.544,3.874,610073912.000
-2.056,0.338,0.113,17.858,-69.569,3.855,610074011.000
-2.053,0.342,0.123,17.908,-69.548,3.856,610074111.000
-2.056,0.341,0.120,17.873,-69.520,3.865,610074211.000
-2.056,0.344,0.123,17.916,-69.487,3.874,610074312.000
-2.054,0.340,0.120,17.880,-69.459,3.875,610074411.000
-2.051,0.344,0.120,17.861,-69.497,3.875,610074512.000
-2.052,0.341,0.110,17.861,-69.457,3.866,610074612.000
-2.054,0.342,0.128,17.867,-69.411,3.884,610074711.000
-2.054,0.337,0.115,17.837,-69.379,3.866,610074812.000
-2.045,0.340,0.118,17.867,-69.422,3.876,610074911.000
-2.054,0.340,0.118,17.838,-69.371,3.848,610075012.000
-2.050,0.340,0.118,17.853,-69.372,3.848,610075111.000
-2.048,0.341,0.115,17.847,-69.345,3.867,610075211.000
-2.056,0.338,0.123,17.830,-69.293,3.857,610075310.000
-2.048,0.343,0.118,17.848,-69.288,3.849,610075412.000
-2.048,0.341,0.120,17.847,-69.280,3.868,610075511.000
-2.048,0.338,0.123,17.817,-69.320,3.858,610075612.000
-2.048,0.343,0.121,17.848,-69.256,3.849,610075711.000
-2.046,0.340,0.116,17.798,-69.237,3.849,610075811.000
-2.044,0.336,0.113,17.776,-69.234,3.850,610075913.000
-2.044,0.338,0.116,17.805,-69.225,3.859,610076013.000
-2.044,0.336,0.120,17.789,-69.208,3.850,610076112.000
-2.046,0.337,0.123,17.783,-69.188,3.868,610076211.000
-2.044,0.338,0.116,17.777,-69.177,3.832,610076311.000
-2.044,0.341,0.116,17.806,-69.152,3.841,610076411.000
-2.046,0.342,0.121,17.799,-69.099,3.832,610076512.000
-2.042,0.339,0.123,17.785,-69.140,3.851,610076612.000
-2.044,0.338,0.118,17.750,-69.096,3.860,610076711.000
-2.040,0.343,0.113,17.794,-69.114,3.823,610076812.000
-2.044,0.338,0.118,17.763,-69.072,3.832,610076911.000
-2.042,0.337,0.121,17.756,-69.052,3.842,610077011.000
-2.040,0.335,0.111,17.749,-69.049,3.824,610077112.000
-2.040,0.333,0.123,17.692,-69.008,3.870,610077212.000
-2.040,0.335,0.116,17.694,-68.985,3.824,610077311.000
-2.040,0.341,0.113,17.765,-68.993,3.815,610077412.000
-2.040,0.338,0.121,17.750,-68.992,3.834,610077512.000
-2.038,0.337,0.123,17.701,-68.948,3.843,610077612.000
-2.036,0.338,0.113,17.751,-68.970,3.834,610077711.000
-2.038,0.337,0.121,17.715,-68.908,3.844,610077812.000
-2.036,0.335,0.118,17.735,-68.904,3.826,610077912.000
-2.038,0.337,0.121,17.729,-68.884,3.844,610078012.000
-2.036,0.341,0.118,17.752,-68.880,3.817,610078111.000
-2.034,0.337,0.118,17.702,-68.845,3.817,610078211.000
-2.034,0.337,0.116,17.675,-68.829,3.817,610078312.000
-2.032,0.335,0.118,17.695,-68.857,3.826,610078412.000
-2.034,0.337,0.116,17.661,-68.805,3.817,610078511.000
-2.034,0.339,0.118,17.690,-68.797,3.826,610078612.000
-2.036,0.335,0.116,17.694,-68.768,3.826,610078712.000
-2.028,0.333,0.118,17.680,-68.786,3.791,610078812.000
-2.032,0.335,0.121,17.680,-68.752,3.799,610078911.000
-2.030,0.342,0.116,17.719,-68.733,3.809,610079011.000
-2.032,0.335,0.118,17.667,-68.712,3.827,610079111.000
-2.032,0.335,0.111,17.654,-68.689,3.800,610079211.000
-2.032,0.333,0.113,17.652,-68.680,3.818,610079312.000
-2.034,0.334,0.116,17.604,-68.636,3.809,610079412.000
-2.028,0.340,0.118,17.671,-68.641,3.819,610079511.000
-2.028,0.335,0.116,17.682,-68.649,3.828,610079611.000
-2.028,0.335,0.118,17.640,-68.641,3.801,610079711.000
-2.028,0.335,0.118,17.640,-68.641,3.801,610079811.000
-2.026,0.334,0.118,17.619,-68.630,3.810,610079911.000
-2.024,0.333,0.121,17.639,-68.609,3.792,610080011.000
-2.026,0.334,0.111,17.633,-68.557,3.783,610080111.000
-2.026,0.339,0.116,17.677,-68.565,3.802,610080211.000
-2.028,0.338,0.113,17.642,-68.536,3.810,610080311.000
-2.026,0.339,0.116,17.636,-68.541,3.801,610080412.000
-2.024,0.335,0.116,17.641,-68.505,3.802,610080511.000
-2.024,0.335,0.118,17.599,-68.497,3.802,610080612.000
-2.024,0.335,0.118,17.613,-68.521,3.802,610080711.000
-2.024,0.335,0.113,17.614,-68.489,3.802,610080812.000
-2.020,0.338,0.116,17.643,-68.458,3.785,610080912.000
-2.020,0.335,0.116,17.600,-68.458,3.803,610081011.000
-2.026,0.339,0.118,17.622,-68.387,3.802,610081112.000
-2.022,0.336,0.111,17.622,-68.389,3.794,610081212.000
-2.020,0.335,0.116,17.558,-68.386,3.775,610081312.000
-2.013,0.336,0.116,17.608,-68.448,3.767,610081412.000
-2.018,0.334,0.111,17.566,-68.391,3.785,610081512.000
-2.022,0.334,0.111,17.551,-68.341,3.785,610081611.000
-2.020,0.335,0.121,17.586,-68.320,3.804,610081712.000
-2.022,0.336,0.121,17.565,-68.308,3.767,610081812.000
-2.014,0.336,0.113,17.581,-68.335,3.795,610081912.000
-2.022,0.334,0.118,17.564,-68.267,3.785,610082011.000
-2.023,0.336,0.121,17.579,-68.235,3.767,610082112.000
-2.020,0.335,0.121,17.572,-68.248,3.777,610082211.000
-2.016,0.332,0.111,17.544,-68.234,3.768,610082312.000
-2.020,0.332,0.116,17.530,-68.216,3.795,610082411.000
-2.018,0.336,0.118,17.566,-68.220,3.768,610082511.000
-2.016,0.335,0.113,17.573,-68.225,3.777,610082611.000
-2.016,0.335,0.111,17.505,-68.186,3.777,610082712.000
-2.016,0.330,0.113,17.501,-68.153,3.759,610082812.000
-2.014,0.331,0.108,17.496,-68.158,3.778,610082912.000
-2.010,0.336,0.111,17.540,-68.175,3.769,610083011.000
-2.012,0.330,0.111,17.502,-68.114,3.760,610083112.000
-2.012,0.330,0.123,17.515,-68.121,3.760,610083211.000
-2.012,0.332,0.111,17.531,-68.090,3.770,610083312.000
-2.012,0.332,0.116,17.490,-68.098,3.769,610083411.000
-2.017,0.332,0.116,17.476,-68.048,3.797,610083511.000
-2.012,0.335,0.113,17.491,-68.057,3.751,610083611.000
-2.015,0.336,0.116,17.526,-68.012,3.770,610083712.000
-2.012,0.332,0.116,17.489,-68.000,3.742,610083812.000
-2.010,0.336,0.111,17.485,-68.030,3.770,610083912.000
-2.013,0.335,0.116,17.518,-67.976,3.752,610084011.000
-2.010,0.333,0.118,17.497,-67.981,3.761,610084111.000
-2.008,0.332,0.111,17.504,-67.970,3.771,610084211.000
-2.008,0.332,0.118,17.490,-67.945,3.771,610084312.000
-2.013,0.335,0.113,17.491,-67.912,3.752,610084411.000
-2.008,0.335,0.116,17.505,-67.929,3.725,610084512.000
-2.010,0.336,0.114,17.471,-67.925,3.743,610084611.000
-2.004,0.332,0.119,17.504,-67.897,3.745,610084711.000
-2.006,0.331,0.116,17.441,-67.869,3.726,610084812.000
-2.002,0.336,0.114,17.486,-67.903,3.744,610084911.000
-2.006,0.331,0.116,17.428,-67.845,3.753,610085012.000
-2.009,0.335,0.111,17.464,-67.825,3.753,610085112.000
-2.006,0.333,0.113,17.443,-67.829,3.763,610085212.000
-2.002,0.331,0.119,17.442,-67.814,3.754,610085311.000
-2.007,0.328,0.116,17.426,-67.772,3.745,610085411.000
-2.007,0.328,0.121,17.426,-67.756,3.773,610085511.000
-2.000,0.332,0.116,17.450,-67.762,3.746,610085611.000
-2.002,0.331,0.116,17.414,-67.749,3.727,610085711.000
-2.002,0.331,0.114,17.428,-67.758,3.727,610085812.000
-2.000,0.335,0.116,17.423,-67.738,3.727,610085911.000
-2.003,0.328,0.116,17.399,-67.701,3.746,610086012.000
-2.000,0.335,0.114,17.396,-67.722,3.727,610086111.000
-2.003,0.328,0.116,17.386,-67.677,3.746,610086211.000
-2.000,0.332,0.111,17.422,-67.682,3.719,610086312.000
-2.000,0.332,0.109,17.395,-67.666,3.718,610086411.000
-1.998,0.333,0.114,17.430,-67.662,3.710,610086512.000
-1.998,0.331,0.116,17.415,-67.629,3.729,610086611.000
-1.998,0.331,0.116,17.401,-67.605,3.729,610086711.000
-1.998,0.333,0.116,17.416,-67.605,3.738,610086812.000
-1.996,0.329,0.121,17.394,-67.602,3.766,610086911.000
-1.996,0.327,0.111,17.365,-67.562,3.729,610087012.000
-1.999,0.333,0.114,17.416,-67.541,3.711,610087112.000
