-0.002,0.048,-0.053,-1.132,-0.720,-0.129,435737774.000
-0.002,0.046,-0.051,-1.106,-0.711,-0.111,435737874.000
0.003,0.048,-0.055,-1.118,-0.754,-0.129,435737974.000
0.001,0.047,-0.053,-1.126,-0.757,-0.120,435738074.000
0.001,0.047,-0.051,-1.112,-0.749,-0.120,435738175.000
0.001,0.049,-0.051,-1.097,-0.749,-0.111,435738274.000
-0.002,0.046,-0.053,-1.147,-0.720,-0.111,435738374.000
0.001,0.047,-0.065,-1.139,-0.750,-0.148,435738475.000
0.003,0.048,-0.051,-1.132,-0.762,-0.101,435738574.000
0.001,0.047,-0.058,-1.139,-0.750,-0.120,435738675.000
0.001,0.044,-0.053,-1.168,-0.757,-0.102,435738774.000
0.005,0.047,-0.058,-1.139,-0.775,-0.120,435738875.000
-0.004,0.047,-0.053,-1.126,-0.732,-0.121,435738974.000
-0.006,0.045,-0.058,-1.148,-0.711,-0.139,435739074.000
0.001,0.047,-0.048,-1.126,-0.740,-0.120,435739174.000
-0.002,0.048,-0.053,-1.118,-0.744,-0.102,435739275.000
0.001,0.049,-0.051,-1.111,-0.773,-0.111,435739375.000
-0.002,0.046,-0.053,-1.148,-0.769,-0.139,435739475.000
0.001,0.047,-0.058,-1.139,-0.750,-0.120,435739575.000
0.003,0.046,-0.048,-1.119,-0.777,-0.083,435739674.000
0.003,0.046,-0.051,-1.119,-0.761,-0.110,435739775.000
0.001,0.047,-0.058,-1.112,-0.798,-0.120,435739875.000
0.005,0.044,-0.058,-1.140,-0.799,-0.129,435739974.000
-0.001,0.048,-0.051,-1.105,-0.784,-0.130,435740075.000
0.001,0.044,-0.051,-1.127,-0.749,-0.129,435740174.000
0.001,0.044,-0.056,-1.141,-0.790,-0.102,435740274.000
0.003,0.051,-0.055,-1.089,-0.778,-0.120,435740374.000
0.001,0.044,-0.056,-1.155,-0.765,-0.129,435740474.000
-0.004,0.049,-0.056,-1.083,-0.764,-0.111,435740575.000
-0.001,0.046,-0.048,-1.120,-0.800,-0.111,435740675.000
0.001,0.044,-0.058,-1.127,-0.798,-0.102,435740774.000
-0.002,0.046,-0.056,-1.133,-0.777,-0.111,435740875.000
-0.004,0.047,-0.051,-1.127,-0.747,-0.121,435740974.000
0.001,0.047,-0.058,-1.112,-0.798,-0.120,435741074.000
0.001,0.044,-0.063,-1.127,-0.766,-0.129,435741174.000
0.001,0.044,-0.051,-1.128,-0.797,-0.129,435741274.000
0.003,0.046,-0.055,-1.119,-0.826,-0.139,435741374.000
-0.001,0.048,-0.060,-1.104,-0.769,-0.130,435741475.000
-0.001,0.048,-0.051,-1.091,-0.809,-0.102,435741574.000
-0.001,0.043,-0.053,-1.121,-0.793,-0.120,435741674.000
0.003,0.043,-0.055,-1.134,-0.826,-0.120,435741775.000
0.001,0.042,-0.053,-1.128,-0.805,-0.111,435741874.000
0.001,0.047,-0.058,-1.139,-0.798,-0.121,435741974.000
-0.001,0.048,-0.055,-1.105,-0.801,-0.130,435742074.000
0.003,0.041,-0.053,-1.163,-0.818,-0.102,435742174.000
-0.001,0.048,-0.053,-1.105,-0.817,-0.130,435742274.000
-0.001,0.046,-0.053,-1.134,-0.793,-0.111,435742374.000
-0.004,0.047,-0.048,-1.127,-0.763,-0.121,435742474.000
-0.001,0.048,-0.056,-1.091,-0.825,-0.102,435742574.000
-0.001,0.046,-0.053,-1.092,-0.817,-0.111,435742674.000
-0.001,0.048,-0.058,-1.105,-0.833,-0.130,435742774.000
-0.006,0.043,-0.051,-1.122,-0.783,-0.093,435742874.000
-0.004,0.047,-0.053,-1.071,-0.828,-0.121,435742975.000
-0.001,0.043,-0.053,-1.149,-0.841,-0.121,435743074.000
0.001,0.047,-0.055,-1.112,-0.862,-0.121,435743175.000
-0.004,0.047,-0.051,-1.126,-0.796,-0.093,435743275.000
0.003,0.046,-0.056,-1.133,-0.851,-0.111,435743375.000
-0.001,0.048,-0.051,-1.105,-0.833,-0.130,435743475.000
0.001,0.050,-0.056,-1.110,-0.887,-0.112,435743574.000
-0.001,0.046,-0.053,-1.133,-0.841,-0.084,435743674.000
-0.001,0.046,-0.056,-1.120,-0.849,-0.112,435743774.000
0.001,0.047,-0.058,-1.139,-0.847,-0.121,435743875.000
-0.001,0.048,-0.056,-1.118,-0.874,-0.103,435743975.000
-0.003,0.050,-0.051,-1.111,-0.845,-0.112,435744074.000
-0.001,0.048,-0.053,-1.105,-0.865,-0.130,435744174.000
-0.003,0.049,-0.060,-1.083,-0.829,-0.140,435744275.000
-0.001,0.048,-0.056,-1.104,-0.898,-0.103,435744375.000
-0.001,0.048,-0.051,-1.119,-0.857,-0.130,435744475.000
-0.001,0.051,-0.058,-1.089,-0.882,-0.121,435744574.000
0.003,0.048,-0.058,-1.090,-0.883,-0.130,435744674.000
-0.001,0.046,-0.048,-1.107,-0.873,-0.139,435744775.000
-0.003,0.047,-0.053,-1.113,-0.853,-0.121,435744875.000
-0.003,0.050,-0.053,-1.125,-0.853,-0.112,435744974.000
-0.001,0.051,-0.051,-1.090,-0.881,-0.121,435745075.000
-0.008,0.044,-0.056,-1.128,-0.860,-0.104,435745174.000
-0.003,0.044,-0.053,-1.142,-0.877,-0.131,435745274.000
-0.003,0.047,-0.053,-1.127,-0.877,-0.122,435745375.000
-0.003,0.050,-0.051,-1.111,-0.893,-0.113,435745474.000
-0.001,0.046,-0.056,-1.120,-0.898,-0.112,435745574.000
-0.001,0.046,-0.058,-1.106,-0.906,-0.140,435745675.000
-0.003,0.044,-0.056,-1.128,-0.885,-0.131,435745774.000
-0.003,0.044,-0.060,-1.127,-0.902,-0.131,435745874.000
-0.001,0.046,-0.055,-1.093,-0.898,-0.140,435745975.000
-0.003,0.050,-0.056,-1.056,-0.909,-0.112,435746075.000
-0.001,0.046,-0.056,-1.106,-0.874,-0.112,435746174.000
-0.001,0.051,-0.055,-1.062,-0.946,-0.122,435746275.000
-0.003,0.047,-0.056,-1.085,-0.934,-0.094,435746374.000
-0.001,0.046,-0.058,-1.092,-0.930,-0.112,435746475.000
-0.003,0.050,-0.053,-1.084,-0.925,-0.113,435746575.000
-0.003,0.052,-0.055,-1.055,-0.933,-0.131,435746674.000
-0.003,0.047,-0.058,-1.085,-0.918,-0.122,435746774.000
-0.001,0.043,-0.056,-1.107,-0.946,-0.122,435746874.000
-0.003,0.044,-0.053,-1.086,-0.925,-0.103,435746974.000
-0.008,0.047,-0.048,-1.086,-0.907,-0.094,435747075.000
-0.005,0.043,-0.048,-1.109,-0.920,-0.122,435747174.000
-0.005,0.043,-0.058,-1.094,-0.929,-0.122,435747275.000
-0.003,0.050,-0.060,-1.042,-0.950,-0.113,435747375.000
-0.003,0.044,-0.056,-1.072,-0.982,-0.103,435747475.000
-0.005,0.051,-0.053,-1.049,-0.961,-0.095,435747575.000
-0.005,0.043,-0.048,-1.081,-0.968,-0.122,435747676.000
-0.003,0.044,-0.051,-1.073,-0.965,-0.103,435747776.000
-0.003,0.044,-0.055,-1.073,-0.982,-0.131,435747875.000
-0.003,0.052,-0.048,-1.014,-1.005,-0.104,435747976.000
-0.005,0.046,-0.058,-1.051,-0.977,-0.113,435748075.000
-0.005,0.043,-0.053,-1.067,-1.009,-0.122,435748175.000
-0.010,0.048,-0.053,-1.023,-0.959,-0.104,435748276.000
-0.005,0.046,-0.056,-1.051,-0.993,-0.113,435748375.000
-0.005,0.051,-0.048,-0.994,-1.041,-0.122,435748475.000
-0.007,0.044,-0.053,-1.046,-1.020,-0.104,435748576.000
-0.005,0.046,-0.056,-1.024,-1.041,-0.113,435748675.000
-0.005,0.051,-0.051,-1.022,-1.073,-0.123,435748776.000
-0.007,0.050,-0.051,-0.988,-1.036,-0.113,435748876.000
-0.005,0.051,-0.060,-0.980,-1.082,-0.123,435748976.000
-0.007,0.044,-0.051,-1.032,-1.061,-0.104,435749076.000
-0.012,0.047,-0.053,-1.004,-1.043,-0.123,435749176.000
-0.009,0.048,-0.053,-0.996,-1.056,-0.105,435749276.000
-0.007,0.047,-0.053,-1.030,-1.069,-0.095,435749375.000
-0.003,0.044,-0.060,-1.003,-1.119,-0.104,435749476.000
-0.005,0.048,-0.053,-1.009,-1.154,-0.105,435749575.000
-0.007,0.044,-0.058,-0.977,-1.109,-0.132,435749676.000
-0.011,0.047,-0.053,-0.962,-1.116,-0.123,435749775.000
-0.007,0.047,-0.056,-0.975,-1.150,-0.096,435749875.000
-0.007,0.047,-0.051,-0.990,-1.157,-0.123,435749976.000
-0.009,0.046,-0.055,-0.969,-1.161,-0.114,435750075.000
-0.009,0.043,-0.056,-0.984,-1.161,-0.096,435750175.000
-0.011,0.047,-0.053,-0.963,-1.164,-0.124,435750275.000
-0.009,0.051,-0.053,-0.939,-1.177,-0.096,435750376.000
-0.007,0.045,-0.053,-0.963,-1.214,-0.105,435750476.000
-0.009,0.046,-0.055,-0.956,-1.185,-0.114,435750575.000
-0.011,0.047,-0.056,-0.934,-1.196,-0.096,435750675.000
-0.015,0.047,-0.051,-0.935,-1.203,-0.097,435750775.000
-0.011,0.055,-0.053,-0.876,-1.236,-0.124,435750876.000
-0.013,0.046,-0.053,-0.915,-1.248,-0.115,435750975.000
-0.017,0.046,-0.056,-0.929,-1.231,-0.116,435751075.000
-0.015,0.050,-0.053,-0.893,-1.283,-0.143,435751175.000
-0.015,0.047,-0.056,-0.921,-1.292,-0.097,435751276.000
-0.013,0.046,-0.051,-0.901,-1.288,-0.088,435751376.000
-0.017,0.046,-0.055,-0.888,-1.255,-0.116,435751475.000
-0.013,0.054,-0.058,-0.828,-1.337,-0.116,435751575.000
-0.017,0.046,-0.053,-0.888,-1.319,-0.116,435751675.000
-0.017,0.046,-0.058,-0.902,-1.312,-0.116,435751776.000
-0.013,0.046,-0.058,-0.874,-1.385,-0.116,435751875.000
-0.013,0.043,-0.055,-0.862,-1.401,-0.125,435751975.000
-0.013,0.046,-0.058,-0.887,-1.410,-0.116,435752075.000
-0.017,0.048,-0.053,-0.846,-1.416,-0.107,435752175.000
-0.015,0.044,-0.053,-0.855,-1.453,-0.135,435752276.000
-0.019,0.047,-0.056,-0.812,-1.411,-0.098,435752375.000
-0.021,0.048,-0.053,-0.819,-1.439,-0.108,435752476.000
-0.017,0.051,-0.055,-0.789,-1.472,-0.126,435752575.000
-0.019,0.042,-0.053,-0.843,-1.475,-0.117,435752675.000
-0.019,0.047,-0.055,-0.812,-1.508,-0.126,435752776.000
-0.017,0.049,-0.056,-0.804,-1.521,-0.080,435752875.000
-0.021,0.048,-0.053,-0.777,-1.511,-0.080,435752976.000
-0.017,0.043,-0.046,-0.821,-1.560,-0.071,435753075.000
-0.021,0.048,-0.050,-0.750,-1.575,-0.108,435753175.000
-0.023,0.050,-0.053,-0.729,-1.570,-0.118,435753276.000
-0.021,0.051,-0.046,-0.735,-1.607,-0.099,435753376.000
-0.021,0.051,-0.055,-0.748,-1.616,-0.100,435753476.000
-0.025,0.046,-0.053,-0.738,-1.630,-0.118,435753576.000
-0.023,0.042,-0.048,-0.774,-1.651,-0.091,435753675.000
-0.023,0.050,-0.050,-0.715,-1.659,-0.118,435753776.000
-0.023,0.050,-0.051,-0.729,-1.683,-0.091,435753875.000
-0.023,0.042,-0.060,-0.774,-1.717,-0.119,435753975.000
-0.023,0.047,-0.053,-0.730,-1.740,-0.101,435754075.000
-0.020,0.049,-0.053,-0.694,-1.801,-0.082,435754176.000
-0.025,0.046,-0.058,-0.697,-1.768,-0.119,435754275.000
-0.027,0.050,-0.055,-0.674,-1.771,-0.120,435754376.000
-0.027,0.045,-0.053,-0.718,-1.811,-0.083,435754475.000
-0.027,0.045,-0.050,-0.677,-1.803,-0.110,435754575.000
-0.024,0.051,-0.053,-0.667,-1.848,-0.129,435754676.000
-0.031,0.042,-0.053,-0.734,-1.834,-0.121,435754775.000
-0.027,0.050,-0.055,-0.646,-1.868,-0.092,435754875.000
-0.029,0.043,-0.056,-0.685,-1.855,-0.102,435754976.000
-0.026,0.050,-0.048,-0.647,-1.916,-0.093,435755075.000
-0.029,0.049,-0.056,-0.654,-1.855,-0.083,435755175.000
-0.029,0.049,-0.048,-0.627,-1.903,-0.084,435755276.000
-0.027,0.042,-0.053,-0.692,-1.884,-0.120,435755376.000
-0.026,0.045,-0.055,-0.677,-1.916,-0.111,435755475.000
-0.027,0.045,-0.055,-0.636,-1.892,-0.111,435755576.000
-0.031,0.045,-0.055,-0.636,-1.915,-0.111,435755676.000
-0.022,0.050,-0.055,-0.591,-1.941,-0.092,435755775.000
-0.029,0.046,-0.050,-0.643,-1.935,-0.121,435755876.000
-0.031,0.045,-0.055,-0.622,-1.890,-0.111,435755975.000
-0.027,0.045,-0.053,-0.649,-1.884,-0.083,435756076.000
-0.031,0.050,-0.055,-0.606,-1.915,-0.093,435756176.000
-0.024,0.046,-0.050,-0.628,-1.936,-0.120,435756275.000
-0.029,0.046,-0.055,-0.615,-1.903,-0.120,435756376.000
-0.024,0.043,-0.048,-0.630,-1.928,-0.101,435756476.000
-0.027,0.047,-0.050,-0.607,-1.899,-0.101,435756576.000
-0.027,0.047,-0.058,-0.606,-1.851,-0.101,435756676.000
-0.027,0.045,-0.050,-0.595,-1.899,-0.110,435756775.000
-0.024,0.046,-0.055,-0.614,-1.929,-0.092,435756875.000
-0.024,0.051,-0.053,-0.583,-1.896,-0.073,435756975.000
-0.027,0.052,-0.053,-0.577,-1.883,-0.111,435757075.000
-0.027,0.047,-0.055,-0.607,-1.867,-0.129,435757176.000
-0.054,0.056,-0.051,-0.387,-2.908,-0.057,435757275.000
-0.046,0.055,-0.053,-0.441,-2.652,-0.109,435757375.000
-0.056,0.057,-0.048,-0.339,-3.031,-0.122,435757475.000
-0.069,0.059,-0.048,-0.238,-3.645,-0.110,435757575.000
-0.088,0.064,-0.048,-0.101,-4.486,-0.128,435757675.000
-0.108,0.065,-0.048,0.089,-5.327,-0.109,435757775.000
-0.127,0.073,-0.048,0.282,-6.241,-0.145,435757876.000
-0.148,0.083,-0.046,0.399,-7.159,-0.165,435757975.000
-0.165,0.092,-0.044,0.573,-8.102,-0.128,435758076.000
-0.184,0.098,-0.044,0.710,-8.798,-0.145,435758176.000
-0.201,0.100,-0.036,0.865,-9.627,-0.162,435758276.000
-0.223,0.109,-0.036,1.038,-10.479,-0.180,435758375.000
-0.244,0.116,-0.039,1.155,-11.244,-0.180,435758476.000
-0.262,0.123,-0.029,1.340,-12.040,-0.206,435758575.000
-0.279,0.133,-0.027,1.513,-12.838,-0.196,435758676.000
-0.296,0.134,-0.032,1.601,-13.661,-0.186,435758775.000
-0.313,0.139,-0.032,1.771,-14.393,-0.221,435758875.000
-0.326,0.140,-0.022,1.886,-15.191,-0.210,435758976.000
-0.348,0.150,-0.027,2.045,-15.940,-0.228,435759075.000
-0.370,0.157,-0.025,2.190,-16.639,-0.199,435759176.000
-0.383,0.159,-0.022,2.332,-17.389,-0.215,435759275.000
-0.402,0.169,-0.015,2.513,-18.108,-0.214,435759376.000
-0.415,0.176,-0.028,2.646,-18.884,-0.212,435759475.000
-0.433,0.175,-0.015,2.799,-19.527,-0.237,435759576.000
-0.450,0.185,-0.015,2.945,-20.309,-0.226,435759676.000
-0.463,0.187,-0.028,3.089,-20.963,-0.214,435759775.000
-0.483,0.192,-0.010,3.266,-21.649,-0.231,435759875.000
-0.498,0.200,-0.011,3.391,-22.371,-0.238,435759975.000
-0.518,0.201,-0.013,3.512,-23.075,-0.246,435760075.000
-0.535,0.202,-0.003,3.680,-23.750,-0.262,435760175.000
-0.551,0.211,-0.008,3.779,-24.440,-0.242,435760275.000
-0.568,0.220,-0.013,3.967,-25.117,-0.230,435760375.000
-0.584,0.220,-0.009,4.143,-25.797,-0.237,435760475.000
-0.597,0.225,-0.001,4.217,-26.531,-0.244,435760575.000
-0.619,0.229,-0.009,4.375,-27.166,-0.224,435760676.000
-0.627,0.233,-0.001,4.505,-27.925,-0.258,435760774.000
-0.647,0.242,0.001,4.643,-28.662,-0.238,435760876.000
-0.671,0.245,0.006,4.806,-29.340,-0.209,435760975.000
-0.682,0.250,0.008,4.971,-30.054,-0.253,435761076.000
-0.704,0.257,-0.002,5.130,-30.698,-0.223,435761176.000
-0.715,0.260,-0.004,5.267,-31.404,-0.220,435761275.000
-0.734,0.263,0.006,5.402,-32.091,-0.246,435761375.000
-0.754,0.271,0.008,5.540,-32.876,-0.227,435761474.000
-0.769,0.274,0.000,5.692,-33.501,-0.197,435761576.000
-0.787,0.281,0.018,5.876,-34.151,-0.249,435761674.000
-0.804,0.283,0.005,5.978,-34.805,-0.238,435761775.000
-0.818,0.289,0.010,6.110,-35.450,-0.208,435761875.000
-0.831,0.291,0.017,6.251,-36.086,-0.250,435761974.000
-0.849,0.293,0.012,6.380,-36.739,-0.239,435762075.000
-0.866,0.294,0.010,6.523,-37.334,-0.227,435762175.000
-0.877,0.300,0.019,6.647,-38.073,-0.188,435762274.000
-0.904,0.309,0.022,6.778,-38.698,-0.233,435762374.000
-0.923,0.315,0.022,6.915,-39.394,-0.194,435762474.000
-0.932,0.317,0.024,7.086,-40.072,-0.209,435762575.000
-0.952,0.320,0.024,7.207,-40.720,-0.235,435762674.000
-0.967,0.323,0.019,7.331,-41.410,-0.205,435762774.000
-0.983,0.331,0.027,7.524,-42.009,-0.239,435762874.000
-1.003,0.339,0.029,7.690,-42.648,-0.218,435762975.000
-1.018,0.334,0.029,7.726,-43.297,-0.188,435763074.000
-1.031,0.344,0.031,7.914,-43.950,-0.204,435763175.000
-1.049,0.343,0.038,8.054,-44.634,-0.201,435763274.000
-1.064,0.351,0.038,8.166,-45.235,-0.180,435763375.000
-1.086,0.352,0.036,8.294,-45.878,-0.197,435763474.000
-1.095,0.357,0.038,8.452,-46.556,-0.230,435763574.000
-1.117,0.366,0.038,8.626,-47.215,-0.192,435763674.000
-1.135,0.373,0.031,8.799,-47.827,-0.189,435763774.000
-1.144,0.369,0.043,8.897,-48.448,-0.195,435763875.000
-1.166,0.376,0.038,9.028,-49.173,-0.194,435763975.000
-1.183,0.373,0.045,9.139,-49.783,-0.200,435764075.000
-1.197,0.382,0.045,9.328,-50.469,-0.188,435764174.000
-1.221,0.382,0.050,9.461,-51.123,-0.196,435764275.000
-1.236,0.393,0.057,9.656,-51.892,-0.166,435764375.000
-1.253,0.398,0.055,9.814,-52.585,-0.174,435764474.000
-1.275,0.399,0.050,9.928,-53.236,-0.163,435764574.000
-1.290,0.402,0.052,10.106,-53.925,-0.132,435764674.000
-1.306,0.410,0.052,10.244,-54.622,-0.195,435764774.000
-1.330,0.413,0.054,10.394,-55.308,-0.138,435764874.000
-1.347,0.415,0.054,10.550,-55.944,-0.154,435764976.000
-1.365,0.422,0.054,10.736,-56.677,-0.152,435765076.000
-1.382,0.426,0.059,10.866,-57.320,-0.132,435765176.000
-1.397,0.429,0.064,11.057,-58.097,-0.129,435765276.000
-1.419,0.434,0.061,11.186,-58.765,-0.110,435765375.000
-1.437,0.443,0.068,11.318,-59.376,-0.126,435765476.000
-1.455,0.440,0.068,11.458,-60.036,-0.077,435765575.000
-1.468,0.441,0.078,11.559,-60.713,-0.093,435765675.000
-1.496,0.452,0.075,11.698,-61.391,-0.065,435765776.000
-1.507,0.458,0.073,11.878,-62.146,-0.053,435765876.000
-1.529,0.459,0.075,12.033,-62.772,-0.069,435765975.000
-1.542,0.464,0.078,12.191,-63.522,-0.049,435766075.000
-1.564,0.468,0.075,12.279,-64.214,-0.057,435766175.000
-1.583,0.476,0.075,12.528,-64.982,-0.037,435766276.000
-1.601,0.478,0.085,12.614,-65.658,-0.053,435766376.000
-1.620,0.483,0.084,12.710,-66.330,-0.043,435766476.000
-1.644,0.489,0.082,12.930,-67.033,-0.005,435766576.000
-1.666,0.491,0.082,13.113,-67.788,0.006,435766675.000
-1.683,0.495,0.091,13.173,-68.489,-0.002,435766775.000
-1.701,0.507,0.091,13.389,-69.173,-0.009,435766875.000
-1.725,0.510,0.089,13.539,-69.876,0.048,435766975.000
-1.742,0.509,0.088,13.680,-70.609,0.049,435767076.000
-1.757,0.515,0.093,13.817,-71.314,0.033,435767175.000
-1.781,0.515,0.093,13.937,-72.057,0.025,435767276.000
-1.801,0.518,0.095,14.101,-72.696,0.082,435767376.000
-1.818,0.528,0.100,14.219,-73.413,0.093,435767476.000
-1.840,0.532,0.105,14.402,-74.176,0.057,435767575.000
-1.857,0.536,0.095,14.547,-74.894,0.077,435767676.000
-1.886,0.542,0.100,14.724,-75.595,0.115,435767776.000
-1.899,0.541,0.100,14.935,-76.328,0.118,435767875.000
-1.920,0.548,0.117,15.105,-77.026,0.119,435767975.000
-1.940,0.551,0.112,15.256,-77.738,0.176,435768075.000
-1.962,0.558,0.107,15.497,-78.413,0.178,435768176.000
-1.977,0.561,0.109,15.675,-79.150,0.181,435768275.000
-1.997,0.567,0.104,15.799,-79.839,0.191,435768376.000
-2.023,0.568,0.111,15.967,-80.544,0.229,435768475.000
-2.040,0.570,0.113,16.165,-81.220,0.297,435768575.000
-2.058,0.572,0.126,16.334,-82.008,0.280,435768676.000
-2.083,0.581,0.118,16.535,-82.739,0.290,435768775.000
-2.105,0.583,0.116,16.691,-83.430,0.328,435768876.000
-2.125,0.586,0.128,16.881,-84.230,0.385,435768975.000
-2.144,0.589,0.130,17.058,-84.892,0.359,435769076.000
-2.168,0.600,0.130,17.266,-85.733,0.387,435769175.000
-2.192,0.601,0.122,17.415,-86.476,0.434,435769276.000
-2.209,0.605,0.132,17.613,-87.224,0.455,435769376.000
-2.231,0.604,0.134,17.767,-87.923,0.484,435769476.000
-2.259,0.615,0.134,17.989,-88.713,0.512,435769576.000
-2.276,0.617,0.134,18.118,-89.446,0.550,435769675.000
-2.298,0.618,0.136,18.301,-90.169,0.533,435769775.000
-2.315,0.628,0.139,18.447,-90.967,0.571,435769875.000
-2.341,0.625,0.141,18.600,-91.665,0.618,435769975.000
-2.363,0.634,0.151,18.855,-92.435,0.629,435770075.000
-2.378,0.637,0.155,18.895,-92.995,0.659,435770175.000
-2.386,0.634,0.140,19.045,-93.235,0.648,435770275.000
-2.388,0.638,0.140,19.082,-93.247,0.676,435770376.000
-2.391,0.629,0.143,19.014,-93.080,0.686,435770476.000
-2.383,0.629,0.143,19.016,-92.743,0.690,435770575.000
-2.369,0.628,0.141,18.956,-92.380,0.676,435770676.000
-2.357,0.622,0.143,18.872,-92.085,0.689,435770775.000
-2.352,0.626,0.136,18.883,-91.761,0.692,435770876.000
-2.346,0.624,0.143,18.835,-91.483,0.704,435770975.000
-2.338,0.622,0.141,18.766,-91.228,0.698,435771076.000
-2.332,0.620,0.141,18.732,-90.975,0.710,435771175.000
-2.326,0.614,0.138,18.667,-90.755,0.675,435771276.000
-2.318,0.616,0.141,18.657,-90.531,0.715,435771376.000
-2.315,0.608,0.138,18.584,-90.347,0.689,435771475.000
-2.309,0.612,0.141,18.594,-90.135,0.692,435771576.000
-2.301,0.607,0.133,18.497,-89.969,0.703,435771676.000
-2.301,0.609,0.136,18.512,-89.742,0.686,435771775.000
-2.295,0.608,0.136,18.492,-89.611,0.697,435771876.000
-2.289,0.604,0.139,18.442,-89.423,0.699,435771975.000
-2.290,0.604,0.141,18.400,-89.221,0.673,435772075.000
-2.284,0.605,0.136,18.410,-89.082,0.693,435772175.000
-2.278,0.606,0.139,18.404,-88.966,0.686,435772275.000
-2.267,0.605,0.131,18.358,-88.813,0.697,435772376.000
-2.268,0.599,0.139,18.313,-88.642,0.708,435772476.000
-2.266,0.598,0.129,18.279,-88.495,0.691,435772576.000
-2.260,0.597,0.131,18.300,-88.403,0.674,435772676.000
-2.262,0.593,0.129,18.222,-88.181,0.703,435772776.000
-2.258,0.598,0.134,18.239,-88.069,0.695,435772875.000
-2.254,0.598,0.131,18.240,-87.933,0.697,435772975.000
-2.246,0.590,0.131,18.154,-87.863,0.698,435773075.000
-2.247,0.592,0.129,18.169,-87.701,0.681,435773175.000
-2.243,0.592,0.134,18.156,-87.589,0.710,435773275.000
-2.238,0.592,0.132,18.129,-87.502,0.684,435773375.000
-2.237,0.588,0.132,18.121,-87.345,0.713,435773476.000
-2.235,0.589,0.132,18.074,-87.212,0.705,435773576.000
-2.233,0.588,0.132,18.080,-87.104,0.687,435773676.000
-2.229,0.583,0.132,18.037,-87.008,0.698,435773775.000
-2.227,0.589,0.127,18.075,-86.892,0.681,435773875.000
-2.221,0.583,0.134,18.011,-86.784,0.701,435773975.000
-2.224,0.581,0.134,18.003,-86.674,0.683,435774075.000
-2.217,0.583,0.124,17.998,-86.576,0.703,435774175.000
-2.213,0.580,0.129,17.942,-86.464,0.695,435774275.000
-2.211,0.576,0.122,17.934,-86.356,0.696,435774375.000
-2.208,0.576,0.127,17.921,-86.147,0.698,435774475.000
-2.200,0.581,0.127,17.828,-85.932,0.663,435774575.000
-2.196,0.583,0.127,17.789,-85.813,0.673,435774675.000
-2.194,0.580,0.132,17.725,-85.688,0.674,435774775.000
-2.190,0.577,0.127,17.669,-85.609,0.666,435774876.000
-2.190,0.579,0.127,17.656,-85.513,0.648,435774976.000
-2.188,0.578,0.129,17.649,-85.396,0.659,435775075.000
-2.182,0.582,0.125,17.645,-85.305,0.632,435775175.000
-2.182,0.577,0.124,17.574,-85.233,0.642,435775275.000
-2.180,0.578,0.129,17.568,-85.157,0.661,435775376.000
-2.178,0.576,0.129,17.547,-85.048,0.644,435775476.000
-2.174,0.577,0.127,17.520,-85.009,0.644,435775575.000
-2.175,0.574,0.125,17.491,-84.872,0.636,435775675.000
-2.170,0.576,0.127,17.507,-84.817,0.646,435775775.000
-2.171,0.574,0.125,17.464,-84.704,0.610,435775876.000
-2.167,0.574,0.127,17.465,-84.648,0.639,435775976.000
-2.165,0.570,0.122,17.429,-84.557,0.640,435776076.000
-2.163,0.574,0.120,17.424,-84.505,0.613,435776175.000
-2.163,0.571,0.120,17.423,-84.384,0.632,435776276.000
-2.163,0.571,0.125,17.396,-84.319,0.633,435776375.000
-2.155,0.568,0.127,17.395,-84.264,0.625,435776475.000
-2.153,0.570,0.127,17.348,-84.229,0.616,435776576.000
-2.155,0.568,0.125,17.327,-84.079,0.626,435776675.000
-2.151,0.566,0.120,17.298,-84.049,0.617,435776775.000
-2.151,0.573,0.127,17.358,-83.927,0.646,435776875.000
-2.147,0.568,0.127,17.286,-83.880,0.628,435776976.000
-2.143,0.565,0.125,17.299,-83.841,0.620,435777076.000
-2.143,0.568,0.127,17.315,-83.760,0.630,435777176.000
-2.141,0.567,0.122,17.266,-83.668,0.612,435777276.000
-2.139,0.563,0.125,17.230,-83.624,0.613,435777375.000
-2.140,0.568,0.125,17.233,-83.527,0.604,435777476.000
-2.140,0.568,0.122,17.219,-83.439,0.605,435777575.000
-2.138,0.566,0.122,17.226,-83.379,0.615,435777676.000
-2.134,0.566,0.120,17.199,-83.340,0.616,435777775.000
-2.134,0.564,0.125,17.197,-83.251,0.607,435777875.000
-2.130,0.561,0.125,17.169,-83.203,0.599,435777976.000
-2.128,0.565,0.122,17.165,-83.152,0.627,435778076.000
-2.128,0.567,0.118,17.166,-83.096,0.581,435778176.000
-2.122,0.561,0.130,17.156,-83.020,0.602,435778275.000
-2.120,0.565,0.115,17.139,-82.961,0.602,435778376.000
-2.122,0.561,0.118,17.102,-82.892,0.602,435778476.000
-2.120,0.562,0.122,17.096,-82.815,0.621,435778575.000
-2.118,0.558,0.125,17.060,-82.772,0.622,435778675.000
-2.116,0.562,0.123,17.069,-82.696,0.595,435778776.000
-2.110,0.563,0.120,17.050,-82.524,0.588,435778875.000
-2.110,0.561,0.120,17.035,-82.476,0.607,435778975.000
-2.106,0.558,0.120,16.979,-82.429,0.570,435779076.000
-2.108,0.557,0.125,16.985,-82.327,0.608,435779176.000
-2.104,0.562,0.123,16.974,-82.312,0.599,435779275.000
-2.104,0.559,0.120,16.973,-82.223,0.591,435779376.000
-2.102,0.558,0.120,16.979,-82.212,0.573,435779475.000
-2.105,0.559,0.118,16.960,-82.135,0.591,435779575.000
-2.098,0.555,0.115,16.910,-82.109,0.592,435779676.000
-2.101,0.556,0.118,16.931,-82.039,0.583,435779775.000
-2.096,0.554,0.120,16.889,-81.984,0.575,435779876.000
-2.094,0.555,0.115,16.897,-81.916,0.594,435779976.000
-2.097,0.554,0.118,16.876,-81.895,0.603,435780075.000
-2.095,0.555,0.118,16.897,-81.835,0.595,435780176.000
-2.090,0.555,0.118,16.884,-81.788,0.596,435780276.000
-2.091,0.555,0.123,16.870,-81.747,0.568,435780375.000
-2.091,0.552,0.125,16.841,-81.691,0.587,435780475.000
-2.087,0.552,0.123,16.842,-81.652,0.588,435780575.000
-2.089,0.556,0.123,16.864,-81.590,0.588,435780676.000
-2.085,0.551,0.120,16.807,-81.552,0.570,435780776.000
-2.087,0.552,0.120,16.814,-81.490,0.589,435780875.000
-2.085,0.551,0.120,16.807,-81.455,0.599,435780975.000
-2.081,0.553,0.118,16.809,-81.392,0.581,435781075.000
-2.085,0.553,0.115,16.809,-81.350,0.581,435781175.000
-2.081,0.553,0.115,16.782,-81.327,0.582,435781275.000
-2.083,0.550,0.120,16.759,-81.250,0.582,435781375.000
-2.079,0.549,0.115,16.760,-81.195,0.583,435781475.000
-2.077,0.553,0.123,16.768,-81.183,0.583,435781575.000
-2.071,0.552,0.113,16.762,-81.157,0.566,435781676.000
-2.071,0.544,0.123,16.689,-81.076,0.594,435781775.000
-2.071,0.552,0.118,16.748,-81.068,0.594,435781875.000
-2.071,0.547,0.115,16.718,-81.003,0.576,435781975.000
-2.071,0.547,0.118,16.704,-80.947,0.577,435782075.000
-2.067,0.549,0.113,16.720,-80.940,0.587,435782175.000
-2.067,0.552,0.118,16.707,-80.875,0.568,435782275.000
-2.069,0.548,0.118,16.671,-80.790,0.569,435782375.000
-2.067,0.549,0.113,16.706,-80.771,0.560,435782476.000
-2.063,0.549,0.116,16.693,-80.739,0.561,435782576.000
-2.063,0.547,0.120,16.664,-80.699,0.580,435782677.000
-2.061,0.545,0.116,16.643,-80.655,0.562,435782777.000
-2.066,0.548,0.115,16.658,-80.581,0.571,435782876.000
-2.057,0.545,0.118,16.630,-80.576,0.563,435782976.000
-2.062,0.545,0.115,16.644,-80.510,0.590,435783076.000
-2.057,0.548,0.115,16.632,-80.487,0.600,435783177.000
-2.060,0.546,0.116,16.637,-80.450,0.554,435783276.000
-2.056,0.544,0.116,16.609,-80.403,0.574,435783376.000
-2.053,0.540,0.120,16.573,-80.375,0.602,435783477.000
-2.056,0.546,0.118,16.611,-80.346,0.583,435783577.000
-2.054,0.540,0.113,16.573,-80.279,0.575,435783676.000
-2.049,0.548,0.111,16.606,-80.264,0.548,435783776.000
-2.047,0.546,0.116,16.570,-80.212,0.557,435783877.000
-2.050,0.545,0.118,16.576,-80.191,0.567,435783977.000
-2.048,0.546,0.118,16.570,-80.131,0.558,435784076.000
-2.043,0.541,0.111,16.528,-80.133,0.568,435784176.000
-2.046,0.542,0.118,16.576,-80.046,0.587,435784277.000
-2.044,0.544,0.116,16.556,-80.043,0.578,435784377.000
-2.044,0.538,0.116,16.512,-79.971,0.588,435784477.000
-2.046,0.542,0.118,16.534,-79.925,0.560,435784577.000
-2.040,0.544,0.123,16.515,-79.899,0.579,435784676.000
-2.042,0.540,0.116,16.506,-79.862,0.579,435784777.000
-2.038,0.537,0.118,16.492,-79.855,0.571,435784876.000
-2.042,0.540,0.118,16.493,-79.757,0.580,435784977.000
-2.040,0.546,0.113,16.531,-79.738,0.562,435785076.000
-2.038,0.537,0.116,16.464,-79.694,0.544,435785176.000
-2.034,0.539,0.113,16.480,-79.703,0.554,435785277.000
-2.034,0.537,0.113,16.437,-79.655,0.545,435785377.000
-2.034,0.542,0.121,16.467,-79.606,0.564,435785476.000
-2.032,0.538,0.118,16.431,-79.579,0.564,435785576.000
-2.030,0.542,0.113,16.441,-79.536,0.565,435785677.000
-2.030,0.539,0.113,16.439,-79.511,0.556,435785777.000
-2.030,0.537,0.113,16.397,-79.463,0.547,435785876.000
-2.028,0.541,0.118,16.447,-79.459,0.575,435785976.000
-2.030,0.539,0.113,16.412,-79.366,0.557,435786076.000
-2.026,0.537,0.113,16.397,-79.343,0.548,435786177.000
-2.031,0.537,0.118,16.397,-79.301,0.576,435786277.000
-2.026,0.539,0.113,16.399,-79.270,0.558,435786377.000
-2.024,0.538,0.111,16.378,-79.243,0.540,435786477.000
-2.022,0.537,0.108,16.370,-79.240,0.522,435786577.000
-2.024,0.538,0.118,16.392,-79.169,0.568,435786677.000
-2.025,0.535,0.116,16.363,-79.129,0.559,435786776.000
-2.020,0.538,0.118,16.351,-79.122,0.569,435786877.000
-2.018,0.534,0.116,16.328,-79.071,0.542,435786977.000
-2.023,0.536,0.118,16.357,-79.037,0.551,435787076.000
-2.018,0.536,0.106,16.344,-79.007,0.552,435787176.000
-2.019,0.531,0.116,16.313,-78.974,0.561,435787275.000
-2.021,0.540,0.116,16.352,-78.937,0.552,435787376.000
-2.017,0.533,0.113,16.294,-78.922,0.552,435787476.000
-2.017,0.533,0.113,16.280,-78.898,0.553,435787577.000
-2.017,0.532,0.116,16.294,-78.841,0.553,435787675.000
-2.017,0.535,0.108,16.323,-78.818,0.563,435787775.000
-2.013,0.535,0.111,16.282,-78.787,0.563,435787875.000
-2.015,0.531,0.113,16.259,-78.741,0.536,435787975.000
-2.008,0.535,0.116,16.297,-78.723,0.564,435788076.000
-2.011,0.531,0.121,16.259,-78.718,0.536,435788176.000
-2.011,0.534,0.113,16.275,-78.670,0.546,435788276.000
-2.011,0.534,0.108,16.276,-78.638,0.574,435788376.000
-2.009,0.532,0.113,16.254,-78.610,0.556,435788476.000
-2.007,0.536,0.113,16.277,-78.574,0.556,435788575.000
-2.009,0.530,0.111,16.225,-78.521,0.547,435788675.000
-2.005,0.535,0.111,16.256,-78.498,0.566,435788775.000
-2.005,0.535,0.118,16.242,-78.473,0.539,435788875.000
-2.005,0.532,0.116,16.213,-78.433,0.557,435788976.000
-2.003,0.528,0.116,16.218,-78.446,0.558,435789075.000
-2.007,0.531,0.113,16.205,-78.356,0.539,435789176.000
-2.003,0.531,0.111,16.206,-78.366,0.540,435789275.000
-2.001,0.532,0.113,16.200,-78.322,0.559,435789375.000
-2.001,0.529,0.119,16.198,-78.281,0.522,435789475.000
-1.999,0.531,0.111,16.165,-78.270,0.541,435789575.000
-2.001,0.530,0.111,16.171,-78.233,0.550,435789676.000
-2.001,0.532,0.118,16.186,-78.184,0.532,435789775.000
-1.997,0.532,0.114,16.173,-78.202,0.533,435789875.000
-1.995,0.531,0.109,16.194,-78.134,0.543,435789976.000
-1.997,0.527,0.111,16.129,-78.114,0.542,435790075.000
-1.995,0.531,0.109,16.166,-78.086,0.515,435790175.000
-1.991,0.528,0.116,16.138,-78.087,0.562,435790276.000
-1.995,0.528,0.113,16.137,-78.045,0.562,435790376.000
-1.995,0.528,0.111,16.137,-78.029,0.534,435790476.000
-1.991,0.528,0.109,16.110,-77.991,0.535,435790575.000
-1.991,0.531,0.118,16.111,-77.933,0.544,435790676.000
-1.987,0.528,0.109,16.111,-77.919,0.536,435790776.000
-1.987,0.531,0.109,16.154,-77.919,0.545,435790876.000
-1.989,0.529,0.109,16.119,-77.858,0.555,435790976.000
-1.989,0.527,0.118,16.089,-77.849,0.545,435791076.000
-1.987,0.528,0.106,16.084,-77.806,0.537,435791175.000
-1.987,0.531,0.106,16.099,-77.806,0.546,435791275.000
-1.985,0.527,0.106,16.090,-77.746,0.519,435791376.000
-1.983,0.528,0.109,16.057,-77.751,0.537,435791476.000
-1.990,0.529,0.111,16.064,-77.680,0.556,435791576.000
-1.986,0.524,0.106,16.048,-77.649,0.538,435791675.000
-1.988,0.525,0.109,16.041,-77.629,0.556,435791775.000
-1.988,0.523,0.109,16.040,-77.604,0.547,435791875.000
-1.984,0.525,0.111,16.055,-77.597,0.530,435791975.000
-1.984,0.528,0.111,16.071,-77.549,0.539,435792076.000
-1.979,0.528,0.111,16.057,-77.550,0.540,435792175.000
-1.982,0.527,0.111,16.036,-77.513,0.549,435792276.000
-1.982,0.524,0.109,16.034,-77.473,0.512,435792376.000
-1.980,0.525,0.114,16.014,-77.469,0.531,435792476.000
-1.977,0.524,0.104,16.008,-77.467,0.540,435792575.000
-1.980,0.530,0.114,16.031,-77.396,0.522,435792676.000
-1.980,0.525,0.111,15.987,-77.356,0.532,435792775.000
-1.980,0.522,0.109,15.972,-77.340,0.522,435792875.000
-1.973,0.524,0.111,15.994,-77.370,0.542,435792975.000
-1.978,0.524,0.111,15.966,-77.297,0.541,435793075.000
-1.980,0.528,0.111,15.975,-77.260,0.541,435793176.000
-1.974,0.524,0.109,15.967,-77.258,0.542,435793276.000
-1.974,0.524,0.109,15.980,-77.233,0.515,435793376.000
-1.974,0.521,0.114,15.951,-77.192,0.534,435793475.000
-1.972,0.522,0.111,15.973,-77.165,0.525,435793576.000
-1.968,0.525,0.109,15.948,-77.151,0.535,435793675.000
-1.967,0.522,0.104,15.961,-77.167,0.526,435793775.000
-1.968,0.522,0.106,15.947,-77.110,0.526,435793875.000
-1.968,0.520,0.111,15.917,-77.069,0.517,435793975.000
-1.966,0.524,0.106,15.913,-77.051,0.517,435794075.000
-1.968,0.517,0.109,15.903,-77.005,0.536,435794175.000
-1.968,0.522,0.109,15.919,-76.981,0.527,435794276.000
-1.966,0.526,0.111,15.928,-76.985,0.527,435794376.000
-1.964,0.522,0.124,15.918,-76.956,0.528,435794476.000
-1.962,0.521,0.109,15.898,-76.946,0.509,435794575.000
-1.964,0.520,0.109,15.891,-76.885,0.519,435794676.000
-1.960,0.522,0.106,15.906,-76.895,0.501,435794776.000
-1.962,0.523,0.106,15.900,-76.858,0.519,435794876.000
-1.962,0.521,0.114,15.871,-76.833,0.538,435794976.000
-1.960,0.520,0.109,15.877,-76.790,0.520,435795076.000
-1.960,0.522,0.111,15.893,-76.806,0.529,435795175.000
-1.960,0.520,0.106,15.864,-76.750,0.520,435795276.000
-1.958,0.523,0.109,15.900,-76.705,0.493,435795375.000
-1.958,0.521,0.109,15.872,-76.681,0.539,435795475.000
-1.956,0.522,0.106,15.880,-76.678,0.531,435795575.000
-1.960,0.519,0.119,15.849,-76.660,0.521,435795676.000
-1.958,0.521,0.109,15.858,-76.609,0.512,435795775.000
-1.960,0.522,0.111,15.837,-76.563,0.503,435795876.000
-1.954,0.518,0.106,15.830,-76.594,0.531,435795975.000
-1.956,0.525,0.109,15.868,-76.549,0.541,435796075.000
-1.956,0.517,0.114,15.808,-76.508,0.541,435796176.000
-1.954,0.521,0.106,15.831,-76.521,0.513,435796276.000
-1.952,0.517,0.106,15.795,-76.510,0.514,435796376.000
-1.950,0.521,0.107,15.831,-76.498,0.486,435796475.000
-1.952,0.522,0.111,15.839,-76.421,0.533,435796576.000
-1.952,0.519,0.109,15.824,-76.404,0.496,435796676.000
-1.952,0.519,0.114,15.796,-76.388,0.524,435796775.000
-1.955,0.518,0.101,15.761,-76.345,0.505,435796875.000
-1.950,0.518,0.106,15.789,-76.353,0.506,435796976.000
-1.948,0.522,0.109,15.812,-76.333,0.534,435797075.000
-1.948,0.517,0.106,15.768,-76.293,0.516,435797176.000
-1.948,0.517,0.111,15.768,-76.277,0.516,435797275.000
-1.948,0.517,0.111,15.740,-76.277,0.516,435797375.000
-1.946,0.518,0.111,15.748,-76.241,0.507,435797476.000
-1.946,0.518,0.114,15.776,-76.208,0.535,435797575.000
-1.944,0.522,0.114,15.771,-76.221,0.535,435797675.000
-1.947,0.513,0.104,15.718,-76.145,0.517,435797776.000
-1.944,0.517,0.111,15.741,-76.157,0.517,435797875.000
-1.947,0.520,0.109,15.750,-76.104,0.517,435797975.000
-1.945,0.516,0.111,15.741,-76.108,0.490,435798075.000
-1.942,0.513,0.106,15.691,-76.089,0.490,435798176.000
-1.940,0.514,0.111,15.713,-76.061,0.509,435798275.000
-1.945,0.514,0.114,15.726,-76.027,0.509,435798376.000
-1.941,0.517,0.111,15.728,-76.013,0.519,435798476.000
-1.941,0.516,0.109,15.686,-75.973,0.491,435798576.000
-1.943,0.513,0.109,15.678,-75.936,0.519,435798676.000
-1.938,0.515,0.106,15.680,-75.970,0.528,435798776.000
-1.941,0.516,0.102,15.715,-75.925,0.492,435798876.000
-1.939,0.520,0.109,15.751,-75.912,0.492,435798976.000
-1.939,0.515,0.109,15.666,-75.864,0.501,435799075.000
-1.937,0.514,0.109,15.673,-75.853,0.539,435799176.000
-1.939,0.512,0.107,15.664,-75.824,0.493,435799275.000
-1.937,0.511,0.109,15.643,-75.829,0.502,435799375.000
-1.937,0.511,0.104,15.643,-75.797,0.475,435799476.000
-1.935,0.515,0.109,15.652,-75.769,0.503,435799576.000
-1.930,0.518,0.104,15.668,-75.762,0.485,435799675.000
-1.935,0.518,0.107,15.682,-75.729,0.512,435799775.000
-1.937,0.514,0.106,15.645,-75.692,0.512,435799877.000
-1.931,0.515,0.107,15.639,-75.706,0.504,435799977.000
-1.935,0.510,0.107,15.622,-75.656,0.485,435800076.000
-1.935,0.520,0.109,15.683,-75.623,0.495,435800177.000
-1.931,0.515,0.107,15.653,-75.633,0.504,435800276.000
-1.933,0.516,0.109,15.661,-75.588,0.523,435800377.000
-1.929,0.514,0.104,15.619,-75.581,0.514,435800476.000
-1.929,0.508,0.109,15.574,-75.589,0.496,435800577.000
-1.931,0.510,0.109,15.582,-75.528,0.514,435800676.000
-1.931,0.515,0.104,15.626,-75.472,0.478,435800777.000
-1.927,0.515,0.109,15.612,-75.505,0.478,435800876.000
-1.927,0.512,0.107,15.611,-75.465,0.497,435800977.000
-1.925,0.514,0.107,15.591,-75.478,0.488,435801077.000
-1.929,0.514,0.104,15.591,-75.436,0.487,435801177.000
-1.927,0.515,0.112,15.599,-75.400,0.506,435801277.000
-1.925,0.514,0.112,15.577,-75.388,0.488,435801377.000
-1.925,0.513,0.104,15.605,-75.389,0.488,435801476.000
-1.925,0.511,0.102,15.549,-75.349,0.507,435801577.000
-1.921,0.508,0.104,15.562,-75.342,0.499,435801676.000
-1.925,0.513,0.107,15.577,-75.308,0.461,435801777.000
-1.923,0.512,0.109,15.570,-75.288,0.499,435801877.000
-1.923,0.512,0.109,15.543,-75.288,0.526,435801977.000
-1.921,0.508,0.109,15.520,-75.253,0.499,435802077.000
-1.923,0.510,0.112,15.527,-75.207,0.490,435802176.000
-1.923,0.512,0.112,15.543,-75.207,0.499,435802276.000
-1.921,0.511,0.107,15.549,-75.164,0.481,435802377.000
-1.921,0.506,0.109,15.519,-75.180,0.490,435802476.000
-1.919,0.509,0.104,15.501,-75.137,0.491,435802576.000
-1.915,0.512,0.107,15.531,-75.154,0.501,435802677.000
-1.919,0.509,0.109,15.501,-75.120,0.491,435802776.000
-1.915,0.512,0.104,15.545,-75.113,0.501,435802876.000
-1.917,0.511,0.104,15.523,-75.077,0.482,435802977.000
-1.917,0.511,0.107,15.509,-75.068,0.482,435803077.000
-1.917,0.506,0.102,15.451,-75.037,0.492,435803176.000
-1.917,0.511,0.104,15.509,-75.052,0.482,435803276.000
-1.915,0.509,0.109,15.502,-75.000,0.520,435803376.000
-1.915,0.504,0.104,15.444,-74.969,0.502,435803476.000
-1.913,0.511,0.102,15.496,-74.989,0.483,435803577.000
-1.915,0.509,0.102,15.502,-74.952,0.493,435803676.000
-1.913,0.511,0.109,15.482,-74.916,0.484,435803776.000
-1.918,0.505,0.107,15.437,-74.899,0.493,435803876.000
-1.916,0.507,0.107,15.459,-74.887,0.484,435803977.000
-1.911,0.509,0.107,15.461,-74.889,0.494,435804077.000
-1.911,0.507,0.104,15.459,-74.848,0.457,435804176.000
-1.914,0.508,0.107,15.453,-74.827,0.475,435804277.000
-1.911,0.512,0.107,15.463,-74.816,0.503,435804376.000
-1.912,0.507,0.102,15.460,-74.784,0.458,435804477.000
-1.912,0.507,0.104,15.418,-74.776,0.457,435804576.000
-1.909,0.508,0.102,15.413,-74.749,0.476,435804677.000
-1.907,0.507,0.107,15.419,-74.769,0.486,435804777.000
-1.907,0.507,0.104,15.433,-74.729,0.486,435804877.000
-1.910,0.503,0.107,15.395,-74.708,0.458,435804976.000
-1.903,0.509,0.107,15.421,-74.722,0.496,435805076.000
-1.908,0.507,0.104,15.419,-74.656,0.459,435805176.000
-1.910,0.508,0.097,15.386,-74.620,0.477,435805277.000
-1.906,0.500,0.104,15.368,-74.645,0.478,435805376.000
-1.905,0.508,0.102,15.386,-74.629,0.477,435805477.000
-1.903,0.509,0.102,15.422,-74.593,0.497,435805576.000
-1.903,0.506,0.104,15.392,-74.585,0.460,435805677.000
-1.904,0.504,0.104,15.377,-74.585,0.506,435805776.000
-1.901,0.505,0.104,15.385,-74.549,0.470,435805876.000
-1.901,0.508,0.104,15.400,-74.549,0.479,435805976.000
-1.901,0.508,0.107,15.386,-74.541,0.479,435806076.000
-1.904,0.504,0.104,15.363,-74.464,0.479,435806177.000
-1.902,0.505,0.109,15.384,-74.484,0.470,435806277.000
-1.895,0.501,0.107,15.322,-74.482,0.499,435806377.000
-1.900,0.507,0.107,15.365,-74.432,0.489,435806477.000
-1.900,0.504,0.109,15.336,-74.424,0.452,435806576.000
-1.902,0.505,0.104,15.357,-74.404,0.471,435806676.000
-1.895,0.504,0.107,15.337,-74.385,0.481,435806776.000
-1.902,0.505,0.109,15.371,-74.363,0.471,435806876.000
-1.898,0.508,0.107,15.373,-74.348,0.453,435806977.000
-1.896,0.506,0.104,15.338,-74.345,0.463,435807076.000
-1.898,0.505,0.099,15.331,-74.301,0.472,435807176.000
-1.896,0.504,0.109,15.309,-74.304,0.481,435807276.000
-1.896,0.509,0.104,15.367,-74.272,0.472,435807376.000
-1.896,0.501,0.104,15.294,-74.273,0.472,435807477.000
-1.896,0.509,0.107,15.312,-74.240,0.472,435807576.000
-1.898,0.505,0.102,15.317,-74.195,0.472,435807677.000
-1.896,0.501,0.109,15.294,-74.159,0.473,435807777.000
-1.894,0.505,0.102,15.303,-74.197,0.445,435807876.000
-1.892,0.501,0.104,15.295,-74.153,0.474,435807977.000
-1.892,0.501,0.102,15.281,-74.161,0.446,435808077.000
-1.894,0.510,0.107,15.306,-74.132,0.464,435808177.000
-1.892,0.501,0.102,15.309,-74.112,0.474,435808276.000
-1.894,0.502,0.102,15.261,-74.100,0.464,435808376.000
-1.890,0.497,0.102,15.218,-74.101,0.474,435808477.000
-1.890,0.505,0.099,15.277,-74.061,0.474,435808577.000
-1.892,0.501,0.112,15.253,-74.031,0.474,435808676.000
-1.890,0.500,0.102,15.246,-74.028,0.456,435808776.000
-1.888,0.504,0.107,15.283,-74.000,0.457,435808877.000
-1.888,0.501,0.102,15.227,-73.993,0.447,435808976.000
-1.886,0.502,0.102,15.248,-74.030,0.438,435809077.000
-1.886,0.505,0.104,15.249,-73.973,0.448,435809177.000
-1.886,0.500,0.102,15.247,-73.957,0.457,435809277.000
-1.886,0.502,0.104,15.248,-73.949,0.467,435809376.000
-1.888,0.504,0.109,15.256,-73.919,0.485,435809476.000
-1.886,0.500,0.102,15.219,-73.909,0.458,435809577.000
-1.888,0.498,0.104,15.212,-73.863,0.467,435809677.000
-1.888,0.501,0.104,15.213,-73.839,0.449,435809776.000
-1.886,0.500,0.107,15.219,-73.844,0.458,435809876.000
-1.880,0.498,0.102,15.199,-73.874,0.440,435809976.000
-1.884,0.501,0.102,15.200,-73.825,0.449,435810076.000
-1.886,0.505,0.100,15.250,-73.796,0.449,435810177.000
-1.882,0.502,0.102,15.208,-73.789,0.496,435810277.000
-1.882,0.500,0.097,15.207,-73.781,0.487,435810377.000
-1.882,0.500,0.099,15.193,-73.773,0.487,435810476.000
-1.882,0.502,0.102,15.208,-73.740,0.469,435810576.000
-1.884,0.503,0.107,15.201,-73.687,0.459,435810676.000
-1.882,0.499,0.097,15.165,-73.709,0.432,435810777.000
-1.882,0.500,0.104,15.179,-73.684,0.460,435810877.000
-1.882,0.502,0.107,15.194,-73.651,0.469,435810977.000
-1.885,0.501,0.102,15.145,-73.631,0.450,435811076.000
-1.880,0.501,0.102,15.159,-73.632,0.451,435811176.000
-1.880,0.498,0.104,15.144,-73.648,0.442,435811276.000
-1.876,0.498,0.105,15.144,-73.625,0.442,435811377.000
-1.880,0.498,0.100,15.144,-73.568,0.442,435811476.000
-1.883,0.502,0.107,15.166,-73.554,0.470,435811576.000
-1.876,0.501,0.102,15.174,-73.585,0.452,435811676.000
-1.874,0.497,0.097,15.124,-73.566,0.452,435811777.000
-1.876,0.501,0.104,15.132,-73.528,0.452,435811876.000
-1.872,0.503,0.102,15.121,-73.538,0.462,435811976.000
-1.876,0.501,0.104,15.132,-73.480,0.453,435812076.000
-1.874,0.499,0.102,15.097,-73.477,0.434,435812176.000
-1.874,0.499,0.102,15.153,-73.477,0.462,435812277.000
-1.872,0.496,0.104,15.103,-73.457,0.463,435812376.000
-1.874,0.499,0.100,15.111,-73.437,0.435,435812477.000
-1.870,0.497,0.097,15.111,-73.422,0.426,435812577.000
-1.874,0.497,0.100,15.096,-73.388,0.453,435812676.000
-1.872,0.495,0.102,15.102,-73.392,0.435,435812775.000
-1.877,0.500,0.102,15.132,-73.367,0.426,435812876.000
-1.875,0.497,0.100,15.096,-73.340,0.454,435812975.000
-1.870,0.497,0.107,15.083,-73.340,0.482,435813075.000
-1.872,0.501,0.107,15.091,-73.352,0.426,435813176.000
-1.870,0.499,0.110,15.097,-73.308,0.436,435813275.000
-1.875,0.497,0.102,15.083,-73.283,0.454,435813375.000
-1.870,0.499,0.109,15.084,-73.284,0.464,435813476.000
-1.871,0.499,0.105,15.112,-73.251,0.437,435813575.000
-1.871,0.497,0.107,15.083,-73.243,0.455,435813676.000
-1.871,0.497,0.107,15.083,-73.243,0.455,435813776.000
-1.868,0.498,0.109,15.063,-73.224,0.474,435813876.000
-1.868,0.500,0.102,15.051,-73.225,0.427,435813975.000
-1.869,0.495,0.109,15.034,-73.200,0.437,435814075.000
-1.864,0.501,0.102,15.079,-73.201,0.456,435814176.000
-1.869,0.495,0.107,15.048,-73.159,0.465,435814276.000
-1.866,0.497,0.102,15.042,-73.165,0.428,435814375.000
-1.869,0.498,0.105,15.049,-73.119,0.447,435814475.000
-1.862,0.492,0.109,15.040,-73.141,0.466,435814576.000
-1.864,0.495,0.102,15.049,-73.104,0.466,435814675.000
-1.867,0.499,0.105,15.057,-73.083,0.438,435814775.000
-1.869,0.498,0.105,15.063,-73.046,0.448,435814875.000
-1.867,0.496,0.095,15.029,-73.044,0.429,435814975.000
-1.865,0.500,0.100,15.038,-73.065,0.429,435815075.000
-1.862,0.497,0.107,15.029,-73.052,0.430,435815175.000
-1.862,0.499,0.097,15.031,-73.061,0.439,435815276.000
-1.863,0.497,0.105,15.002,-73.037,0.457,435815375.000
-1.860,0.500,0.107,15.024,-73.017,0.458,435815476.000
-1.860,0.498,0.102,15.023,-73.009,0.449,435815576.000
-1.858,0.499,0.102,15.031,-72.973,0.440,435815675.000
-1.861,0.500,0.105,15.039,-72.976,0.458,435815775.000
-1.863,0.497,0.107,14.988,-72.931,0.458,435815876.000
-1.858,0.496,0.105,15.016,-72.941,0.431,435815976.000
-1.858,0.496,0.105,15.016,-72.941,0.431,435816075.000
-1.861,0.495,0.100,14.967,-72.872,0.440,435816176.000
-1.859,0.489,0.105,14.943,-72.892,0.431,435816276.000
-1.856,0.493,0.102,14.966,-72.889,0.432,435816375.000
-1.861,0.498,0.105,14.995,-72.831,0.422,435816476.000
-1.859,0.499,0.107,15.017,-72.835,0.441,435816575.000
-1.859,0.496,0.100,14.989,-72.812,0.432,435816676.000
-1.857,0.495,0.100,14.968,-72.801,0.441,435816776.000
-1.859,0.491,0.105,14.958,-72.795,0.441,435816876.000
-1.859,0.496,0.102,14.961,-72.780,0.432,435816976.000
-1.859,0.494,0.102,14.932,-72.756,0.450,435817075.000
-1.853,0.498,0.112,14.969,-72.785,0.451,435817175.000
-1.853,0.490,0.110,14.910,-72.745,0.452,435817276.000
-1.855,0.494,0.105,14.933,-72.749,0.451,435817377.000
-1.855,0.499,0.105,14.977,-72.724,0.442,435817477.000
-1.848,0.493,0.102,14.940,-72.746,0.434,435817576.000
-1.855,0.496,0.102,14.934,-72.709,0.461,435817676.000
-1.853,0.493,0.105,14.912,-72.689,0.461,435817776.000
-1.853,0.495,0.102,14.927,-72.673,0.443,435817877.000
-1.855,0.494,0.102,14.933,-72.636,0.424,435817976.000
-1.853,0.495,0.105,14.913,-72.616,0.443,435818076.000
-1.855,0.496,0.105,14.920,-72.603,0.434,435818176.000
-1.851,0.494,0.107,14.933,-72.596,0.453,435818276.000
-1.851,0.494,0.105,14.892,-72.605,0.453,435818376.000
-1.849,0.490,0.105,14.911,-72.593,0.426,435818477.000
-1.851,0.496,0.105,14.935,-72.556,0.435,435818577.000
-1.851,0.491,0.100,14.891,-72.548,0.444,435818676.000
-1.851,0.494,0.095,14.893,-72.492,0.426,435818777.000
-1.851,0.494,0.102,14.906,-72.516,0.426,435818877.000
-1.849,0.497,0.100,14.929,-72.513,0.426,435818977.000
-1.853,0.492,0.102,14.884,-72.479,0.435,435819076.000
-1.851,0.494,0.102,14.892,-72.492,0.426,435819176.000
-1.847,0.496,0.105,14.908,-72.485,0.436,435819277.000
-1.849,0.495,0.102,14.886,-72.480,0.417,435819376.000
-1.847,0.494,0.100,14.893,-72.453,0.427,435819477.000
-1.849,0.490,0.102,14.870,-72.407,0.427,435819576.000
-1.845,0.495,0.100,14.887,-72.441,0.418,435819676.000
-1.845,0.490,0.102,14.829,-72.409,0.427,435819776.000
-1.845,0.495,0.105,14.873,-72.401,0.418,435819877.000
-1.847,0.494,0.100,14.879,-72.380,0.427,435819976.000
-1.845,0.492,0.100,14.858,-72.369,0.409,435820077.000
-1.845,0.492,0.107,14.844,-72.344,0.437,435820176.000
-1.849,0.492,0.105,14.843,-72.303,0.437,435820277.000
-1.843,0.494,0.100,14.866,-72.333,0.428,435820376.000
-1.845,0.492,0.100,14.830,-72.320,0.409,435820477.000
-1.847,0.491,0.100,14.836,-72.283,0.419,435820577.000
-1.843,0.494,0.105,14.866,-72.316,0.428,435820676.000
-1.847,0.494,0.110,14.838,-72.226,0.456,435820777.000
-1.843,0.491,0.100,14.851,-72.236,0.447,435820877.000
-1.843,0.491,0.105,14.823,-72.220,0.420,435820976.000
-1.845,0.492,0.102,14.830,-72.239,0.410,435821077.000
-1.843,0.499,0.105,14.868,-72.220,0.419,435821176.000
-1.843,0.493,0.107,14.838,-72.187,0.429,435821276.000
-1.841,0.490,0.105,14.816,-72.184,0.429,435821377.000
-1.843,0.493,0.097,14.811,-72.172,0.401,435821476.000
-1.841,0.492,0.102,14.817,-72.144,0.439,435821576.000
-1.841,0.495,0.107,14.846,-72.151,0.448,435821677.000
-1.839,0.488,0.107,14.767,-72.140,0.439,435821777.000
-1.839,0.491,0.100,14.796,-72.116,0.421,435821876.000
-1.837,0.492,0.100,14.804,-72.129,0.412,435821977.000
-1.837,0.492,0.105,14.804,-72.113,0.412,435822077.000
-1.835,0.493,0.102,14.812,-72.109,0.403,435822176.000
-1.839,0.491,0.100,14.796,-72.068,0.421,435822277.000
-1.839,0.493,0.100,14.798,-72.044,0.430,435822377.000
-1.837,0.489,0.100,14.775,-72.008,0.403,435822477.000
-1.837,0.492,0.097,14.804,-72.065,0.412,435822577.000
-1.837,0.492,0.102,14.791,-72.024,0.440,435822676.000
-1.835,0.488,0.105,14.754,-72.029,0.440,435822777.000
-1.835,0.493,0.102,14.812,-72.012,0.404,435822876.000
-1.837,0.492,0.100,14.762,-71.960,0.385,435822977.000
-1.837,0.487,0.097,14.732,-71.944,0.394,435823076.000
-1.835,0.493,0.100,14.771,-71.973,0.404,435823176.000
-1.835,0.493,0.100,14.771,-71.973,0.404,435823276.000
-1.831,0.491,0.100,14.783,-71.949,0.396,435823376.000
-1.838,0.487,0.110,14.732,-71.927,0.422,435823477.000
-1.833,0.492,0.105,14.763,-71.920,0.386,435823576.000
-1.836,0.483,0.105,14.696,-71.883,0.423,435823676.000
-1.833,0.489,0.105,14.734,-71.896,0.432,435823776.000
-1.833,0.489,0.100,14.735,-71.864,0.432,435823876.000
-1.833,0.492,0.100,14.777,-71.864,0.414,435823976.000
-1.834,0.487,0.105,14.733,-71.823,0.424,435824076.000
-1.833,0.494,0.097,14.792,-71.848,0.396,435824176.000
-1.834,0.492,0.105,14.749,-71.799,0.414,435824277.000
-1.834,0.492,0.102,14.722,-71.783,0.414,435824376.000
-1.831,0.491,0.100,14.728,-71.804,0.396,435824477.000
-1.834,0.492,0.102,14.750,-71.783,0.415,435824576.000
-1.834,0.489,0.105,14.707,-71.751,0.405,435824676.000
-1.832,0.488,0.105,14.727,-71.763,0.415,435824776.000
-1.829,0.489,0.102,14.694,-71.736,0.406,435824877.000
-1.827,0.491,0.097,14.688,-71.742,0.425,435824976.000
-1.829,0.489,0.095,14.722,-71.737,0.406,435825077.000
-1.832,0.488,0.105,14.686,-71.691,0.415,435825177.000
-1.830,0.492,0.102,14.723,-71.712,0.416,435825276.000
-1.830,0.492,0.097,14.723,-71.680,0.388,435825376.000
-1.830,0.492,0.102,14.723,-71.663,0.416,435825476.000
-1.825,0.487,0.095,14.666,-71.690,0.398,435825576.000
-1.827,0.485,0.095,14.671,-71.653,0.379,435825677.000
-1.830,0.489,0.105,14.666,-71.607,0.435,435825777.000
-1.828,0.488,0.102,14.686,-71.603,0.389,435825877.000
-1.828,0.490,0.097,14.688,-71.596,0.398,435825977.000
-1.825,0.489,0.102,14.667,-71.616,0.407,435826077.000
-1.828,0.490,0.097,14.688,-71.596,0.398,435826176.000
-1.823,0.490,0.100,14.689,-71.589,0.399,435826277.000
-1.826,0.494,0.105,14.724,-71.584,0.399,435826376.000
-1.826,0.489,0.098,14.694,-71.536,0.381,435826477.000
-1.828,0.488,0.097,14.687,-71.523,0.390,435826576.000
-1.824,0.485,0.102,14.658,-71.556,0.408,435826677.000
-1.826,0.487,0.105,14.666,-71.511,0.427,435826776.000
-1.824,0.488,0.100,14.660,-71.516,0.418,435826876.000
-1.824,0.488,0.102,14.632,-71.484,0.418,435826977.000
-1.824,0.485,0.107,14.644,-71.516,0.409,435827076.000
-1.824,0.490,0.107,14.661,-71.443,0.400,435827176.000
-1.822,0.492,0.097,14.656,-71.465,0.418,435827276.000
-1.826,0.489,0.102,14.653,-71.447,0.409,435827376.000
-1.824,0.485,0.102,14.631,-71.411,0.409,435827477.000
-1.824,0.488,0.100,14.632,-71.419,0.391,435827576.000
-1.824,0.490,0.105,14.647,-71.403,0.400,435827676.000
-1.820,0.488,0.095,14.633,-71.413,0.391,435827776.000
-1.822,0.486,0.107,14.624,-71.383,0.400,435827876.000
-1.824,0.490,0.102,14.633,-71.363,0.400,435827976.000
-1.824,0.488,0.102,14.618,-71.314,0.391,435828077.000
-1.820,0.488,0.095,14.633,-71.365,0.392,435828177.000
-1.822,0.489,0.100,14.668,-71.335,0.410,435828277.000
-1.820,0.488,0.105,14.633,-71.331,0.420,435828376.000
-1.816,0.485,0.105,14.618,-71.308,0.411,435828477.000
-1.813,0.481,0.100,14.568,-71.338,0.383,435828576.000
-1.820,0.485,0.105,14.562,-71.283,0.410,435828677.000
-1.822,0.489,0.107,14.626,-71.262,0.410,435828777.000
-1.816,0.488,0.095,14.579,-71.294,0.392,435828876.000
-1.813,0.486,0.097,14.585,-71.298,0.402,435828977.000
-1.820,0.485,0.102,14.563,-71.219,0.411,435829077.000
-1.818,0.489,0.100,14.613,-71.215,0.411,435829177.000
-1.816,0.488,0.100,14.606,-71.228,0.393,435829276.000
-1.816,0.488,0.105,14.578,-71.212,0.393,435829377.000
-1.812,0.485,0.107,14.549,-71.229,0.384,435829476.000
-1.818,0.484,0.097,14.555,-71.200,0.393,435829577.000
-1.816,0.485,0.100,14.563,-71.180,0.384,435829676.000
-1.816,0.485,0.100,14.550,-71.156,0.412,435829777.000
-1.818,0.491,0.102,14.629,-71.134,0.421,435829876.000
-1.814,0.484,0.102,14.569,-71.136,0.394,435829976.000
-1.816,0.485,0.102,14.549,-71.123,0.384,435830076.000
-1.814,0.484,0.100,14.556,-71.096,0.394,435830177.000
-1.814,0.489,0.107,14.545,-71.120,0.412,435830276.000
-1.812,0.488,0.105,14.565,-71.116,0.394,435830376.000
-1.812,0.485,0.098,14.536,-71.093,0.385,435830477.000
-1.812,0.488,0.095,14.552,-71.077,0.394,435830577.000
-1.818,0.486,0.105,14.557,-71.029,0.403,435830676.000
-1.814,0.486,0.102,14.544,-71.063,0.403,435830776.000
-1.808,0.485,0.098,14.523,-71.094,0.386,435830876.000
-1.810,0.489,0.100,14.546,-71.049,0.413,435830976.000
-1.812,0.488,0.107,14.565,-71.035,0.395,435831076.000
-1.808,0.488,0.107,14.551,-71.036,0.395,435831177.000
-1.812,0.488,0.100,14.538,-70.988,0.395,435831277.000
-1.810,0.486,0.097,14.517,-71.009,0.404,435831376.000
-1.812,0.485,0.098,14.522,-70.971,0.358,435831476.000
-1.810,0.484,0.098,14.543,-70.984,0.396,435831576.000
-1.808,0.485,0.098,14.537,-70.973,0.359,435831677.000
-1.806,0.486,0.090,14.545,-70.986,0.350,435831776.000
-1.808,0.485,0.093,14.524,-70.965,0.387,435831876.000
-1.808,0.488,0.100,14.525,-70.940,0.396,435831977.000
-1.806,0.481,0.105,14.486,-70.936,0.387,435832076.000
-1.810,0.484,0.105,14.501,-70.911,0.396,435832176.000
-1.810,0.484,0.102,14.515,-70.919,0.396,435832277.000
-1.806,0.486,0.100,14.545,-70.904,0.378,435832376.000
-1.806,0.484,0.100,14.488,-70.881,0.397,435832477.000
-1.806,0.486,0.105,14.489,-70.888,0.378,435832577.000
-1.806,0.484,0.100,14.475,-70.856,0.397,435832676.000
-1.806,0.481,0.100,14.487,-70.856,0.388,435832777.000
-1.806,0.481,0.105,14.473,-70.864,0.388,435832877.000
-1.804,0.487,0.100,14.484,-70.845,0.369,435832976.000
-1.808,0.485,0.098,14.468,-70.804,0.387,435833076.000
-1.804,0.485,0.103,14.496,-70.812,0.388,435833177.000
-1.802,0.486,0.098,14.490,-70.817,0.379,435833276.000
-1.802,0.489,0.103,14.491,-70.825,0.388,435833376.000
-1.806,0.484,0.102,14.447,-70.776,0.397,435833476.000
-1.806,0.483,0.100,14.489,-70.735,0.398,435833576.000
-1.802,0.481,0.100,14.432,-70.785,0.388,435833677.000
-1.804,0.485,0.103,14.469,-70.764,0.388,435833776.000
-1.804,0.482,0.098,14.440,-70.756,0.379,435833877.000
-1.804,0.482,0.105,14.453,-70.731,0.407,435833976.000
-1.802,0.483,0.098,14.448,-70.721,0.370,435834077.000
-1.802,0.486,0.105,14.449,-70.696,0.380,435834177.000
-1.800,0.485,0.100,14.456,-70.701,0.389,435834276.000
-1.802,0.483,0.098,14.461,-70.696,0.371,435834376.000
-1.798,0.483,0.098,14.462,-70.722,0.371,435834476.000
-1.802,0.486,0.103,14.449,-70.680,0.380,435834576.000
-1.804,0.485,0.095,14.455,-70.643,0.362,435834677.000
-1.798,0.486,0.098,14.450,-70.673,0.381,435834776.000
-1.796,0.482,0.105,14.427,-70.637,0.381,435834878.000
-1.798,0.481,0.098,14.420,-70.625,0.390,435834978.000
-1.798,0.481,0.103,14.405,-70.633,0.362,435835077.000
-1.796,0.485,0.095,14.429,-70.598,0.391,435835178.000
-1.800,0.482,0.100,14.440,-70.604,0.381,435835278.000
-1.800,0.480,0.100,14.398,-70.556,0.400,435835377.000
-1.798,0.481,0.100,14.392,-70.593,0.390,435835477.000
-1.796,0.485,0.095,14.442,-70.573,0.363,435835578.000
-1.798,0.483,0.095,14.407,-70.561,0.372,435835678.000
-1.796,0.482,0.098,14.400,-70.541,0.382,435835778.000
-1.794,0.481,0.100,14.392,-70.570,0.363,435835877.000
-1.794,0.486,0.098,14.423,-70.554,0.382,435835978.000
-1.796,0.485,0.095,14.415,-70.525,0.363,435836077.000
-1.796,0.479,0.098,14.385,-70.492,0.373,435836178.000
-1.796,0.485,0.098,14.415,-70.541,0.363,435836277.000
-1.796,0.479,0.098,14.384,-70.492,0.345,435836377.000
-1.796,0.479,0.095,14.357,-70.477,0.373,435836478.000
-1.794,0.483,0.093,14.380,-70.474,0.373,435836577.000
-1.796,0.482,0.100,14.386,-70.436,0.382,435836678.000
-1.792,0.482,0.100,14.400,-70.485,0.355,435836778.000
-1.796,0.482,0.105,14.386,-70.419,0.383,435836878.000
-1.794,0.483,0.107,14.380,-70.424,0.401,435836978.000
-1.794,0.483,0.098,14.394,-70.433,0.374,435837077.000
-1.792,0.482,0.098,14.373,-70.421,0.355,435837177.000
-1.792,0.482,0.103,14.372,-70.404,0.356,435837278.000
-1.797,0.482,0.098,14.359,-70.372,0.383,435837377.000
-1.792,0.482,0.103,14.359,-70.380,0.383,435837477.000
-1.797,0.482,0.100,14.372,-70.363,0.383,435837576.000
-1.794,0.481,0.095,14.338,-70.344,0.365,435837677.000
-1.790,0.483,0.098,14.353,-70.386,0.346,435837777.000
-1.792,0.477,0.100,14.315,-70.340,0.365,435837878.000
-1.788,0.477,0.100,14.329,-70.341,0.366,435837978.000
-1.792,0.479,0.098,14.330,-70.324,0.374,435838077.000
-1.792,0.482,0.100,14.345,-70.292,0.329,435838178.000
-1.793,0.479,0.100,14.343,-70.267,0.347,435838276.000
-1.795,0.481,0.100,14.337,-70.279,0.365,435838376.000
-1.793,0.482,0.103,14.345,-70.259,0.356,435838476.000
-1.790,0.483,0.100,14.339,-70.280,0.347,435838577.000
-1.795,0.483,0.100,14.311,-70.207,0.375,435838677.000
-1.790,0.486,0.098,14.327,-70.265,0.384,435838776.000
-1.790,0.483,0.093,14.340,-70.233,0.375,435838876.000
-1.788,0.484,0.095,14.334,-70.237,0.366,435838976.000
-1.790,0.478,0.100,14.281,-70.232,0.357,435839077.000
-1.788,0.482,0.108,14.317,-70.220,0.357,435839176.000
-1.788,0.482,0.103,14.304,-70.212,0.385,435839278.000
-1.791,0.481,0.103,14.324,-70.199,0.366,435839376.000
-1.786,0.483,0.103,14.312,-70.177,0.348,435839476.000
-1.788,0.482,0.100,14.332,-70.196,0.357,435839577.000
-1.788,0.482,0.100,14.291,-70.172,0.357,435839676.000
-1.786,0.481,0.095,14.311,-70.153,0.367,435839776.000
-1.786,0.483,0.098,14.326,-70.169,0.376,435839876.000
-1.789,0.479,0.103,14.275,-70.140,0.376,435839976.000
-1.791,0.475,0.100,14.266,-70.087,0.376,435840077.000
-1.786,0.481,0.100,14.283,-70.137,0.367,435840177.000
-1.787,0.478,0.095,14.269,-70.105,0.358,435840276.000
-1.787,0.478,0.098,14.282,-70.096,0.358,435840376.000
-1.789,0.479,0.100,14.262,-70.051,0.349,435840477.000
-1.791,0.480,0.100,14.255,-70.063,0.367,435840577.000
-1.787,0.483,0.095,14.285,-70.081,0.349,435840677.000
-1.784,0.479,0.103,14.276,-70.068,0.350,435840776.000
-1.784,0.477,0.100,14.247,-70.077,0.368,435840877.000
-1.785,0.479,0.098,14.276,-70.036,0.350,435840977.000
-1.787,0.478,0.098,14.241,-70.024,0.359,435841077.000
-1.787,0.480,0.093,14.270,-70.016,0.340,435841176.000
-1.789,0.479,0.098,14.262,-69.987,0.349,435841277.000
-1.787,0.478,0.098,14.213,-69.976,0.359,435841377.000
-1.782,0.480,0.095,14.243,-70.009,0.341,435841477.000
-1.785,0.482,0.095,14.264,-69.972,0.359,435841577.000
-1.789,0.484,0.100,14.265,-69.955,0.368,435841676.000
-1.780,0.479,0.095,14.263,-70.022,0.350,435841777.000
-1.785,0.482,0.095,14.264,-69.924,0.360,435841876.000
-1.778,0.480,0.098,14.229,-69.978,0.341,435841976.000
-1.781,0.476,0.103,14.247,-69.924,0.342,435842077.000
-1.781,0.479,0.098,14.263,-69.941,0.351,435842176.000
-1.787,0.478,0.098,14.227,-69.903,0.359,435842276.000
-1.781,0.479,0.093,14.236,-69.909,0.351,435842377.000
-1.781,0.482,0.098,14.250,-69.892,0.333,435842477.000
-1.781,0.479,0.100,14.235,-69.908,0.351,435842577.000
-1.783,0.478,0.100,14.214,-69.872,0.360,435842677.000
-1.781,0.482,0.103,14.250,-69.876,0.361,435842777.000
-1.781,0.474,0.098,14.178,-69.844,0.361,435842876.000
-1.781,0.484,0.103,14.224,-69.852,0.342,435842976.000
-1.779,0.478,0.095,14.187,-69.865,0.333,435843077.000
-1.781,0.482,0.100,14.223,-69.812,0.361,435843177.000
-1.779,0.483,0.093,14.231,-69.825,0.352,435843276.000
-1.781,0.476,0.095,14.207,-69.804,0.343,435843377.000
-1.777,0.482,0.098,14.224,-69.821,0.334,435843476.000
-1.777,0.479,0.103,14.222,-69.829,0.352,435843577.000
-1.781,0.482,0.103,14.223,-69.779,0.361,435843676.000
-1.777,0.479,0.098,14.222,-69.797,0.352,435843777.000
-1.777,0.479,0.093,14.195,-69.765,0.352,435843876.000
-1.777,0.484,0.098,14.225,-69.749,0.343,435843977.000
-1.781,0.479,0.100,14.194,-69.739,0.352,435844076.000
-1.777,0.479,0.095,14.168,-69.733,0.352,435844176.000
-1.779,0.480,0.098,14.188,-69.712,0.343,435844277.000
-1.772,0.479,0.100,14.182,-69.766,0.381,435844377.000
-1.775,0.478,0.095,14.188,-69.745,0.362,435844477.000
-1.779,0.478,0.105,14.173,-69.711,0.362,435844577.000
-1.777,0.476,0.095,14.152,-69.684,0.344,435844676.000
-1.775,0.478,0.100,14.174,-69.705,0.362,435844776.000
-1.770,0.478,0.103,14.174,-69.698,0.363,435844877.000
-1.772,0.479,0.095,14.182,-69.734,0.326,435844976.000
-1.777,0.476,0.095,14.166,-69.660,0.344,435845076.000
-1.777,0.476,0.098,14.166,-69.627,0.344,435845176.000
-1.773,0.476,0.095,14.153,-69.661,0.344,435845276.000
-1.777,0.476,0.103,14.152,-69.635,0.344,435845376.000
-1.777,0.479,0.098,14.181,-69.627,0.353,435845477.000
-1.775,0.478,0.098,14.160,-69.616,0.335,435845577.000
-1.775,0.480,0.093,14.162,-69.609,0.372,435845677.000
-1.777,0.481,0.098,14.196,-69.579,0.335,435845777.000
-1.773,0.479,0.098,14.154,-69.605,0.354,435845877.000
-1.771,0.475,0.088,14.132,-69.602,0.327,435845977.000
-1.768,0.479,0.095,14.155,-69.614,0.327,435846076.000
-1.773,0.479,0.100,14.168,-69.596,0.354,435846176.000
-1.769,0.474,0.098,14.124,-69.582,0.336,435846277.000
-1.775,0.478,0.093,14.133,-69.536,0.336,435846376.000
-1.773,0.474,0.103,14.151,-69.539,0.336,435846476.000
-1.771,0.475,0.098,14.104,-69.521,0.327,435846577.000
-1.769,0.476,0.100,14.126,-69.525,0.346,435846677.000
-1.773,0.479,0.100,14.140,-69.500,0.355,435846776.000
-1.769,0.481,0.098,14.129,-69.509,0.337,435846876.000
-1.769,0.476,0.098,14.112,-69.533,0.346,435846976.000
-1.773,0.476,0.090,14.112,-69.509,0.345,435847076.000
-1.769,0.479,0.098,14.127,-69.485,0.355,435847177.000
-1.775,0.475,0.095,14.090,-69.455,0.327,435847277.000
-1.771,0.480,0.088,14.108,-69.457,0.346,435847377.000
-1.767,0.478,0.098,14.106,-69.474,0.337,435847476.000
-1.769,0.476,0.095,14.112,-69.469,0.319,435847577.000
-1.767,0.477,0.098,14.120,-69.449,0.310,435847677.000
-1.767,0.475,0.095,14.091,-69.458,0.356,435847776.000
-1.765,0.476,0.100,14.113,-69.429,0.347,435847877.000
-1.769,0.476,0.095,14.098,-69.396,0.319,435847977.000
-1.769,0.474,0.093,14.097,-69.405,0.338,435848076.000
-1.769,0.474,0.100,14.083,-69.380,0.338,435848177.000
-1.765,0.476,0.100,14.098,-69.405,0.320,435848277.000
-1.767,0.477,0.098,14.079,-69.377,0.338,435848376.000
-1.767,0.477,0.098,14.120,-69.401,0.338,435848476.000
-1.769,0.476,0.105,14.057,-69.339,0.347,435848576.000
-1.765,0.476,0.100,14.085,-69.381,0.320,435848676.000
-1.767,0.475,0.103,14.035,-69.360,0.328,435848776.000
-1.767,0.475,0.103,14.077,-69.336,0.329,435848876.000
-1.765,0.476,0.103,14.071,-69.324,0.348,435848976.000
-1.765,0.476,0.103,14.071,-69.324,0.348,435849076.000
-1.767,0.475,0.100,14.063,-69.296,0.329,435849176.000
-1.765,0.471,0.098,14.041,-69.293,0.357,435849276.000
-1.761,0.479,0.100,14.087,-69.334,0.330,435849377.000
-1.765,0.479,0.098,14.086,-69.292,0.329,435849477.000
-1.761,0.476,0.093,14.073,-69.286,0.349,435849576.000
-1.763,0.477,0.098,14.079,-69.305,0.339,435849677.000
-1.761,0.479,0.095,14.073,-69.278,0.330,435849776.000
-1.763,0.475,0.103,14.050,-69.264,0.330,435849877.000
-1.765,0.473,0.100,14.070,-69.236,0.339,435849977.000
-1.763,0.472,0.100,14.035,-69.249,0.321,435850077.000
-1.765,0.476,0.105,14.071,-69.243,0.348,435850177.000
-1.767,0.480,0.103,14.080,-69.191,0.348,435850277.000
-1.759,0.477,0.103,14.066,-69.241,0.340,435850376.000
-1.761,0.476,0.098,14.044,-69.221,0.321,435850476.000
-1.763,0.477,0.098,14.024,-69.209,0.339,435850576.000
-1.761,0.474,0.098,14.043,-69.197,0.340,435850677.000
-1.763,0.475,0.100,14.064,-69.176,0.331,435850776.000
-1.759,0.472,0.100,14.022,-69.201,0.349,435850876.000
-1.759,0.472,0.105,14.021,-69.185,0.322,435850976.000
-1.757,0.471,0.098,14.001,-69.174,0.331,435851076.000
-1.761,0.479,0.098,14.046,-69.149,0.331,435851176.000
-1.759,0.472,0.103,14.008,-69.145,0.322,435851277.000
-1.757,0.476,0.100,14.031,-69.141,0.322,435851376.000
-1.759,0.472,0.098,13.994,-69.137,0.322,435851477.000
-1.759,0.472,0.100,14.008,-69.129,0.322,435851576.000
-1.759,0.477,0.098,14.025,-69.089,0.313,435851677.000
-1.761,0.479,0.098,14.032,-69.076,0.331,435851776.000
-1.764,0.472,0.100,14.035,-69.055,0.322,435851876.000
-1.761,0.479,0.095,14.032,-69.060,0.331,435851976.000
-1.757,0.471,0.098,14.001,-69.077,0.332,435852076.000
-1.757,0.476,0.095,14.018,-69.085,0.323,435852177.000
-1.759,0.475,0.098,14.010,-69.040,0.332,435852276.000
-1.759,0.475,0.098,14.009,-69.040,0.304,435852378.000
-1.755,0.472,0.098,13.995,-69.066,0.323,435852477.000
-1.755,0.470,0.100,13.980,-69.033,0.342,435852578.000
-1.764,0.475,0.098,13.982,-68.967,0.332,435852678.000
-1.759,0.477,0.095,13.998,-69.025,0.341,435852778.000
-1.757,0.473,0.088,13.975,-68.989,0.314,435852878.000
-1.753,0.479,0.100,14.019,-69.022,0.333,435852977.000
-1.759,0.477,0.100,14.011,-68.983,0.314,435853077.000
-1.757,0.476,0.098,14.017,-69.004,0.323,435853178.000
-1.757,0.476,0.098,13.990,-68.956,0.323,435853277.000
-1.757,0.476,0.100,14.004,-68.948,0.324,435853378.000
-1.755,0.472,0.098,13.982,-68.945,0.352,435853477.000
-1.753,0.471,0.098,13.960,-68.982,0.333,435853578.000
-1.753,0.473,0.103,13.948,-68.965,0.342,435853677.000
-1.751,0.472,0.100,13.982,-68.937,0.325,435853778.000
-1.755,0.477,0.095,13.984,-68.929,0.315,435853878.000
-1.753,0.473,0.100,14.003,-68.949,0.315,435853977.000
-1.757,0.476,0.100,14.004,-68.899,0.324,435854077.000
-1.751,0.477,0.100,13.985,-68.938,0.343,435854177.000
-1.753,0.476,0.095,13.977,-68.893,0.324,435854277.000
-1.751,0.472,0.096,13.940,-68.930,0.297,435854378.000
-1.753,0.476,0.103,13.977,-68.893,0.352,435854478.000
-1.755,0.475,0.098,13.969,-68.848,0.334,435854577.000
-1.755,0.477,0.095,13.957,-68.832,0.315,435854678.000
-1.753,0.476,0.103,13.990,-68.868,0.325,435854778.000
-1.753,0.476,0.096,13.949,-68.845,0.297,435854877.000
-1.751,0.475,0.100,13.956,-68.865,0.334,435854977.000
-1.755,0.480,0.096,13.999,-68.832,0.297,435855077.000
-1.753,0.476,0.100,13.949,-68.828,0.325,435855178.000
-1.751,0.472,0.095,13.955,-68.809,0.325,435855277.000
-1.751,0.474,0.098,13.956,-68.801,0.307,435855378.000
-1.753,0.473,0.093,13.934,-68.780,0.316,435855477.000
-1.751,0.475,0.100,13.942,-68.793,0.335,435855578.000
-1.754,0.473,0.095,13.948,-68.772,0.316,435855677.000
-1.749,0.473,0.100,13.934,-68.805,0.316,435855778.000
-1.751,0.469,0.098,13.898,-68.752,0.316,435855878.000
-1.751,0.472,0.100,13.913,-68.768,0.325,435855978.000
-1.754,0.476,0.098,13.963,-68.739,0.326,435856078.000
-1.751,0.475,0.100,13.942,-68.744,0.335,435856177.000
-1.749,0.471,0.093,13.906,-68.733,0.335,435856278.000
-1.749,0.473,0.100,13.921,-68.733,0.317,435856378.000
-1.747,0.472,0.095,13.914,-68.762,0.326,435856478.000
-1.752,0.472,0.096,13.927,-68.712,0.298,435856578.000
-1.752,0.472,0.093,13.914,-68.721,0.326,435856678.000
-1.754,0.473,0.100,13.934,-68.683,0.344,435856778.000
-1.745,0.473,0.096,13.908,-68.702,0.318,435856878.000
-1.752,0.474,0.103,13.914,-68.663,0.335,435856977.000
-1.745,0.471,0.096,13.920,-68.702,0.309,435857078.000
-1.747,0.474,0.098,13.915,-68.657,0.308,435857177.000
-1.750,0.476,0.105,13.950,-68.643,0.327,435857278.000
-1.747,0.475,0.108,13.915,-68.672,0.336,435857377.000
-1.750,0.473,0.095,13.894,-68.652,0.317,435857477.000
-1.750,0.473,0.100,13.907,-68.611,0.318,435857577.000
-1.752,0.472,0.100,13.872,-68.599,0.326,435857677.000
-1.748,0.472,0.098,13.873,-68.609,0.327,435857777.000
-1.747,0.472,0.096,13.886,-68.617,0.299,435857877.000
-1.745,0.473,0.095,13.894,-68.629,0.318,435857977.000
-1.748,0.474,0.098,13.901,-68.584,0.309,435858077.000
-1.745,0.471,0.098,13.865,-68.573,0.309,435858178.000
-1.745,0.473,0.098,13.908,-68.572,0.319,435858277.000
-1.748,0.474,0.093,13.888,-68.577,0.309,435858378.000
-1.750,0.470,0.100,13.850,-68.539,0.309,435858477.000
-1.746,0.473,0.100,13.866,-68.565,0.318,435858578.000
-1.743,0.472,0.093,13.887,-68.578,0.300,435858677.000
-1.743,0.472,0.098,13.859,-68.561,0.328,435858778.000
-1.746,0.470,0.093,13.893,-68.541,0.310,435858877.000
-1.741,0.473,0.100,13.881,-68.566,0.319,435858977.000
-1.743,0.474,0.098,13.874,-68.561,0.309,435859078.000
-1.748,0.474,0.093,13.860,-68.528,0.309,435859177.000
-1.743,0.469,0.098,13.858,-68.537,0.291,435859277.000
-1.743,0.472,0.098,13.859,-68.561,0.300,435859378.000
-1.743,0.472,0.098,13.859,-68.513,0.301,435859478.000
-1.741,0.473,0.096,13.867,-68.510,0.319,435859577.000
-1.746,0.470,0.098,13.838,-68.476,0.310,435859678.000
-1.744,0.474,0.098,13.861,-68.489,0.310,435859777.000
-1.744,0.474,0.103,13.861,-68.472,0.338,435859878.000
-1.741,0.476,0.100,13.841,-68.469,0.329,435859977.000
-1.739,0.469,0.100,13.845,-68.457,0.320,435860078.000
-1.742,0.476,0.100,13.855,-68.445,0.329,435860178.000
-1.741,0.470,0.096,13.825,-68.461,0.310,435860278.000
-1.739,0.472,0.103,13.818,-68.498,0.329,435860378.000
-1.739,0.472,0.098,13.860,-68.490,0.301,435860477.000
-1.742,0.470,0.098,13.824,-68.429,0.311,435860577.000
-1.742,0.470,0.100,13.797,-68.445,0.310,435860678.000
-1.742,0.470,0.100,13.797,-68.397,0.311,435860777.000
-1.744,0.472,0.096,13.832,-68.400,0.301,435860878.000
-1.739,0.474,0.100,13.833,-68.433,0.311,435860977.000
-1.740,0.469,0.098,13.817,-68.393,0.320,435861077.000
-1.742,0.470,0.100,13.797,-68.397,0.311,435861178.000
-1.742,0.468,0.091,13.782,-68.381,0.301,435861278.000
-1.742,0.468,0.095,13.782,-68.365,0.302,435861377.000
-1.742,0.473,0.103,13.798,-68.340,0.320,435861477.000
-1.739,0.474,0.093,13.834,-68.386,0.311,435861577.000
-1.737,0.473,0.096,13.799,-68.366,0.293,435861678.000
-1.737,0.468,0.096,13.796,-68.366,0.302,435861777.000
-1.740,0.472,0.096,13.832,-68.329,0.302,435861878.000
-1.740,0.472,0.093,13.805,-68.361,0.302,435861977.000
-1.742,0.470,0.101,13.783,-68.324,0.283,435862078.000
-1.740,0.474,0.100,13.806,-68.337,0.311,435862178.000
-1.737,0.470,0.096,13.797,-68.342,0.284,435862277.000
-1.738,0.470,0.098,13.797,-68.309,0.284,435862378.000
-1.735,0.474,0.098,13.821,-68.322,0.312,435862478.000
-1.738,0.470,0.098,13.756,-68.285,0.312,435862578.000
-1.738,0.470,0.093,13.798,-68.277,0.312,435862677.000
-1.740,0.472,0.098,13.791,-68.272,0.330,435862778.000
-1.736,0.472,0.096,13.791,-68.282,0.275,435862877.000
-1.735,0.472,0.093,13.778,-68.290,0.303,435862977.000
-1.740,0.472,0.093,13.791,-68.240,0.303,435863078.000
-1.738,0.468,0.100,13.768,-68.252,0.303,435863177.000
-1.738,0.473,0.093,13.785,-68.229,0.294,435863277.000
-1.736,0.472,0.096,13.764,-68.233,0.276,435863377.000
-1.738,0.475,0.101,13.800,-68.228,0.303,435863477.000
-1.738,0.468,0.105,13.754,-68.212,0.303,435863577.000
-1.738,0.468,0.103,13.741,-68.220,0.303,435863677.000
-1.733,0.473,0.093,13.786,-68.254,0.294,435863777.000
-1.736,0.472,0.103,13.777,-68.208,0.304,435863877.000
-1.734,0.468,0.101,13.727,-68.205,0.276,435863977.000
-1.738,0.473,0.098,13.785,-68.164,0.294,435864077.000
-1.734,0.470,0.098,13.770,-68.189,0.286,435864177.000
-1.740,0.472,0.103,13.777,-68.134,0.304,435864277.000
-1.736,0.472,0.101,13.764,-68.168,0.304,435864376.000
-1.736,0.472,0.098,13.750,-68.177,0.276,435864476.000
-1.740,0.472,0.093,13.764,-68.144,0.303,435864577.000
-1.734,0.475,0.096,13.773,-68.174,0.304,435864676.000
-1.732,0.469,0.093,13.722,-68.146,0.267,435864777.000
-1.732,0.472,0.096,13.765,-68.162,0.304,435864876.000
-1.729,0.468,0.093,13.715,-68.159,0.277,435864976.000
-1.729,0.468,0.091,13.715,-68.143,0.277,435865076.000
-1.734,0.473,0.093,13.758,-68.109,0.295,435865176.000
-1.736,0.472,0.100,13.736,-68.072,0.304,435865277.000
-1.734,0.470,0.096,13.715,-68.077,0.286,435865376.000
-1.732,0.469,0.096,13.750,-68.113,0.296,435865476.000
-1.732,0.469,0.101,13.722,-68.097,0.295,435865577.000
-1.730,0.470,0.098,13.757,-68.094,0.287,435865676.000
-1.732,0.472,0.098,13.723,-68.057,0.305,435865776.000
-1.732,0.469,0.098,13.722,-68.081,0.296,435865876.000
-1.736,0.472,0.098,13.737,-68.056,0.304,435865977.000
-1.732,0.469,0.103,13.708,-68.040,0.296,435866076.000
-1.730,0.473,0.101,13.745,-68.061,0.296,435866176.000
-1.732,0.466,0.096,13.721,-68.041,0.287,435866277.000
-1.730,0.470,0.098,13.730,-68.045,0.287,435866376.000
-1.728,0.469,0.096,13.709,-68.018,0.297,435866476.000
-1.728,0.471,0.093,13.738,-68.026,0.278,435866576.000
-1.728,0.466,0.096,13.707,-68.042,0.287,435866676.000
-1.732,0.471,0.098,13.709,-67.984,0.278,435866777.000
-1.730,0.468,0.100,13.673,-67.989,0.306,435866876.000
-1.730,0.470,0.098,13.702,-67.997,0.287,435866977.000
-1.728,0.469,0.096,13.695,-67.994,0.297,435867077.000
-1.730,0.470,0.103,13.674,-67.981,0.287,435867177.000
-1.730,0.468,0.098,13.673,-67.973,0.278,435867276.000
-1.723,0.469,0.101,13.668,-68.003,0.297,435867376.000
-1.726,0.468,0.098,13.674,-67.998,0.278,435867477.000
-1.730,0.468,0.100,13.660,-67.916,0.306,435867576.000
-1.730,0.470,0.098,13.702,-67.949,0.287,435867676.000
-1.730,0.473,0.098,13.690,-67.949,0.296,435867777.000
-1.728,0.471,0.093,13.697,-67.905,0.279,435867876.000
-1.728,0.469,0.101,13.681,-67.905,0.270,435867977.000
-1.732,0.471,0.098,13.682,-67.888,0.278,435868076.000
-1.726,0.470,0.098,13.689,-67.901,0.288,435868177.000
-1.726,0.470,0.093,13.662,-67.918,0.288,435868276.000
-1.728,0.471,0.101,13.696,-67.905,0.306,435868376.000
-1.728,0.474,0.098,13.698,-67.865,0.288,435868476.000
-1.724,0.474,0.098,13.670,-67.890,0.261,435868576.000
-1.726,0.470,0.101,13.661,-67.869,0.288,435868677.000
-1.730,0.468,0.096,13.674,-67.860,0.307,435868776.000
-1.728,0.469,0.101,13.654,-67.856,0.297,435868876.000
-1.726,0.468,0.101,13.646,-67.869,0.279,435868976.000
-1.728,0.471,0.101,13.683,-67.832,0.307,435869076.000
-1.722,0.470,0.101,13.662,-67.846,0.289,435869177.000
-1.728,0.469,0.096,13.654,-67.825,0.270,435869276.000
-1.726,0.467,0.098,13.660,-67.829,0.280,435869376.000
-1.726,0.470,0.096,13.648,-67.813,0.289,435869476.000
-1.728,0.471,0.098,13.641,-67.841,0.279,435869576.000
-1.726,0.470,0.096,13.648,-67.813,0.289,435869676.000
-1.726,0.475,0.093,13.678,-67.797,0.280,435869776.000
-1.726,0.470,0.093,13.648,-67.797,0.289,435869878.000
-1.726,0.473,0.096,13.677,-67.789,0.271,435869978.000
-1.724,0.471,0.096,13.669,-67.802,0.280,435870078.000
-1.726,0.473,0.101,13.649,-67.772,0.270,435870177.000
-1.724,0.471,0.101,13.656,-67.761,0.308,435870278.000
-1.726,0.465,0.098,13.603,-67.756,0.271,435870377.000
-1.724,0.469,0.101,13.640,-67.761,0.271,435870478.000
-1.724,0.466,0.093,13.639,-67.737,0.262,435870578.000
-1.724,0.469,0.098,13.640,-67.745,0.271,435870678.000
-1.724,0.469,0.098,13.627,-67.721,0.271,435870777.000
-1.722,0.470,0.096,13.648,-67.742,0.262,435870877.000
-1.722,0.467,0.101,13.619,-67.749,0.281,435870977.000
-1.720,0.466,0.091,13.599,-67.723,0.262,435871077.000
-1.724,0.469,0.093,13.613,-67.713,0.271,435871177.000
-1.726,0.473,0.096,13.649,-67.692,0.271,435871277.000
-1.722,0.467,0.093,13.592,-67.702,0.253,435871377.000
-1.720,0.469,0.093,13.628,-67.714,0.299,435871477.000
-1.724,0.466,0.096,13.584,-67.657,0.290,435871578.000
-1.724,0.466,0.093,13.598,-67.665,0.262,435871677.000
-1.724,0.471,0.096,13.614,-67.656,0.253,435871777.000
-1.722,0.473,0.096,13.622,-67.669,0.272,435871878.000
-1.718,0.467,0.096,13.606,-67.719,0.281,435871978.000
-1.722,0.465,0.098,13.577,-67.637,0.272,435872077.000
-1.716,0.469,0.091,13.615,-67.651,0.273,435872178.000
-1.720,0.471,0.096,13.615,-67.633,0.254,435872277.000
-1.722,0.470,0.096,13.593,-67.645,0.263,435872377.000
-1.713,0.465,0.096,13.564,-67.696,0.245,435872478.000
-1.720,0.469,0.096,13.600,-67.633,0.272,435872578.000
-1.722,0.470,0.096,13.621,-67.596,0.263,435872678.000
-1.718,0.465,0.096,13.577,-67.598,0.273,435872777.000
-1.720,0.469,0.091,13.600,-67.602,0.245,435872877.000
-1.720,0.469,0.098,13.600,-67.601,0.273,435872977.000
-1.720,0.471,0.101,13.601,-67.544,0.282,435873078.000
-1.718,0.465,0.098,13.550,-67.565,0.273,435873178.000
-1.716,0.466,0.096,13.571,-67.586,0.264,435873277.000
-1.716,0.469,0.098,13.586,-67.602,0.245,435873378.000
-1.722,0.467,0.098,13.592,-67.540,0.282,435873477.000
-1.718,0.470,0.098,13.607,-67.565,0.264,435873577.000
-1.718,0.467,0.093,13.565,-67.534,0.282,435873677.000
-1.718,0.465,0.098,13.536,-67.541,0.273,435873777.000
-1.722,0.465,0.091,13.536,-67.517,0.273,435873877.000
-1.718,0.470,0.096,13.567,-67.525,0.292,435873977.000
-1.720,0.466,0.093,13.543,-67.497,0.236,435874077.000
-1.716,0.468,0.093,13.587,-67.522,0.246,435874177.000
-1.720,0.469,0.101,13.544,-67.472,0.273,435874277.000
-1.718,0.467,0.098,13.565,-67.517,0.255,435874378.000
-1.720,0.469,0.096,13.559,-67.464,0.273,435874478.000
-1.720,0.469,0.101,13.558,-67.496,0.273,435874577.000
-1.716,0.469,0.098,13.559,-67.506,0.274,435874678.000
-1.716,0.469,0.098,13.573,-67.481,0.274,435874777.000
-1.716,0.469,0.098,13.559,-67.506,0.274,435874877.000
-1.716,0.469,0.096,13.532,-67.490,0.273,435874977.000
-1.714,0.465,0.093,13.509,-67.487,0.246,435875078.000
-1.716,0.471,0.096,13.560,-67.465,0.255,435875177.000
-1.718,0.470,0.101,13.566,-67.412,0.265,435875277.000
-1.712,0.469,0.088,13.532,-67.467,0.247,435875377.000
-1.716,0.466,0.096,13.503,-67.417,0.265,435875478.000
-1.716,0.469,0.098,13.532,-67.409,0.274,435875577.000
-1.714,0.470,0.096,13.553,-67.430,0.265,435875678.000
-1.714,0.465,0.101,13.495,-67.413,0.274,435875778.000
-1.714,0.465,0.103,13.522,-67.429,0.274,435875877.000
-1.716,0.468,0.096,13.531,-67.393,0.247,435875978.000
-1.712,0.471,0.098,13.533,-67.410,0.256,435876078.000
-1.712,0.469,0.103,13.545,-67.393,0.275,435876177.000
-1.714,0.465,0.098,13.509,-67.373,0.275,435876278.000
-1.716,0.469,0.098,13.518,-67.385,0.274,435876377.000
-1.710,0.470,0.088,13.554,-67.407,0.266,435876478.000
-1.716,0.471,0.106,13.519,-67.360,0.284,435876578.000
-1.712,0.468,0.098,13.518,-67.362,0.247,435876678.000
-1.710,0.467,0.101,13.524,-67.366,0.257,435876778.000
-1.714,0.467,0.101,13.497,-67.341,0.284,435876877.000
-1.712,0.468,0.093,13.518,-67.330,0.248,435876977.000
-1.714,0.467,0.096,13.510,-67.333,0.256,435877077.000
-1.712,0.466,0.093,13.490,-67.306,0.266,435877178.000
-1.712,0.471,0.093,13.534,-67.330,0.257,435877278.000
-1.708,0.471,0.098,13.506,-67.339,0.257,435877377.000
-1.712,0.463,0.093,13.474,-67.306,0.257,435877478.000
-1.710,0.467,0.098,13.483,-67.326,0.257,435877577.000
-1.710,0.467,0.096,13.497,-67.334,0.257,435877678.000
-1.708,0.469,0.098,13.505,-67.315,0.276,435877777.000
-1.708,0.468,0.096,13.464,-67.275,0.248,435877878.000
-1.708,0.468,0.096,13.491,-67.274,0.248,435877978.000
-1.712,0.466,0.101,13.531,-67.280,0.267,435878078.000
-1.713,0.468,0.101,13.491,-67.232,0.276,435878177.000
-1.708,0.466,0.098,13.462,-67.266,0.267,435878278.000
-1.710,0.465,0.098,13.455,-67.254,0.276,435878378.000
-1.710,0.470,0.098,13.526,-67.229,0.267,435878478.000
-1.713,0.468,0.101,13.491,-67.232,0.276,435878578.000
-1.712,0.471,0.101,13.506,-67.232,0.257,435878678.000
-1.710,0.467,0.098,13.484,-67.229,0.285,435878778.000
-1.710,0.467,0.091,13.470,-67.206,0.258,435878878.000
-1.706,0.467,0.098,13.470,-67.230,0.258,435878977.000
-1.708,0.463,0.093,13.448,-67.234,0.258,435879077.000
-1.710,0.467,0.101,13.483,-67.197,0.258,435879178.000
-1.706,0.467,0.098,13.470,-67.230,0.258,435879278.000
-1.710,0.470,0.093,13.499,-67.197,0.239,435879377.000
-1.711,0.464,0.103,13.426,-67.189,0.249,435879477.000
-1.708,0.468,0.091,13.464,-67.194,0.249,435879577.000
-1.704,0.468,0.098,13.464,-67.219,0.249,435879677.000
-1.708,0.463,0.096,13.447,-67.153,0.231,435879777.000
-1.708,0.463,0.096,13.420,-67.154,0.258,435879877.000
-1.708,0.468,0.098,13.477,-67.169,0.249,435879977.000
-1.711,0.467,0.091,13.457,-67.133,0.286,435880078.000
-1.704,0.466,0.101,13.462,-67.162,0.241,435880178.000
-1.704,0.463,0.096,13.407,-67.155,0.259,435880278.000
-1.706,0.467,0.101,13.470,-67.149,0.259,435880378.000
-1.711,0.467,0.098,13.442,-67.108,0.258,435880477.000
-1.711,0.472,0.101,13.459,-67.100,0.277,435880578.000
-1.702,0.465,0.096,13.442,-67.167,0.250,435880678.000
-1.706,0.467,0.096,13.498,-67.117,0.232,435880777.000
-1.706,0.464,0.091,13.442,-67.110,0.250,435880877.000
-1.706,0.467,0.098,13.456,-67.109,0.231,435880977.000
-1.704,0.466,0.096,13.394,-67.107,0.240,435881078.000
-1.706,0.464,0.098,13.427,-67.134,0.250,435881178.000
-1.706,0.467,0.093,13.457,-67.077,0.259,435881277.000
-1.704,0.468,0.093,13.423,-67.066,0.250,435881377.000
-1.711,0.467,0.101,13.428,-67.052,0.259,435881478.000
-1.704,0.463,0.091,13.407,-67.075,0.259,435881577.000
-1.709,0.466,0.098,13.421,-67.048,0.268,435881678.000
-1.707,0.464,0.098,13.414,-67.061,0.250,435881777.000
-1.702,0.464,0.096,13.428,-67.046,0.251,435881877.000
-1.707,0.467,0.101,13.401,-67.029,0.259,435881977.000
-1.704,0.468,0.093,13.451,-67.018,0.251,435882078.000
-1.707,0.467,0.091,13.416,-66.989,0.260,435882177.000
-1.702,0.472,0.098,13.446,-67.062,0.250,435882277.000
-1.704,0.468,0.098,13.437,-67.025,0.251,435882378.000
-1.702,0.464,0.103,13.414,-67.021,0.251,435882477.000
-1.704,0.466,0.091,13.381,-67.002,0.241,435882578.000
-1.705,0.468,0.093,13.437,-66.993,0.251,435882677.000
-1.705,0.468,0.091,13.437,-66.978,0.251,435882778.000
-1.700,0.466,0.096,13.409,-67.011,0.270,435882878.000
-1.702,0.464,0.098,13.387,-66.990,0.251,435882978.000
-1.702,0.467,0.098,13.402,-66.990,0.260,435883077.000
-1.698,0.470,0.096,13.390,-67.000,0.242,435883177.000
-1.705,0.468,0.101,13.395,-66.920,0.251,435883278.000
-1.705,0.468,0.088,13.410,-66.962,0.251,435883377.000
-1.698,0.467,0.093,13.403,-66.983,0.261,435883477.000
-1.703,0.464,0.098,13.414,-66.941,0.252,435883578.000
-1.700,0.463,0.103,13.393,-66.962,0.261,435883678.000
-1.705,0.463,0.093,13.365,-66.921,0.233,435883778.000
-1.700,0.468,0.096,13.397,-66.963,0.279,435883878.000
-1.703,0.470,0.098,13.404,-66.917,0.270,435883978.000
-1.705,0.468,0.098,13.396,-66.904,0.251,435884078.000
-1.700,0.463,0.098,13.365,-66.930,0.233,435884177.000
-1.698,0.467,0.096,13.389,-66.927,0.261,435884278.000
-1.703,0.467,0.096,13.388,-66.901,0.233,435884377.000
-1.703,0.462,0.093,13.372,-66.909,0.242,435884478.000
-1.700,0.468,0.098,13.424,-66.930,0.252,435884577.000
-1.698,0.464,0.096,13.374,-66.927,0.252,435884677.000
-1.701,0.468,0.101,13.368,-66.898,0.224,435884778.000
-1.703,0.464,0.093,13.359,-66.910,0.224,435884878.000
-1.701,0.466,0.093,13.367,-66.874,0.243,435884978.000
-1.701,0.468,0.096,13.369,-66.866,0.252,435885078.000
-1.698,0.469,0.098,13.390,-66.870,0.243,435885177.000
-1.698,0.467,0.098,13.375,-66.870,0.261,435885277.000
-1.701,0.466,0.096,13.381,-66.866,0.271,435885377.000
-1.705,0.463,0.098,13.365,-66.808,0.261,435885477.000
-1.701,0.463,0.091,13.352,-66.858,0.234,435885578.000
-1.701,0.463,0.096,13.352,-66.841,0.234,435885677.000
-1.699,0.464,0.093,13.360,-66.838,0.252,435885777.000
-1.698,0.467,0.091,13.375,-66.871,0.234,435885877.000
-1.699,0.464,0.096,13.333,-66.806,0.280,435885977.000
-1.701,0.471,0.091,13.398,-66.809,0.234,435886077.000
-1.699,0.464,0.093,13.347,-66.814,0.253,435886178.000
-1.694,0.462,0.093,13.318,-66.815,0.244,435886277.000
-1.701,0.466,0.093,13.367,-66.825,0.243,435886377.000
-1.699,0.467,0.098,13.361,-66.797,0.262,435886478.000
-1.701,0.466,0.093,13.368,-66.777,0.243,435886577.000
-1.692,0.468,0.096,13.370,-66.820,0.253,435886678.000
-1.701,0.466,0.091,13.340,-66.761,0.243,435886777.000
-1.696,0.466,0.096,13.327,-66.794,0.244,435886878.000
-1.697,0.466,0.093,13.354,-66.778,0.244,435886977.000
-1.694,0.464,0.098,13.333,-66.799,0.253,435887078.000
-1.694,0.467,0.103,13.362,-66.758,0.263,435887177.000
-1.697,0.463,0.093,13.325,-66.754,0.235,435887278.000
-1.697,0.463,0.101,13.311,-66.729,0.263,435887378.000
-1.697,0.466,0.096,13.327,-66.746,0.244,435887479.000
-1.692,0.466,0.096,13.327,-66.771,0.244,435887579.000
-1.697,0.463,0.088,13.311,-66.747,0.207,435887678.000
-1.694,0.464,0.091,13.333,-66.751,0.226,435887778.000
-1.697,0.466,0.101,13.326,-66.729,0.244,435887878.000
-1.699,0.469,0.093,13.376,-66.717,0.216,435887978.000
-1.697,0.460,0.088,13.297,-66.698,0.226,435888078.000
-1.695,0.467,0.098,13.335,-66.726,0.263,435888178.000
-1.697,0.463,0.093,13.298,-66.706,0.235,435888278.000
-1.695,0.462,0.098,13.290,-66.702,0.245,435888378.000
-1.699,0.462,0.101,13.331,-66.668,0.245,435888478.000
-1.692,0.460,0.093,13.297,-66.707,0.226,435888579.000
-1.693,0.463,0.106,13.311,-66.690,0.236,435888679.000
-1.697,0.463,0.096,13.298,-66.673,0.235,435888778.000
-1.693,0.463,0.093,13.312,-66.658,0.236,435888878.000
-1.692,0.463,0.086,13.299,-66.683,0.208,435888979.000
-1.695,0.467,0.098,13.320,-66.653,0.236,435889078.000
-1.695,0.462,0.091,13.291,-66.654,0.245,435889178.000
-1.690,0.464,0.098,13.334,-66.679,0.255,435889279.000
-1.695,0.469,0.093,13.322,-66.646,0.217,435889378.000
-1.695,0.464,0.096,13.305,-66.638,0.227,435889479.000
-1.697,0.463,0.096,13.284,-66.649,0.235,435889578.000
-1.693,0.463,0.091,13.271,-66.619,0.236,435889677.000
-1.693,0.466,0.103,13.299,-66.626,0.245,435889778.000
-1.697,0.465,0.101,13.299,-66.584,0.245,435889877.000
-1.691,0.462,0.093,13.291,-66.599,0.218,435889978.000
-1.691,0.467,0.098,13.308,-66.606,0.264,435890077.000
-1.691,0.462,0.096,13.264,-66.615,0.246,435890178.000
-1.691,0.462,0.093,13.291,-66.599,0.246,435890278.000
-1.691,0.462,0.091,13.236,-66.583,0.246,435890377.000
-1.688,0.466,0.091,13.287,-66.596,0.246,435890477.000
-1.693,0.463,0.098,13.284,-66.545,0.237,435890578.000
-1.691,0.462,0.101,13.264,-66.598,0.273,435890678.000
-1.691,0.464,0.098,13.279,-66.582,0.255,435890777.000
-1.689,0.463,0.103,13.257,-66.554,0.265,435890877.000
-1.688,0.463,0.096,13.244,-66.579,0.237,435890977.000
-1.691,0.462,0.096,13.277,-66.542,0.246,435891077.000
-1.693,0.465,0.096,13.272,-66.529,0.218,435891178.000
-1.693,0.463,0.093,13.271,-66.538,0.237,435891278.000
-1.689,0.465,0.101,13.286,-66.562,0.246,435891378.000
-1.686,0.462,0.098,13.250,-66.584,0.246,435891477.000
-1.689,0.465,0.101,13.272,-66.538,0.246,435891577.000
-1.691,0.467,0.103,13.280,-66.493,0.265,435891677.000
-1.693,0.463,0.101,13.243,-66.489,0.237,435891778.000
-1.689,0.465,0.096,13.300,-66.506,0.247,435891877.000
-1.693,0.463,0.093,13.243,-66.489,0.237,435891978.000
-1.689,0.460,0.096,13.256,-66.531,0.228,435892077.000
-1.689,0.465,0.098,13.259,-66.498,0.247,435892177.000
