0.061,-0.084,-0.137,2.363,1.930,0.435,532919535.000
0.061,-0.087,-0.132,2.375,1.898,0.425,532919636.000
0.059,-0.091,-0.134,2.380,1.927,0.426,532919736.000
0.061,-0.089,-0.132,2.332,1.946,0.416,532919835.000
0.055,-0.086,-0.132,2.381,1.936,0.416,532919935.000
0.059,-0.083,-0.132,2.397,1.911,0.425,532920036.000
0.055,-0.088,-0.137,2.353,1.992,0.434,532920135.000
0.059,-0.088,-0.137,2.340,1.942,0.434,532920236.000
0.059,-0.091,-0.137,2.353,1.942,0.453,532920335.000
0.059,-0.085,-0.132,2.382,1.911,0.444,532920435.000
0.057,-0.084,-0.132,2.376,1.948,0.434,532920535.000
0.057,-0.087,-0.132,2.360,1.948,0.425,532920636.000
0.059,-0.088,-0.142,2.354,1.950,0.462,532920735.000
0.057,-0.087,-0.130,2.360,1.932,0.425,532920836.000
0.059,-0.083,-0.139,2.384,1.934,0.425,532920936.000
0.059,-0.085,-0.140,2.369,1.934,0.444,532921036.000
0.059,-0.088,-0.139,2.354,1.934,0.434,532921136.000
0.061,-0.084,-0.144,2.391,1.929,0.435,532921236.000
0.057,-0.084,-0.139,2.362,1.923,0.406,532921336.000
0.059,-0.085,-0.132,2.396,1.935,0.444,532921436.000
0.057,-0.089,-0.137,2.373,1.931,0.444,532921537.000
0.059,-0.088,-0.137,2.368,1.942,0.462,532921637.000
0.059,-0.086,-0.139,2.383,1.959,0.416,532921736.000
0.059,-0.083,-0.142,2.385,1.950,0.453,532921836.000
0.055,-0.088,-0.140,2.381,1.960,0.434,532921937.000
0.059,-0.088,-0.144,2.354,1.917,0.434,532922037.000
0.059,-0.085,-0.140,2.355,1.958,0.444,532922136.000
0.059,-0.088,-0.137,2.367,1.943,0.435,532922237.000
0.061,-0.089,-0.142,2.361,1.913,0.444,532922337.000
0.057,-0.087,-0.135,2.361,1.915,0.425,532922436.000
0.059,-0.086,-0.144,2.369,1.918,0.416,532922537.000
0.055,-0.091,-0.135,2.338,1.976,0.453,532922636.000
0.061,-0.087,-0.144,2.348,1.880,0.425,532922737.000
0.061,-0.089,-0.137,2.360,1.930,0.444,532922836.000
0.057,-0.089,-0.142,2.360,1.939,0.444,532922936.000
0.059,-0.085,-0.137,2.383,1.942,0.444,532923037.000
0.061,-0.082,-0.139,2.392,1.921,0.416,532923137.000
0.059,-0.091,-0.139,2.339,1.934,0.425,532923236.000
0.057,-0.087,-0.139,2.389,1.947,0.425,532923337.000
0.061,-0.089,-0.140,2.319,1.921,0.444,532923436.000
0.059,-0.086,-0.142,2.383,1.926,0.416,532923536.000
0.059,-0.083,-0.139,2.412,1.934,0.425,532923637.000
0.059,-0.088,-0.140,2.340,1.910,0.434,532923737.000
0.059,-0.091,-0.139,2.352,1.910,0.425,532923837.000
0.061,-0.084,-0.137,2.377,1.954,0.463,532923936.000
0.059,-0.088,-0.135,2.340,1.926,0.434,532924036.000
0.057,-0.087,-0.137,2.375,1.955,0.425,532924136.000
0.059,-0.093,-0.135,2.337,1.927,0.444,532924237.000
0.059,-0.091,-0.139,2.352,1.910,0.425,532924337.000
0.061,-0.087,-0.137,2.375,1.930,0.426,532924437.000
0.061,-0.089,-0.137,2.360,1.930,0.444,532924537.000
0.057,-0.087,-0.134,2.388,1.964,0.425,532924636.000
0.057,-0.087,-0.142,2.389,1.963,0.425,532924736.000
0.059,-0.088,-0.139,2.381,1.934,0.435,532924836.000
0.059,-0.091,-0.142,2.353,1.926,0.425,532924937.000
0.059,-0.088,-0.137,2.395,1.943,0.435,532925037.000
0.059,-0.085,-0.134,2.410,1.927,0.444,532925137.000
0.057,-0.084,-0.132,2.431,1.948,0.462,532925236.000
0.059,-0.088,-0.137,2.395,1.943,0.435,532925337.000
0.061,-0.087,-0.132,2.402,1.947,0.426,532925436.000
0.057,-0.089,-0.140,2.374,1.947,0.444,532925536.000
0.059,-0.091,-0.142,2.353,1.926,0.425,532925636.000
0.059,-0.091,-0.134,2.380,1.927,0.426,532925736.000
0.055,-0.088,-0.144,2.395,1.919,0.434,532925836.000
0.059,-0.086,-0.137,2.410,1.943,0.444,532925937.000
0.057,-0.090,-0.142,2.415,1.939,0.416,532926037.000
0.059,-0.088,-0.134,2.409,1.951,0.435,532926137.000
0.059,-0.085,-0.127,2.410,1.928,0.444,532926236.000
0.059,-0.091,-0.134,2.380,1.927,0.426,532926336.000
0.061,-0.087,-0.134,2.403,1.914,0.426,532926435.000
0.057,-0.089,-0.137,2.387,1.955,0.444,532926536.000
0.057,-0.087,-0.142,2.430,1.939,0.426,532926636.000
0.059,-0.088,-0.142,2.409,1.951,0.407,532926736.000
0.059,-0.088,-0.137,2.395,1.943,0.435,532926835.000
0.057,-0.087,-0.134,2.430,1.940,0.426,532926935.000
0.059,-0.088,-0.140,2.382,1.934,0.462,532927037.000
0.055,-0.086,-0.139,2.410,1.984,0.444,532927136.000
0.057,-0.089,-0.142,2.388,1.939,0.444,532927236.000
0.057,-0.084,-0.142,2.432,1.963,0.435,532927336.000
0.055,-0.091,-0.142,2.380,1.952,0.453,532927435.000
0.055,-0.088,-0.142,2.367,1.951,0.434,532927536.000
0.059,-0.088,-0.137,2.409,1.919,0.435,532927635.000
0.057,-0.087,-0.137,2.402,1.956,0.425,532927735.000
0.055,-0.088,-0.137,2.394,1.968,0.435,532927835.000
0.061,-0.087,-0.132,2.403,1.947,0.454,532927936.000
0.055,-0.088,-0.137,2.394,1.968,0.435,532928036.000
0.059,-0.088,-0.139,2.395,1.910,0.435,532928137.000
0.055,-0.091,-0.135,2.379,1.952,0.425,532928235.000
0.061,-0.084,-0.137,2.390,1.881,0.434,532928335.000
0.061,-0.084,-0.139,2.404,1.922,0.435,532928435.000
0.061,-0.084,-0.134,2.390,1.914,0.435,532928535.000
0.059,-0.083,-0.135,2.412,1.951,0.453,532928635.000
0.061,-0.087,-0.144,2.390,1.905,0.426,532928736.000
0.059,-0.091,-0.135,2.366,1.951,0.453,532928835.000
0.059,-0.088,-0.139,2.368,1.958,0.435,532928935.000
0.059,-0.085,-0.135,2.383,1.927,0.444,532929035.000
0.055,-0.083,-0.135,2.383,1.976,0.425,532929136.000
0.057,-0.089,-0.137,2.373,1.931,0.444,532929236.000
0.059,-0.085,-0.135,2.396,1.902,0.444,532929335.000
0.055,-0.088,-0.140,2.381,1.960,0.434,532929436.000
0.059,-0.086,-0.139,2.369,1.934,0.416,532929535.000
0.061,-0.087,-0.137,2.375,1.930,0.426,532929636.000
0.057,-0.087,-0.142,2.347,1.938,0.425,532929735.000
0.059,-0.088,-0.144,2.354,1.917,0.434,532929835.000
0.059,-0.085,-0.137,2.383,1.942,0.444,532929936.000
0.059,-0.083,-0.134,2.397,1.927,0.425,532930036.000
0.055,-0.091,-0.137,2.365,1.944,0.425,532930136.000
0.057,-0.084,-0.140,2.349,1.947,0.434,532930235.000
0.059,-0.086,-0.142,2.341,1.950,0.416,532930336.000
0.061,-0.087,-0.139,2.348,1.897,0.425,532930436.000
0.059,-0.083,-0.135,2.370,1.926,0.453,532930535.000
0.059,-0.085,-0.135,2.383,1.927,0.444,532930636.000
0.059,-0.086,-0.134,2.327,1.926,0.416,532930735.000
0.057,-0.087,-0.142,2.347,1.938,0.425,532930835.000
0.059,-0.086,-0.137,2.369,1.967,0.416,532930935.000
0.057,-0.087,-0.135,2.361,1.915,0.453,532931035.000
0.059,-0.091,-0.139,2.325,1.910,0.425,532931135.000
0.057,-0.084,-0.137,2.362,1.955,0.434,532931236.000
0.061,-0.087,-0.132,2.375,1.946,0.426,532931335.000
0.055,-0.080,-0.132,2.384,1.936,0.434,532931435.000
0.057,-0.084,-0.137,2.349,1.931,0.434,532931535.000
0.059,-0.088,-0.137,2.340,1.942,0.434,532931635.000
0.059,-0.083,-0.137,2.370,1.942,0.425,532931735.000
0.057,-0.087,-0.142,2.320,1.938,0.425,532931835.000
0.059,-0.088,-0.132,2.326,1.935,0.434,532931936.000
0.059,-0.088,-0.132,2.353,1.935,0.435,532932036.000
0.061,-0.087,-0.134,2.333,1.938,0.398,532932135.000
0.059,-0.086,-0.137,2.355,1.942,0.416,532932235.000
0.059,-0.086,-0.142,2.355,1.926,0.416,532932335.000
0.061,-0.087,-0.142,2.334,1.937,0.425,532932436.000
0.057,-0.087,-0.132,2.347,1.923,0.425,532932535.000
0.055,-0.083,-0.135,2.369,1.952,0.425,532932636.000
0.057,-0.087,-0.147,2.334,1.946,0.425,532932735.000
0.059,-0.086,-0.132,2.341,1.935,0.416,532932835.000
0.057,-0.084,-0.130,2.362,1.956,0.434,532932935.000
0.057,-0.082,-0.137,2.363,1.931,0.415,532933036.000
0.061,-0.087,-0.139,2.334,1.921,0.425,532933135.000
0.059,-0.088,-0.132,2.326,1.935,0.434,532933236.000
0.057,-0.084,-0.137,2.349,1.931,0.434,532933335.000
0.057,-0.087,-0.137,2.334,1.931,0.452,532933435.000
0.059,-0.091,-0.135,2.297,1.926,0.453,532933536.000
0.059,-0.088,-0.137,2.312,1.942,0.434,532933635.000
0.059,-0.080,-0.132,2.357,1.910,0.434,532933735.000
0.059,-0.086,-0.134,2.327,1.926,0.416,532933836.000
0.061,-0.084,-0.137,2.335,1.929,0.407,532933936.000
0.057,-0.087,-0.137,2.347,1.955,0.425,532934036.000
0.055,-0.085,-0.135,2.327,1.951,0.443,532934135.000
0.055,-0.083,-0.137,2.342,1.967,0.425,532934235.000
0.059,-0.083,-0.149,2.357,1.901,0.425,532934335.000
0.061,-0.087,-0.134,2.347,1.914,0.425,532934436.000
0.061,-0.089,-0.139,2.305,1.897,0.416,532934535.000
0.059,-0.083,-0.137,2.342,1.942,0.397,532934635.000
0.057,-0.087,-0.142,2.292,1.938,0.424,532934735.000
0.057,-0.087,-0.142,2.319,1.938,0.397,532934836.000
0.061,-0.087,-0.135,2.320,1.913,0.425,532934935.000
0.059,-0.086,-0.134,2.368,1.951,0.416,532935036.000
0.057,-0.087,-0.142,2.320,1.938,0.425,532935135.000
0.059,-0.083,-0.135,2.343,1.926,0.453,532935236.000
0.057,-0.087,-0.137,2.306,1.930,0.424,532935335.000
0.061,-0.089,-0.139,2.346,1.921,0.416,532935436.000
0.061,-0.084,-0.134,2.362,1.914,0.407,532935536.000
0.057,-0.087,-0.137,2.319,1.906,0.424,532935636.000
0.061,-0.087,-0.139,2.320,1.897,0.425,532935736.000
0.059,-0.085,-0.137,2.328,1.942,0.443,532935836.000
0.057,-0.084,-0.137,2.349,1.931,0.434,532935935.000
0.059,-0.086,-0.139,2.341,1.934,0.416,532936036.000
0.059,-0.085,-0.132,2.327,1.910,0.416,532936136.000
0.059,-0.083,-0.139,2.356,1.934,0.425,532936236.000
0.057,-0.089,-0.134,2.290,1.963,0.388,532936335.000
0.063,-0.083,-0.137,2.371,1.917,0.426,532936436.000
0.061,-0.082,-0.139,2.350,1.945,0.388,532936535.000
0.059,-0.083,-0.137,2.328,1.918,0.397,532936636.000
0.055,-0.085,-0.135,2.285,1.927,0.442,532936736.000
0.057,-0.089,-0.140,2.332,1.971,0.444,532936835.000
0.061,-0.084,-0.137,2.335,1.929,0.407,532936936.000
0.057,-0.089,-0.132,2.290,1.947,0.443,532937035.000
0.059,-0.083,-0.137,2.356,1.918,0.425,532937135.000
0.057,-0.084,-0.132,2.307,1.923,0.461,532937236.000
0.059,-0.080,-0.137,2.303,1.893,0.433,532937336.000
0.061,-0.081,-0.132,2.226,1.872,0.470,532937435.000
0.061,-0.084,-0.154,2.143,1.893,0.405,532937535.000
0.061,-0.074,-0.142,2.065,1.910,0.413,532937635.000
0.062,-0.071,-0.140,1.873,1.819,0.392,532937735.000
0.055,-0.062,-0.135,1.676,1.774,0.352,532937835.000
0.062,-0.050,-0.145,1.484,1.725,0.350,532937935.000
0.058,-0.044,-0.126,1.181,1.716,0.365,532938035.000
0.067,-0.036,-0.136,0.897,1.629,0.307,532938136.000
0.063,-0.020,-0.126,0.531,1.514,0.302,532938235.000
0.068,-0.009,-0.141,0.235,1.435,0.253,532938337.000
0.059,0.009,-0.132,-0.144,1.394,0.229,532938437.000
0.066,0.016,-0.129,-0.547,1.335,0.207,532938537.000
0.062,0.029,-0.132,-0.982,1.202,0.192,532938636.000
0.065,0.049,-0.128,-1.393,1.104,0.187,532938736.000
0.065,0.068,-0.121,-1.840,1.051,0.108,532938836.000
0.066,0.087,-0.129,-2.298,0.875,0.111,532938937.000
0.064,0.104,-0.129,-2.752,0.786,0.068,532939036.000
0.064,0.120,-0.122,-3.186,0.684,0.036,532939137.000
0.065,0.136,-0.127,-3.633,0.590,0.002,532939236.000
0.070,0.149,-0.120,-4.096,0.439,-0.039,532939336.000
0.068,0.172,-0.121,-4.560,0.325,-0.037,532939436.000
0.068,0.183,-0.121,-5.052,0.223,-0.088,532939536.000
0.063,0.208,-0.124,-5.516,0.077,-0.132,532939636.000
0.065,0.223,-0.117,-5.943,-0.061,-0.156,532939737.000
0.064,0.243,-0.117,-6.424,-0.224,-0.190,532939836.000
0.064,0.261,-0.118,-6.925,-0.424,-0.215,532939937.000
0.059,0.279,-0.118,-7.393,-0.657,-0.260,532940036.000
0.057,0.294,-0.111,-7.821,-0.916,-0.285,532940136.000
0.052,0.319,-0.112,-8.272,-1.247,-0.330,532940236.000
0.049,0.335,-0.105,-8.734,-1.614,-0.339,532940336.000
0.033,0.359,-0.103,-9.124,-2.018,-0.349,532940436.000
0.028,0.379,-0.096,-9.454,-2.468,-0.357,532940537.000
0.021,0.398,-0.109,-9.845,-3.021,-0.358,532940636.000
0.005,0.415,-0.097,-10.212,-3.561,-0.341,532940737.000
-0.014,0.444,-0.100,-10.518,-4.296,-0.363,532940836.000
-0.017,0.458,-0.098,-10.857,-4.872,-0.353,532940936.000
-0.042,0.478,-0.091,-11.190,-5.632,-0.367,532941037.000
-0.058,0.503,-0.094,-11.579,-6.343,-0.324,532941136.000
-0.075,0.528,-0.083,-11.826,-7.137,-0.318,532941237.000
-0.098,0.550,-0.086,-12.232,-7.895,-0.286,532941337.000
-0.105,0.572,-0.084,-12.526,-8.688,-0.279,532941436.000
-0.136,0.602,-0.080,-12.847,-9.515,-0.249,532941537.000
-0.155,0.626,-0.073,-13.197,-10.386,-0.235,532941636.000
-0.168,0.647,-0.079,-13.568,-11.216,-0.193,532941736.000
-0.194,0.675,-0.075,-13.923,-12.081,-0.153,532941837.000
-0.219,0.698,-0.065,-14.282,-12.882,-0.130,532941936.000
-0.236,0.727,-0.066,-14.691,-13.815,-0.090,532942037.000
-0.259,0.754,-0.065,-15.012,-14.799,-0.069,532942137.000
-0.278,0.776,-0.060,-15.377,-15.654,-0.037,532942237.000
-0.305,0.803,-0.059,-15.740,-16.588,0.012,532942336.000
-0.322,0.834,-0.054,-16.025,-17.455,0.007,532942437.000
-0.352,0.860,-0.053,-16.423,-18.377,0.065,532942537.000
-0.373,0.886,-0.046,-16.779,-19.308,0.123,532942637.000
-0.396,0.913,-0.052,-17.127,-20.244,0.200,532942736.000
-0.415,0.930,-0.038,-17.550,-21.163,0.241,532942837.000
-0.442,0.965,-0.042,-17.909,-22.041,0.261,532942936.000
-0.467,0.996,-0.040,-18.235,-23.061,0.337,532943036.000
-0.492,1.019,-0.031,-18.621,-23.910,0.387,532943137.000
-0.518,1.053,-0.032,-19.028,-24.841,0.416,532943236.000
-0.539,1.073,-0.025,-19.345,-25.796,0.484,532943337.000
-0.566,1.106,-0.029,-19.636,-26.722,0.552,532943436.000
-0.587,1.129,-0.027,-19.966,-27.694,0.601,532943537.000
-0.610,1.154,-0.018,-20.302,-28.579,0.669,532943637.000
-0.634,1.173,-0.011,-20.476,-29.350,0.722,532943736.000
-0.664,1.183,-0.012,-20.233,-30.225,0.841,532943836.000
-0.695,1.189,-0.012,-20.040,-31.184,1.014,532943936.000
-0.719,1.184,-0.018,-19.673,-32.039,1.127,532944036.000
-0.745,1.184,-0.008,-19.173,-32.927,1.323,532944136.000
-0.773,1.169,-0.018,-18.687,-33.747,1.455,532944236.000
-0.807,1.168,-0.006,-18.106,-34.599,1.623,532944336.000
-0.841,1.162,-0.009,-17.678,-35.430,1.800,532944436.000
-0.865,1.163,-0.012,-17.143,-36.348,1.959,532944536.000
-0.897,1.156,-0.007,-16.709,-37.166,2.118,532944636.000
-0.923,1.150,-0.015,-16.239,-38.040,2.268,532944737.000
-0.951,1.146,-0.003,-15.790,-38.931,2.408,532944836.000
-0.985,1.145,0.001,-15.305,-39.858,2.575,532944936.000
-1.015,1.142,-0.007,-14.875,-40.755,2.760,532945036.000
-1.045,1.141,0.000,-14.459,-41.651,2.900,532945137.000
-1.075,1.130,-0.007,-14.047,-42.451,3.086,532945237.000
-1.105,1.130,-0.005,-13.561,-43.290,3.254,532945337.000
-1.137,1.131,0.002,-13.123,-44.246,3.411,532945436.000
-1.165,1.126,-0.006,-12.729,-45.156,3.551,532945536.000
-1.197,1.124,-0.004,-12.333,-46.080,3.727,532945636.000
-1.229,1.125,0.000,-11.909,-46.996,3.911,532945737.000
-1.263,1.125,-0.003,-11.507,-47.973,4.049,532945837.000
-1.295,1.125,0.004,-11.111,-48.905,4.206,532945936.000
-1.325,1.125,0.011,-10.777,-49.753,4.401,532946036.000
-1.356,1.123,0.003,-10.422,-50.736,4.575,532946136.000
-1.388,1.122,0.005,-10.069,-51.636,4.723,532946236.000
-1.420,1.125,0.004,-9.726,-52.594,4.861,532946336.000
-1.452,1.126,0.006,-9.384,-53.494,5.045,532946436.000
-1.484,1.121,0.008,-9.032,-54.371,5.212,532946536.000
-1.514,1.121,0.015,-8.657,-55.340,5.378,532946637.000
-1.546,1.130,0.007,-8.297,-56.225,5.534,532946737.000
-1.574,1.123,0.007,-7.959,-57.160,5.720,532946837.000
-1.610,1.126,0.009,-7.603,-57.986,5.858,532946936.000
-1.638,1.124,0.020,-7.249,-58.927,6.034,532947036.000
-1.672,1.127,0.012,-6.886,-59.824,6.236,532947137.000
-1.702,1.121,0.009,-6.568,-60.730,6.384,532947236.000
-1.736,1.121,0.029,-6.208,-61.681,6.577,532947337.000
-1.770,1.125,0.020,-5.871,-62.651,6.761,532947437.000
-1.800,1.128,0.010,-5.534,-63.509,6.936,532947536.000
-1.830,1.127,0.017,-5.104,-64.526,7.130,532947636.000
-1.868,1.127,0.019,-4.771,-65.389,7.240,532947737.000
-1.900,1.128,0.023,-4.416,-66.378,7.452,532947837.000
-1.930,1.125,0.027,-4.069,-67.210,7.637,532947937.000
-1.964,1.127,0.027,-3.748,-68.131,7.811,532948036.000
-1.996,1.122,0.031,-3.423,-69.072,7.977,532948137.000
-2.030,1.130,0.028,-3.085,-70.001,8.170,532948237.000
-2.062,1.128,0.032,-2.731,-70.918,8.345,532948336.000
-2.086,1.124,0.024,-2.445,-71.661,8.513,532948436.000
-2.102,1.129,0.027,-2.210,-72.082,8.611,532948536.000
-2.112,1.128,0.037,-2.054,-72.372,8.645,532948636.000
-2.113,1.120,0.027,-2.030,-72.235,8.647,532948736.000
-2.109,1.117,0.032,-1.989,-72.000,8.641,532948836.000
-2.097,1.119,0.025,-2.000,-71.641,8.544,532948937.000
-2.085,1.109,0.032,-2.032,-71.328,8.539,532949037.000
-2.075,1.110,0.028,-2.023,-71.069,8.478,532949136.000
-2.071,1.107,0.030,-2.038,-70.771,8.444,532949236.000
-2.061,1.098,0.020,-2.117,-70.528,8.429,532949336.000
-2.056,1.096,0.021,-2.096,-70.275,8.386,532949436.000
-2.052,1.096,0.026,-2.096,-70.041,8.361,532949536.000
-2.042,1.092,0.021,-2.076,-69.855,8.337,532949636.000
-2.040,1.087,0.021,-2.085,-69.649,8.311,532949736.000
-2.032,1.085,0.024,-2.085,-69.449,8.277,532949836.000
-2.024,1.087,0.024,-2.042,-69.257,8.262,532949936.000
-2.022,1.080,0.029,-2.093,-69.083,8.282,532950037.000
-2.014,1.080,0.029,-2.037,-68.940,8.257,532950137.000
-2.008,1.073,0.027,-2.060,-68.743,8.223,532950236.000
-2.009,1.073,0.024,-2.046,-68.557,8.197,532950336.000
-2.000,1.073,0.030,-2.018,-68.446,8.199,532950437.000
-1.994,1.072,0.022,-2.038,-68.315,8.182,532950536.000
-1.988,1.065,0.025,-2.048,-68.175,8.148,532950637.000
-1.989,1.065,0.020,-2.020,-67.997,8.122,532950737.000
-1.983,1.058,0.023,-2.057,-67.857,8.142,532950837.000
-1.979,1.063,0.023,-1.985,-67.713,8.108,532950937.000
-1.975,1.055,0.013,-2.002,-67.577,8.082,532951036.000
-1.971,1.055,0.016,-2.002,-67.424,8.056,532951136.000
-1.971,1.052,0.020,-2.003,-67.286,8.076,532951236.000
-1.967,1.047,0.026,-2.006,-67.198,8.059,532951337.000
-1.961,1.051,0.016,-1.954,-67.075,8.033,532951437.000
-1.962,1.048,0.021,-1.983,-66.937,8.053,532951535.000
-1.951,1.041,0.018,-2.006,-66.815,7.991,532951636.000
-1.954,1.043,0.018,-1.943,-66.705,8.010,532951735.000
-1.954,1.042,0.023,-1.930,-66.567,8.012,532951836.000
-1.946,1.035,0.016,-1.946,-66.473,7.986,532951936.000
-1.942,1.037,0.021,-1.931,-66.384,7.997,532952036.000
-1.938,1.032,0.016,-1.988,-66.281,7.952,532952136.000
-1.936,1.030,0.014,-1.940,-66.180,7.935,532952237.000
-1.934,1.034,0.024,-1.862,-66.062,7.964,532952336.000
-1.936,1.032,0.019,-1.870,-65.921,7.919,532952437.000
-1.924,1.030,0.017,-1.884,-65.884,7.912,532952535.000
-1.924,1.022,0.022,-1.902,-65.770,7.913,532952636.000
-1.920,1.027,0.022,-1.830,-65.674,7.906,532952735.000
-1.920,1.027,0.012,-1.856,-65.562,7.906,532952835.000
-1.918,1.023,0.014,-1.851,-65.493,7.907,532952935.000
-1.914,1.018,0.012,-1.868,-65.381,7.863,532953036.000
-1.910,1.018,0.015,-1.840,-65.325,7.864,532953136.000
-1.908,1.019,0.015,-1.845,-65.217,7.884,532953235.000
-1.906,1.015,0.015,-1.868,-65.133,7.857,532953335.000
-1.902,1.012,0.012,-1.855,-65.045,7.849,532953436.000
-1.898,1.017,0.015,-1.783,-64.965,7.842,532953535.000
-1.899,1.012,0.010,-1.813,-64.884,7.824,532953635.000
-1.897,1.008,0.015,-1.836,-64.783,7.825,532953736.000
-1.893,1.010,0.013,-1.792,-64.696,7.808,532953835.000
-1.893,1.010,0.008,-1.792,-64.615,7.809,532953936.000
-1.889,1.005,0.018,-1.781,-64.534,7.820,532954036.000
-1.885,1.008,0.015,-1.751,-64.471,7.802,532954136.000
-1.889,1.002,0.005,-1.795,-64.358,7.784,532954235.000
-1.881,1.005,0.013,-1.752,-64.311,7.795,532954336.000
-1.881,1.000,0.008,-1.782,-64.230,7.777,532954436.000
-1.881,0.999,0.003,-1.754,-64.149,7.751,532954535.000
-1.875,1.001,0.008,-1.718,-64.122,7.770,532954635.000
-1.871,0.995,0.011,-1.748,-64.018,7.753,532954735.000
-1.873,0.994,0.006,-1.742,-63.901,7.736,532954836.000
-1.871,0.993,0.016,-1.736,-63.856,7.746,532954936.000
-1.867,0.987,0.016,-1.739,-63.832,7.728,532955036.000
-1.865,0.994,0.011,-1.686,-63.740,7.711,532955136.000
-1.865,0.988,0.013,-1.689,-63.659,7.721,532955235.000
-1.864,0.990,0.008,-1.695,-63.567,7.713,532955335.000
-1.859,0.992,0.009,-1.638,-63.519,7.696,532955436.000
-1.862,0.991,0.014,-1.646,-63.442,7.705,532955536.000
-1.855,0.982,0.011,-1.698,-63.415,7.716,532955635.000
-1.851,0.987,0.014,-1.598,-63.335,7.681,532955736.000
-1.852,0.982,0.014,-1.642,-63.262,7.690,532955836.000
-1.850,0.980,0.014,-1.664,-63.202,7.673,532955937.000
-1.845,0.980,0.011,-1.649,-63.139,7.674,532956036.000
-1.852,0.979,0.014,-1.616,-63.043,7.656,532956136.000
-1.846,0.977,0.011,-1.623,-63.017,7.666,532956236.000
-1.846,0.977,0.007,-1.609,-62.961,7.639,532956337.000
-1.842,0.972,0.009,-1.597,-62.881,7.650,532956436.000
-1.842,0.977,0.014,-1.567,-62.815,7.641,532956536.000
-1.836,0.973,0.004,-1.575,-62.766,7.642,532956636.000
-1.832,0.968,0.014,-1.577,-62.709,7.653,532956736.000
-1.838,0.974,0.004,-1.554,-62.631,7.606,532956836.000
-1.834,0.972,0.007,-1.555,-62.600,7.626,532956936.000
-1.834,0.969,0.007,-1.542,-62.503,7.618,532957036.000
-1.832,0.968,0.009,-1.563,-62.459,7.627,532957136.000
-1.828,0.967,0.007,-1.535,-62.419,7.601,532957236.000
-1.826,0.966,0.007,-1.542,-62.384,7.611,532957336.000
-1.824,0.965,0.005,-1.522,-62.332,7.621,532957437.000
-1.826,0.963,0.010,-1.503,-62.254,7.603,532957537.000
-1.822,0.966,0.010,-1.473,-62.206,7.586,532957636.000
-1.825,0.962,0.012,-1.469,-62.112,7.586,532957737.000
-1.820,0.962,0.007,-1.468,-62.057,7.587,532957836.000
-1.814,0.961,0.015,-1.489,-62.022,7.598,532957937.000
-1.816,0.959,0.010,-1.469,-61.977,7.580,532958036.000
-1.815,0.961,0.015,-1.447,-61.900,7.599,532958137.000
-1.815,0.958,0.005,-1.476,-61.861,7.562,532958236.000
-1.815,0.958,0.007,-1.448,-61.780,7.563,532958337.000
-1.811,0.950,0.007,-1.507,-61.781,7.564,532958436.000
-1.813,0.951,0.005,-1.472,-61.655,7.528,532958537.000
-1.809,0.954,0.010,-1.457,-61.664,7.538,532958637.000
-1.807,0.952,0.005,-1.436,-61.596,7.548,532958736.000
-1.809,0.953,0.010,-1.388,-61.542,7.539,532958837.000
-1.805,0.956,0.010,-1.358,-61.494,7.549,532958937.000
-1.803,0.947,0.013,-1.425,-61.450,7.532,532959037.000
-1.799,0.950,0.013,-1.395,-61.403,7.542,532959136.000
-1.801,0.945,0.005,-1.404,-61.318,7.515,532959236.000
-1.797,0.948,0.008,-1.389,-61.311,7.525,532959337.000
-1.799,0.944,0.010,-1.398,-61.241,7.525,532959436.000
-1.797,0.945,0.005,-1.377,-61.198,7.489,532959537.000
-1.797,0.945,0.005,-1.349,-61.149,7.517,532959637.000
-1.789,0.940,0.003,-1.350,-61.135,7.500,532959737.000
-1.793,0.943,0.013,-1.322,-61.052,7.510,532959836.000
-1.793,0.940,0.010,-1.365,-60.988,7.501,532959936.000
-1.787,0.941,0.008,-1.315,-60.985,7.493,532960036.000
-1.783,0.933,0.008,-1.388,-60.963,7.494,532960137.000
-1.787,0.941,0.011,-1.315,-60.856,7.494,532960237.000
-1.785,0.940,0.003,-1.295,-60.869,7.476,532960337.000
-1.781,0.937,0.001,-1.322,-60.806,7.495,532960436.000
-1.781,0.937,0.006,-1.282,-60.765,7.468,532960537.000
-1.786,0.937,0.011,-1.269,-60.698,7.468,532960636.000
-1.777,0.932,0.003,-1.311,-60.677,7.451,532960736.000
-1.777,0.932,0.006,-1.311,-60.645,7.479,532960837.000
-1.777,0.929,0.001,-1.313,-60.588,7.443,532960936.000
-1.777,0.934,0.006,-1.269,-60.547,7.462,532961036.000
-1.778,0.932,0.003,-1.269,-60.459,7.481,532961137.000
-1.773,0.932,0.004,-1.283,-60.460,7.454,532961237.000
-1.771,0.928,0.011,-1.265,-60.399,7.455,532961336.000
-1.769,0.931,0.006,-1.241,-60.379,7.455,532961436.000
-1.769,0.924,0.001,-1.300,-60.323,7.428,532961536.000
-1.770,0.929,0.011,-1.243,-60.290,7.447,532961636.000
-1.768,0.927,0.004,-1.250,-60.255,7.429,532961736.000
-1.768,0.925,-0.001,-1.223,-60.198,7.421,532961837.000
-1.768,0.927,0.006,-1.209,-60.149,7.430,532961936.000
-1.764,0.925,0.001,-1.195,-60.143,7.450,532962036.000
-1.766,0.923,0.001,-1.203,-60.081,7.431,532962137.000
-1.762,0.921,0.001,-1.176,-60.034,7.424,532962236.000
-1.764,0.922,0.009,-1.184,-59.996,7.414,532962337.000
-1.760,0.919,0.009,-1.212,-59.949,7.406,532962436.000
-1.760,0.919,0.006,-1.211,-59.933,7.434,532962536.000
-1.760,0.916,0.006,-1.186,-59.860,7.398,532962637.000
-1.758,0.920,0.007,-1.163,-59.872,7.398,532962737.000
-1.758,0.915,-0.001,-1.193,-59.825,7.380,532962837.000
-1.756,0.919,0.002,-1.155,-59.780,7.408,532962936.000
-1.756,0.916,0.007,-1.158,-59.739,7.372,532963036.000
-1.752,0.916,0.002,-1.156,-59.733,7.400,532963136.000
-1.754,0.915,0.002,-1.150,-59.647,7.410,532963237.000
-1.752,0.914,0.002,-1.144,-59.636,7.420,532963336.000
-1.752,0.914,0.004,-1.130,-59.579,7.393,532963436.000
-1.750,0.915,0.007,-1.109,-59.583,7.384,532963536.000
-1.748,0.913,-0.006,-1.115,-59.516,7.366,532963636.000
-1.746,0.904,-0.003,-1.155,-59.520,7.376,532963736.000
-1.746,0.912,0.004,-1.095,-59.447,7.404,532963836.000
-1.744,0.911,0.002,-1.089,-59.419,7.386,532963937.000
-1.744,0.911,-0.001,-1.102,-59.379,7.387,532964037.000
-1.744,0.908,0.007,-1.105,-59.354,7.378,532964137.000
-1.742,0.909,0.007,-1.055,-59.294,7.397,532964236.000
-1.745,0.908,0.007,-1.091,-59.233,7.379,532964336.000
-1.738,0.904,0.002,-1.112,-59.239,7.380,532964436.000
-1.736,0.903,-0.000,-1.092,-59.235,7.362,532964536.000
-1.738,0.904,0.002,-1.071,-59.166,7.353,532964637.000
-1.738,0.902,-0.005,-1.099,-59.142,7.371,532964737.000
-1.739,0.907,0.007,-1.070,-59.076,7.363,532964837.000
-1.734,0.904,0.002,-1.043,-59.045,7.355,532964936.000
-1.734,0.901,0.005,-1.044,-59.037,7.373,532965037.000
-1.734,0.901,-0.003,-1.058,-59.014,7.346,532965137.000
-1.730,0.901,0.002,-1.044,-58.998,7.347,532965236.000
-1.732,0.902,0.002,-1.023,-58.961,7.338,532965337.000
-1.730,0.899,-0.000,-1.072,-58.909,7.338,532965437.000
-1.730,0.901,-0.003,-1.029,-58.893,7.348,532965537.000
-1.726,0.896,-0.003,-1.087,-58.870,7.330,532965636.000
-1.726,0.901,0.002,-0.988,-58.829,7.349,532965737.000
-1.724,0.900,0.005,-1.023,-58.809,7.331,532965837.000
-1.729,0.897,0.005,-1.039,-58.735,7.322,532965936.000
-1.722,0.901,0.002,-1.001,-58.733,7.323,532966036.000
-1.729,0.899,-0.007,-0.981,-58.679,7.304,532966137.000
-1.727,0.896,-0.008,-1.031,-58.644,7.332,532966237.000
-1.723,0.896,-0.003,-0.989,-58.628,7.333,532966336.000
-1.718,0.893,-0.002,-0.990,-58.629,7.325,532966436.000
-1.721,0.897,-0.002,-0.982,-58.592,7.297,532966536.000
-1.721,0.894,0.000,-0.998,-58.560,7.288,532966637.000
-1.719,0.890,0.000,-1.020,-58.524,7.316,532966737.000
-1.717,0.892,0.000,-0.984,-58.488,7.308,532966836.000
-1.719,0.888,-0.005,-1.007,-58.443,7.308,532966936.000
-1.719,0.893,-0.002,-0.949,-58.410,7.299,532967037.000
-1.719,0.895,-0.002,-0.934,-58.362,7.281,532967137.000
-1.715,0.890,0.000,-0.964,-58.355,7.291,532967237.000
-1.713,0.889,0.000,-0.957,-58.343,7.301,532967337.000
-1.713,0.891,-0.002,-0.942,-58.327,7.310,532967436.000
-1.713,0.889,-0.005,-0.944,-58.287,7.274,532967537.000
-1.713,0.886,0.000,-0.959,-58.222,7.265,532967636.000
-1.711,0.887,-0.002,-0.951,-58.219,7.284,532967736.000
-1.713,0.886,-0.005,-0.945,-58.166,7.293,532967836.000
-1.711,0.885,-0.002,-0.952,-58.146,7.275,532967937.000
-1.705,0.883,-0.002,-0.959,-58.135,7.285,532968037.000
-1.703,0.885,-0.009,-0.937,-58.124,7.277,532968136.000
-1.703,0.887,0.001,-0.923,-58.091,7.258,532968237.000
-1.707,0.882,0.003,-0.940,-58.057,7.268,532968337.000
-1.709,0.883,0.003,-0.932,-57.996,7.258,532968437.000
-1.703,0.882,0.000,-0.925,-57.994,7.269,532968537.000
-1.705,0.881,0.000,-0.919,-57.957,7.278,532968637.000
-1.703,0.877,-0.007,-0.927,-57.946,7.251,532968737.000
-1.705,0.880,0.001,-0.919,-57.860,7.251,532968837.000
-1.701,0.886,0.001,-0.847,-57.861,7.270,532968937.000
-1.703,0.882,-0.004,-0.897,-57.865,7.242,532969037.000
-1.699,0.879,0.001,-0.912,-57.825,7.234,532969137.000
-1.701,0.878,-0.012,-0.905,-57.805,7.243,532969237.000
-1.697,0.878,0.006,-0.892,-57.772,7.244,532969336.000
-1.697,0.880,-0.002,-0.877,-57.724,7.226,532969437.000
-1.697,0.880,0.006,-0.849,-57.724,7.254,532969537.000
-1.697,0.878,-0.002,-0.892,-57.725,7.245,532969637.000
-1.695,0.876,0.001,-0.886,-57.680,7.227,532969737.000
-1.693,0.875,-0.004,-0.879,-57.637,7.237,532969837.000
-1.693,0.875,0.001,-0.838,-57.644,7.210,532969937.000
-1.695,0.876,-0.009,-0.857,-57.568,7.256,532970037.000
-1.693,0.872,-0.004,-0.894,-57.540,7.228,532970136.000
-1.689,0.875,0.001,-0.851,-57.548,7.211,532970236.000
-1.691,0.876,-0.002,-0.829,-57.495,7.229,532970336.000
-1.689,0.875,-0.009,-0.836,-57.509,7.239,532970436.000
-1.694,0.875,0.003,-0.824,-57.441,7.211,532970536.000
-1.692,0.868,-0.007,-0.861,-57.439,7.230,532970636.000
-1.687,0.871,-0.004,-0.845,-57.432,7.212,532970736.000
-1.690,0.867,0.001,-0.841,-57.354,7.213,532970836.000
-1.690,0.872,-0.006,-0.824,-57.379,7.203,532970937.000
-1.685,0.870,-0.002,-0.839,-57.339,7.223,532971036.000
-1.688,0.868,-0.009,-0.832,-57.303,7.232,532971136.000
-1.686,0.869,-0.004,-0.825,-57.299,7.195,532971236.000
-1.686,0.867,-0.004,-0.813,-57.250,7.215,532971336.000
-1.684,0.865,-0.009,-0.847,-57.231,7.196,532971436.000
-1.684,0.871,0.001,-0.817,-57.246,7.215,532971536.000
-1.682,0.867,-0.004,-0.812,-57.178,7.188,532971636.000
-1.679,0.868,-0.009,-0.804,-57.159,7.207,532971736.000
-1.679,0.865,-0.009,-0.791,-57.159,7.198,532971836.000
-1.680,0.865,-0.004,-0.819,-57.143,7.198,532971936.000
-1.680,0.863,-0.009,-0.820,-57.086,7.189,532972036.000
-1.675,0.865,0.001,-0.792,-57.103,7.199,532972137.000
-1.680,0.865,-0.001,-0.792,-57.013,7.199,532972236.000
-1.680,0.865,-0.009,-0.792,-57.013,7.171,532972336.000
-1.676,0.865,-0.004,-0.791,-57.022,7.172,532972436.000
-1.676,0.865,-0.006,-0.777,-56.982,7.200,532972537.000
-1.674,0.861,-0.006,-0.786,-56.970,7.173,532972636.000
-1.674,0.864,-0.004,-0.785,-56.914,7.183,532972737.000
-1.672,0.860,-0.004,-0.794,-56.902,7.155,532972837.000
-1.672,0.860,-0.011,-0.793,-56.903,7.155,532972936.000
-1.672,0.860,-0.006,-0.807,-56.862,7.156,532973036.000
-1.667,0.860,-0.001,-0.779,-56.871,7.184,532973137.000
-1.670,0.856,-0.009,-0.802,-56.858,7.156,532973237.000
-1.674,0.861,-0.006,-0.759,-56.776,7.147,532973337.000
-1.668,0.865,-0.003,-0.749,-56.806,7.148,532973437.000
-1.672,0.857,-0.004,-0.781,-56.756,7.148,532973538.000
-1.670,0.858,-0.009,-0.773,-56.737,7.166,532973637.000
-1.670,0.858,-0.008,-0.731,-56.712,7.167,532973738.000
-1.668,0.862,-0.006,-0.723,-56.717,7.139,532973837.000
-1.664,0.862,-0.006,-0.708,-56.669,7.141,532973938.000
-1.666,0.858,-0.003,-0.704,-56.624,7.169,532974037.000
-1.666,0.856,-0.008,-0.746,-56.641,7.131,532974137.000
-1.666,0.858,-0.006,-0.717,-56.584,7.141,532974237.000
-1.664,0.860,-0.006,-0.723,-56.573,7.160,532974338.000
-1.662,0.853,-0.003,-0.734,-56.552,7.124,532974437.000
-1.662,0.853,-0.011,-0.733,-56.553,7.151,532974537.000
-1.662,0.850,-0.006,-0.762,-56.512,7.142,532974637.000
-1.660,0.857,-0.008,-0.710,-56.485,7.152,532974738.000
-1.664,0.854,-0.008,-0.698,-56.459,7.143,532974837.000
-1.660,0.857,-0.011,-0.668,-56.444,7.153,532974938.000
-1.662,0.855,-0.003,-0.691,-56.407,7.134,532975037.000
-1.656,0.854,-0.016,-0.724,-56.414,7.116,532975137.000
-1.660,0.854,-0.008,-0.712,-56.363,7.116,532975237.000
-1.658,0.855,-0.001,-0.690,-56.351,7.135,532975338.000
-1.658,0.853,-0.003,-0.705,-56.335,7.126,532975437.000
-1.656,0.854,-0.001,-0.684,-56.339,7.117,532975537.000
-1.656,0.846,-0.008,-0.743,-56.267,7.118,532975637.000
-1.658,0.853,-0.008,-0.691,-56.230,7.127,532975737.000
-1.656,0.854,-0.006,-0.669,-56.235,7.146,532975838.000
-1.654,0.853,-0.008,-0.677,-56.231,7.128,532975938.000
-1.656,0.849,-0.006,-0.672,-56.186,7.128,532976037.000
-1.652,0.854,-0.006,-0.669,-56.211,7.119,532976137.000
-1.650,0.853,-0.003,-0.677,-56.192,7.129,532976237.000
-1.654,0.850,0.004,-0.665,-56.117,7.120,532976337.000
-1.650,0.845,-0.011,-0.694,-56.144,7.129,532976437.000
-1.654,0.847,-0.005,-0.680,-56.101,7.083,532976537.000
-1.650,0.850,-0.005,-0.636,-56.078,7.121,532976637.000
-1.648,0.846,-0.010,-0.673,-56.083,7.094,532976737.000
-1.653,0.846,-0.005,-0.674,-56.041,7.093,532976837.000
-1.650,0.847,-0.001,-0.707,-56.014,7.112,532976937.000
-1.648,0.843,-0.008,-0.660,-56.002,7.113,532977037.000
-1.648,0.848,-0.010,-0.657,-55.986,7.103,532977138.000
-1.648,0.846,-0.005,-0.659,-55.945,7.122,532977238.000
-1.646,0.842,-0.015,-0.681,-55.943,7.095,532977336.000
-1.646,0.845,-0.008,-0.652,-55.918,7.105,532977438.000
-1.647,0.842,0.002,-0.654,-55.860,7.096,532977537.000
-1.644,0.843,-0.005,-0.660,-55.898,7.087,532977636.000
-1.642,0.845,-0.008,-0.638,-55.870,7.106,532977737.000
-1.649,0.843,-0.008,-0.646,-55.832,7.087,532977837.000
-1.640,0.843,-0.005,-0.632,-55.826,7.088,532977936.000
-1.642,0.842,-0.010,-0.653,-55.806,7.069,532978036.000
-1.642,0.842,-0.005,-0.654,-55.789,7.070,532978136.000
-1.638,0.844,-0.000,-0.624,-55.774,7.107,532978238.000
-1.643,0.842,-0.003,-0.626,-55.756,7.070,532978337.000
-1.643,0.839,-0.010,-0.668,-55.709,7.061,532978437.000
-1.641,0.840,-0.013,-0.605,-55.705,7.052,532978536.000
-1.638,0.842,-0.008,-0.598,-55.701,7.071,532978636.000
-1.639,0.839,-0.010,-0.626,-55.661,7.062,532978737.000
-1.636,0.838,0.002,-0.607,-55.656,7.072,532978837.000
-1.636,0.838,-0.003,-0.620,-55.649,7.072,532978937.000
-1.637,0.838,-0.003,-0.620,-55.600,7.072,532979036.000
-1.634,0.834,-0.008,-0.629,-55.605,7.073,532979136.000
-1.637,0.838,-0.007,-0.593,-55.568,7.045,532979237.000
-1.639,0.839,-0.013,-0.599,-55.548,7.063,532979337.000
-1.637,0.838,-0.005,-0.620,-55.536,7.073,532979436.000
-1.632,0.838,-0.012,-0.578,-55.537,7.046,532979536.000
-1.635,0.836,-0.008,-0.586,-55.508,7.083,532979636.000
-1.635,0.836,-0.000,-0.573,-55.483,7.056,532979736.000
-1.630,0.839,-0.005,-0.584,-55.477,7.038,532979837.000
-1.633,0.832,-0.003,-0.609,-55.456,7.056,532979936.000
-1.631,0.836,-0.005,-0.586,-55.452,7.029,532980036.000
-1.635,0.831,-0.008,-0.616,-55.411,7.065,532980136.000
-1.637,0.832,-0.007,-0.595,-55.325,7.029,532980237.000
-1.631,0.831,-0.007,-0.574,-55.363,7.039,532980337.000
-1.633,0.830,-0.002,-0.583,-55.334,7.048,532980436.000
-1.631,0.831,-0.005,-0.588,-55.307,7.067,532980536.000
-1.629,0.832,-0.012,-0.621,-55.296,7.030,532980637.000
-1.627,0.833,-0.007,-0.586,-55.292,7.049,532980737.000
-1.631,0.831,-0.010,-0.574,-55.250,7.040,532980836.000
-1.625,0.830,-0.010,-0.622,-55.265,7.050,532980937.000
-1.629,0.829,-0.010,-0.595,-55.190,7.022,532981036.000
-1.625,0.829,-0.012,-0.553,-55.224,7.023,532981136.000
-1.623,0.831,-0.002,-0.574,-55.204,7.042,532981236.000
-1.625,0.832,-0.010,-0.538,-55.191,7.032,532981336.000
-1.625,0.827,-0.007,-0.610,-55.183,7.041,532981437.000
-1.621,0.829,-0.005,-0.567,-55.176,7.024,532981537.000
-1.625,0.829,-0.002,-0.582,-55.142,7.023,532981637.000
-1.621,0.829,-0.005,-0.553,-55.151,7.024,532981737.000
-1.623,0.828,-0.005,-0.561,-55.090,7.006,532981836.000
-1.621,0.829,0.000,-0.526,-55.086,7.025,532981936.000
-1.619,0.828,-0.012,-0.546,-55.092,7.007,532982037.000
-1.619,0.825,-0.007,-0.548,-55.051,7.025,532982136.000
-1.619,0.828,-0.002,-0.533,-55.034,7.035,532982237.000
-1.621,0.829,-0.007,-0.512,-55.014,6.998,532982337.000
-1.619,0.825,-0.005,-0.576,-55.019,7.026,532982436.000
-1.617,0.821,-0.012,-0.570,-54.983,6.999,532982537.000
-1.617,0.829,-0.005,-0.511,-54.958,6.999,532982636.000
-1.615,0.825,-0.012,-0.533,-54.972,6.999,532982736.000
-1.615,0.830,0.001,-0.490,-54.930,6.990,532982837.000
-1.613,0.826,-0.014,-0.525,-54.920,6.991,532982936.000
-1.615,0.823,-0.017,-0.548,-54.891,6.991,532983037.000
-1.617,0.824,-0.012,-0.514,-54.862,6.981,532983136.000
-1.613,0.824,-0.007,-0.514,-54.870,6.982,532983237.000
-1.613,0.824,-0.012,-0.527,-54.863,7.010,532983337.000
-1.617,0.826,-0.002,-0.513,-54.804,7.019,532983437.000
-1.615,0.817,-0.009,-0.565,-54.818,7.001,532983536.000
-1.613,0.824,-0.012,-0.527,-54.766,6.983,532983636.000
-1.611,0.822,-0.009,-0.507,-54.794,6.992,532983736.000
-1.609,0.821,-0.014,-0.528,-54.751,6.974,532983836.000
-1.609,0.819,-0.009,-0.543,-54.734,6.993,532983936.000
-1.611,0.820,-0.009,-0.535,-54.722,7.011,532984036.000
-1.611,0.822,-0.014,-0.479,-54.714,6.965,532984136.000
-1.611,0.820,-0.014,-0.522,-54.714,6.984,532984237.000
-1.611,0.820,-0.009,-0.522,-54.697,6.984,532984337.000
-1.605,0.821,-0.009,-0.514,-54.687,6.976,532984436.000
-1.607,0.820,-0.012,-0.535,-54.634,6.985,532984536.000
-1.609,0.821,-0.014,-0.472,-54.605,6.976,532984637.000
-1.607,0.820,-0.014,-0.493,-54.594,6.986,532984736.000
-1.605,0.818,-0.014,-0.528,-54.607,6.967,532984837.000
-1.609,0.823,-0.012,-0.499,-54.549,6.958,532984937.000
-1.607,0.817,-0.009,-0.495,-54.553,6.977,532985036.000
-1.601,0.818,-0.009,-0.487,-54.591,6.968,532985136.000
-1.603,0.820,-0.009,-0.521,-54.554,6.959,532985237.000
-1.605,0.818,-0.009,-0.473,-54.492,6.968,532985336.000
-1.603,0.817,-0.017,-0.494,-54.530,6.950,532985437.000
-1.603,0.817,-0.014,-0.494,-54.449,6.978,532985536.000
-1.605,0.813,-0.012,-0.517,-54.452,6.978,532985636.000
-1.601,0.813,-0.009,-0.503,-54.469,6.951,532985737.000
-1.603,0.814,-0.014,-0.523,-54.425,6.969,532985837.000
-1.606,0.813,-0.012,-0.518,-54.404,6.951,532985936.000
-1.597,0.813,-0.016,-0.488,-54.423,6.952,532986037.000
-1.601,0.815,-0.014,-0.502,-54.365,6.933,532986136.000
-1.601,0.813,-0.017,-0.489,-54.349,6.952,532986237.000
-1.601,0.815,-0.004,-0.475,-54.331,6.961,532986336.000
-1.601,0.821,-0.016,-0.430,-54.324,6.952,532986436.000
-1.597,0.815,-0.016,-0.473,-54.326,6.934,532986537.000
-1.599,0.817,-0.014,-0.480,-54.305,6.952,532986636.000
-1.597,0.815,-0.011,-0.474,-54.309,6.934,532986737.000
-1.602,0.818,-0.016,-0.459,-54.252,6.943,532986837.000
-1.597,0.815,-0.011,-0.460,-54.236,6.935,532986936.000
-1.600,0.814,-0.011,-0.468,-54.223,6.944,532987037.000
-1.593,0.815,-0.011,-0.418,-54.237,6.936,532987137.000
-1.595,0.814,-0.009,-0.440,-54.216,6.945,532987236.000
-1.595,0.816,-0.009,-0.411,-54.192,6.927,532987336.000
-1.598,0.813,-0.011,-0.434,-54.163,6.927,532987436.000
-1.593,0.813,-0.009,-0.461,-54.156,6.927,532987537.000
-1.595,0.811,-0.016,-0.441,-54.144,6.936,532987637.000
-1.596,0.809,-0.014,-0.456,-54.111,6.955,532987736.000
-1.596,0.814,-0.011,-0.412,-54.103,6.946,532987836.000
-1.593,0.813,-0.014,-0.447,-54.100,6.928,532987936.000
-1.593,0.813,-0.014,-0.447,-54.100,6.928,532988036.000
-1.594,0.810,-0.016,-0.434,-54.035,6.919,532988137.000
-1.594,0.810,-0.011,-0.462,-54.019,6.919,532988237.000
-1.592,0.809,-0.011,-0.442,-54.031,6.929,532988336.000
-1.592,0.814,-0.009,-0.398,-54.023,6.948,532988437.000
-1.592,0.808,-0.011,-0.442,-53.983,6.902,532988537.000
-1.587,0.806,-0.011,-0.456,-54.008,6.921,532988637.000
-1.589,0.812,-0.014,-0.418,-53.980,6.930,532988737.000
-1.590,0.810,-0.011,-0.393,-53.971,6.921,532988836.000
-1.594,0.807,-0.014,-0.436,-53.930,6.911,532988936.000
-1.592,0.806,-0.011,-0.443,-53.910,6.921,532989036.000
-1.585,0.805,-0.009,-0.450,-53.915,6.903,532989136.000
-1.590,0.807,-0.014,-0.408,-53.906,6.912,532989236.000
-1.590,0.804,-0.011,-0.437,-53.898,6.903,532989336.000
-1.590,0.805,-0.014,-0.409,-53.882,6.931,532989436.000
-1.588,0.801,-0.014,-0.445,-53.871,6.904,532989536.000
-1.583,0.808,-0.009,-0.386,-53.855,6.904,532989636.000
-1.584,0.806,-0.009,-0.414,-53.831,6.923,532989736.000
-1.586,0.804,-0.011,-0.409,-53.826,6.904,532989837.000
-1.590,0.804,-0.006,-0.396,-53.808,6.904,532989936.000
-1.586,0.807,-0.011,-0.352,-53.802,6.914,532990037.000
-1.586,0.807,-0.014,-0.393,-53.762,6.886,532990136.000
-1.586,0.804,-0.016,-0.394,-53.770,6.905,532990236.000
-1.581,0.804,-0.011,-0.394,-53.779,6.905,532990337.000
-1.584,0.806,-0.009,-0.401,-53.758,6.896,532990437.000
-1.582,0.802,-0.009,-0.410,-53.746,6.897,532990537.000
-1.586,0.802,-0.016,-0.382,-53.721,6.896,532990636.000
-1.586,0.804,-0.009,-0.395,-53.672,6.906,532990737.000
-1.586,0.802,-0.011,-0.382,-53.705,6.896,532990838.000
-1.582,0.802,-0.011,-0.368,-53.657,6.870,532990938.000
-1.578,0.804,-0.008,-0.366,-53.674,6.907,532991038.000
-1.580,0.798,-0.016,-0.390,-53.638,6.898,532991138.000
-1.580,0.803,-0.009,-0.346,-53.613,6.917,532991237.000
-1.580,0.800,-0.011,-0.403,-53.622,6.907,532991338.000
-1.580,0.798,-0.004,-0.377,-53.596,6.899,532991438.000
-1.578,0.799,-0.008,-0.355,-53.601,6.890,532991538.000
-1.576,0.800,-0.006,-0.361,-53.606,6.908,532991637.000
-1.584,0.800,-0.011,-0.335,-53.523,6.880,532991737.000
-1.578,0.802,-0.016,-0.367,-53.554,6.899,532991837.000
-1.580,0.798,-0.013,-0.377,-53.533,6.871,532991937.000
-1.576,0.798,-0.011,-0.376,-53.525,6.872,532992038.000
-1.580,0.798,-0.013,-0.377,-53.484,6.872,532992137.000
-1.578,0.799,-0.011,-0.327,-53.488,6.891,532992237.000
-1.574,0.799,-0.016,-0.354,-53.482,6.863,532992338.000
-1.576,0.800,-0.011,-0.334,-53.477,6.854,532992437.000
-1.574,0.799,-0.018,-0.327,-53.466,6.864,532992537.000
-1.574,0.801,-0.018,-0.338,-53.418,6.901,532992637.000
-1.576,0.795,-0.011,-0.336,-53.428,6.892,532992738.000
-1.576,0.798,-0.006,-0.349,-53.412,6.901,532992837.000
-1.572,0.797,-0.013,-0.334,-53.413,6.874,532992938.000
-1.574,0.799,-0.016,-0.299,-53.384,6.865,532993037.000
-1.572,0.790,-0.021,-0.393,-53.390,6.846,532993138.000
-1.572,0.800,-0.011,-0.278,-53.356,6.884,532993238.000
-1.570,0.796,-0.013,-0.327,-53.353,6.884,532993338.000
-1.572,0.792,-0.011,-0.351,-53.356,6.884,532993437.000
-1.568,0.792,-0.016,-0.336,-53.374,6.857,532993538.000
-1.572,0.792,-0.016,-0.350,-53.325,6.884,532993638.000
-1.572,0.795,-0.013,-0.349,-53.316,6.865,532993738.000
-1.570,0.791,-0.008,-0.358,-53.288,6.866,532993837.000
-1.568,0.792,-0.011,-0.364,-53.309,6.857,532993938.000
-1.572,0.795,-0.016,-0.308,-53.276,6.866,532994038.000
-1.570,0.791,-0.016,-0.344,-53.264,6.839,532994137.000
-1.572,0.795,-0.013,-0.322,-53.219,6.839,532994237.000
-1.570,0.791,-0.016,-0.344,-53.216,6.839,532994338.000
-1.568,0.795,-0.013,-0.308,-53.220,6.839,532994437.000
-1.572,0.795,-0.013,-0.308,-53.195,6.867,532994537.000
-1.570,0.791,-0.016,-0.344,-53.216,6.867,532994637.000
-1.566,0.793,-0.011,-0.343,-53.200,6.849,532994737.000
-1.568,0.795,-0.013,-0.307,-53.172,6.867,532994837.000
-1.568,0.795,-0.013,-0.321,-53.147,6.868,532994937.000
-1.566,0.791,-0.011,-0.316,-53.176,6.840,532995037.000
-1.564,0.792,-0.020,-0.308,-53.173,6.831,532995137.000
-1.566,0.796,-0.013,-0.299,-53.136,6.859,532995237.000
-1.562,0.793,-0.023,-0.300,-53.170,6.850,532995338.000
-1.564,0.794,-0.013,-0.307,-53.100,6.841,532995438.000
-1.566,0.788,-0.018,-0.330,-53.080,6.887,532995537.000
-1.564,0.794,-0.013,-0.279,-53.100,6.841,532995637.000
-1.562,0.793,-0.008,-0.287,-53.096,6.851,532995738.000
-1.566,0.790,-0.018,-0.288,-53.031,6.842,532995838.000
-1.566,0.791,-0.008,-0.316,-53.046,6.841,532995937.000
-1.560,0.792,-0.011,-0.294,-53.044,6.861,532996037.000
-1.566,0.788,-0.015,-0.304,-52.998,6.833,532996137.000
-1.558,0.791,-0.013,-0.274,-53.041,6.843,532996238.000
-1.562,0.791,-0.023,-0.301,-53.000,6.842,532996337.000
-1.560,0.787,-0.010,-0.324,-52.996,6.843,532996438.000
-1.562,0.785,-0.013,-0.332,-52.967,6.852,532996538.000
-1.560,0.789,-0.015,-0.309,-52.964,6.825,532996638.000
-1.562,0.788,-0.015,-0.289,-52.951,6.834,532996737.000
-1.558,0.788,-0.013,-0.289,-52.944,6.834,532996838.000
-1.558,0.788,-0.013,-0.317,-52.944,6.807,532996937.000
-1.558,0.790,-0.010,-0.260,-52.935,6.844,532997038.000
-1.558,0.788,-0.023,-0.288,-52.928,6.835,532997137.000
-1.556,0.784,-0.015,-0.297,-52.916,6.835,532997237.000
-1.560,0.786,-0.013,-0.297,-52.882,6.816,532997338.000
-1.556,0.786,-0.018,-0.282,-52.900,6.817,532997437.000
-1.556,0.789,-0.015,-0.267,-52.868,6.826,532997537.000
-1.556,0.786,-0.013,-0.296,-52.859,6.817,532997638.000
-1.556,0.786,-0.010,-0.296,-52.827,6.817,532997737.000
-1.558,0.788,-0.018,-0.289,-52.815,6.808,532997838.000
-1.558,0.785,-0.008,-0.263,-52.805,6.827,532997937.000
-1.552,0.784,-0.015,-0.297,-52.845,6.836,532998037.000
-1.556,0.786,-0.018,-0.282,-52.755,6.818,532998137.000
-1.554,0.788,-0.010,-0.233,-52.790,6.809,532998238.000
-1.556,0.786,-0.013,-0.255,-52.738,6.818,532998337.000
-1.552,0.784,-0.018,-0.297,-52.780,6.809,532998437.000
-1.552,0.789,-0.013,-0.239,-52.763,6.800,532998538.000
-1.554,0.788,-0.013,-0.233,-52.726,6.810,532998638.000
-1.557,0.786,-0.018,-0.268,-52.682,6.819,532998737.000
-1.552,0.784,-0.013,-0.283,-52.690,6.810,532998838.000
-1.548,0.784,-0.015,-0.269,-52.724,6.810,532998938.000
-1.550,0.785,-0.010,-0.248,-52.719,6.801,532999037.000
-1.550,0.777,-0.008,-0.293,-52.686,6.829,532999138.000
-1.550,0.785,-0.015,-0.233,-52.663,6.829,532999238.000
-1.557,0.786,-0.015,-0.227,-52.624,6.792,532999337.000
-1.553,0.781,-0.013,-0.298,-52.593,6.802,532999438.000
-1.550,0.777,-0.013,-0.279,-52.630,6.802,532999538.000
-1.550,0.782,-0.018,-0.276,-52.598,6.793,532999638.000
-1.548,0.781,-0.013,-0.270,-52.619,6.830,532999738.000
-1.551,0.777,-0.010,-0.293,-52.573,6.802,532999838.000
-1.546,0.782,-0.022,-0.262,-52.616,6.793,532999937.000
-1.546,0.782,-0.010,-0.235,-52.598,6.794,533000037.000
-1.551,0.782,-0.013,-0.235,-52.557,6.793,533000138.000
-1.548,0.778,-0.010,-0.271,-52.562,6.821,533000237.000
-1.551,0.785,-0.015,-0.247,-52.541,6.802,533000338.000
-1.549,0.781,-0.013,-0.229,-52.497,6.804,533000438.000
-1.546,0.780,-0.018,-0.263,-52.527,6.785,533000538.000
-1.544,0.773,-0.018,-0.315,-52.515,6.776,533000638.000
-1.549,0.778,-0.015,-0.244,-52.481,6.794,533000737.000
-1.549,0.781,-0.017,-0.270,-52.490,6.776,533000837.000
-1.549,0.783,-0.020,-0.227,-52.474,6.785,533000938.000
-1.544,0.781,-0.015,-0.242,-52.482,6.804,533001037.000
-1.546,0.779,-0.022,-0.236,-52.446,6.758,533001138.000
-1.544,0.778,-0.017,-0.257,-52.466,6.767,533001237.000
-1.549,0.781,-0.018,-0.228,-52.417,6.804,533001337.000
-1.547,0.779,-0.012,-0.222,-52.437,6.786,533001437.000
-1.547,0.782,-0.025,-0.220,-52.381,6.768,533001538.000
-1.545,0.778,-0.017,-0.243,-52.393,6.768,533001638.000
-1.540,0.778,-0.020,-0.229,-52.427,6.769,533001737.000
-1.542,0.777,-0.012,-0.265,-52.365,6.778,533001837.000
-1.547,0.779,-0.020,-0.208,-52.365,6.787,533001938.000
-1.542,0.782,-0.017,-0.220,-52.358,6.769,533002038.000
-1.540,0.778,-0.022,-0.242,-52.339,6.797,533002138.000
-1.543,0.782,-0.007,-0.193,-52.324,6.769,533002238.000
-1.540,0.775,-0.012,-0.217,-52.329,6.788,533002338.000
-1.540,0.778,-0.017,-0.229,-52.298,6.770,533002437.000
-1.538,0.777,-0.017,-0.222,-52.286,6.779,533002538.000
-1.538,0.779,-0.015,-0.207,-52.253,6.761,533002638.000
-1.541,0.775,-0.015,-0.203,-52.240,6.761,533002737.000
-1.538,0.777,-0.020,-0.208,-52.246,6.780,533002838.000
-1.539,0.777,-0.010,-0.223,-52.237,6.780,533002938.000
-1.534,0.774,-0.012,-0.223,-52.270,6.771,533003038.000
-1.536,0.773,-0.022,-0.231,-52.242,6.752,533003137.000
-1.539,0.774,-0.020,-0.196,-52.197,6.743,533003236.000
-1.543,0.774,-0.010,-0.211,-52.162,6.771,533003336.000
-1.539,0.774,-0.012,-0.238,-52.172,6.743,533003436.000
-1.537,0.775,-0.010,-0.203,-52.152,6.763,533003536.000
-1.541,0.778,-0.015,-0.174,-52.119,6.744,533003638.000
-1.534,0.777,-0.015,-0.208,-52.157,6.753,533003736.000
-1.534,0.777,-0.015,-0.222,-52.133,6.754,533003836.000
-1.532,0.773,-0.015,-0.217,-52.146,6.754,533003936.000
-1.539,0.774,-0.012,-0.196,-52.099,6.772,533004036.000
-1.535,0.774,-0.010,-0.210,-52.116,6.772,533004138.000
-1.535,0.771,-0.012,-0.239,-52.076,6.763,533004236.000
-1.535,0.774,-0.017,-0.196,-52.093,6.745,533004337.000
-1.535,0.769,-0.015,-0.198,-52.060,6.755,533004436.000
-1.535,0.769,-0.015,-0.212,-52.036,6.755,533004536.000
-1.537,0.773,-0.012,-0.218,-52.039,6.754,533004637.000
-1.535,0.771,-0.015,-0.211,-52.060,6.736,533004736.000
-1.530,0.771,-0.020,-0.183,-52.053,6.737,533004837.000
-1.533,0.770,-0.012,-0.205,-52.016,6.746,533004936.000
-1.533,0.773,-0.020,-0.189,-52.017,6.755,533005036.000
-1.531,0.769,-0.015,-0.212,-52.013,6.728,533005136.000
-1.528,0.770,-0.015,-0.218,-52.001,6.747,533005236.000
-1.531,0.769,-0.015,-0.212,-51.964,6.756,533005336.000
-1.531,0.771,-0.007,-0.197,-51.964,6.765,533005437.000
-1.528,0.770,-0.017,-0.190,-51.985,6.747,533005537.000
-1.529,0.767,-0.015,-0.219,-51.977,6.738,533005637.000
-1.531,0.771,-0.017,-0.169,-51.948,6.738,533005738.000
-1.533,0.772,-0.022,-0.161,-51.903,6.729,533005836.000
-1.529,0.767,-0.012,-0.192,-51.944,6.738,533005936.000
-1.531,0.771,-0.012,-0.155,-51.907,6.738,533006036.000
-1.524,0.775,-0.015,-0.159,-51.930,6.766,533006137.000
-1.529,0.770,-0.012,-0.163,-51.871,6.748,533006237.000
-1.531,0.771,-0.012,-0.169,-51.883,6.738,533006337.000
-1.529,0.772,-0.010,-0.134,-51.863,6.730,533006437.000
-1.531,0.766,-0.015,-0.200,-51.867,6.720,533006536.000
-1.527,0.768,-0.012,-0.184,-51.860,6.730,533006637.000
-1.531,0.766,-0.012,-0.186,-51.810,6.721,533006736.000
-1.529,0.767,-0.010,-0.164,-51.814,6.740,533006837.000
-1.527,0.766,-0.017,-0.171,-51.828,6.721,533006936.000
-1.527,0.773,-0.009,-0.126,-51.778,6.722,533007037.000
-1.527,0.768,-0.010,-0.170,-51.803,6.758,533007137.000
-1.525,0.767,-0.012,-0.150,-51.799,6.740,533007237.000
-1.525,0.767,-0.014,-0.164,-51.808,6.713,533007337.000
-1.525,0.772,-0.014,-0.119,-51.783,6.731,533007437.000
-1.525,0.767,-0.017,-0.177,-51.768,6.740,533007536.000
-1.527,0.771,-0.022,-0.141,-51.747,6.713,533007636.000
-1.521,0.762,-0.017,-0.165,-51.769,6.723,533007737.000
-1.523,0.763,-0.009,-0.200,-51.731,6.713,533007836.000
-1.525,0.762,-0.014,-0.180,-51.686,6.723,533007936.000
-1.525,0.767,-0.017,-0.163,-51.695,6.713,533008037.000
-1.525,0.767,-0.014,-0.136,-51.662,6.714,533008137.000
-1.525,0.767,-0.017,-0.136,-51.646,6.714,533008237.000
-1.521,0.764,-0.009,-0.165,-51.695,6.705,533008337.000
-1.525,0.767,-0.014,-0.150,-51.638,6.714,533008437.000
-1.521,0.764,-0.014,-0.137,-51.663,6.705,533008537.000
-1.523,0.763,-0.009,-0.173,-51.634,6.714,533008638.000
-1.519,0.763,-0.017,-0.158,-51.636,6.715,533008737.000
-1.523,0.768,-0.017,-0.141,-51.586,6.733,533008837.000
-1.517,0.762,-0.022,-0.164,-51.617,6.725,533008937.000
-1.521,0.772,-0.014,-0.105,-51.590,6.706,533009037.000
-1.521,0.764,-0.017,-0.150,-51.574,6.706,533009138.000
-1.519,0.763,-0.017,-0.130,-51.587,6.716,533009237.000
-1.517,0.767,-0.014,-0.107,-51.567,6.688,533009338.000
