0.035,-0.090,-0.072,2.389,1.888,0.165,530839697.000
0.038,-0.094,-0.077,2.381,1.835,0.165,530839797.000
0.037,-0.089,-0.079,2.425,1.875,0.156,530839898.000
0.037,-0.092,-0.074,2.368,1.867,0.146,530839997.000
0.033,-0.089,-0.074,2.396,1.868,0.155,530840097.000
0.033,-0.089,-0.079,2.411,1.876,0.155,530840198.000
0.042,-0.089,-0.077,2.398,1.833,0.156,530840298.000
0.035,-0.093,-0.082,2.361,1.879,0.155,530840398.000
0.038,-0.089,-0.079,2.425,1.826,0.155,530840498.000
0.035,-0.093,-0.082,2.388,1.879,0.155,530840598.000
0.038,-0.092,-0.082,2.396,1.866,0.146,530840699.000
0.038,-0.092,-0.079,2.410,1.826,0.146,530840799.000
0.038,-0.092,-0.082,2.368,1.866,0.146,530840899.000
0.035,-0.088,-0.079,2.405,1.887,0.174,530840999.000
0.035,-0.088,-0.084,2.405,1.871,0.146,530841098.000
0.040,-0.093,-0.079,2.389,1.838,0.156,530841199.000
0.035,-0.090,-0.079,2.403,1.863,0.164,530841298.000
0.035,-0.090,-0.077,2.376,1.895,0.164,530841398.000
0.035,-0.093,-0.079,2.388,1.863,0.155,530841499.000
0.033,-0.089,-0.079,2.397,1.900,0.155,530841599.000
0.038,-0.092,-0.079,2.396,1.850,0.174,530841699.000
0.038,-0.092,-0.082,2.369,1.866,0.174,530841799.000
0.040,-0.093,-0.077,2.402,1.846,0.156,530841898.000
0.035,-0.090,-0.077,2.389,1.871,0.164,530841998.000
0.038,-0.086,-0.077,2.412,1.859,0.165,530842098.000
0.038,-0.092,-0.084,2.383,1.858,0.174,530842199.000
0.035,-0.093,-0.077,2.388,1.847,0.155,530842299.000
0.035,-0.093,-0.079,2.388,1.863,0.155,530842399.000
0.035,-0.088,-0.074,2.405,1.855,0.173,530842498.000
0.035,-0.090,-0.084,2.390,1.871,0.164,530842599.000
0.035,-0.088,-0.074,2.446,1.880,0.174,530842699.000
0.037,-0.092,-0.077,2.368,1.883,0.146,530842798.000
0.040,-0.088,-0.077,2.432,1.846,0.147,530842898.000
0.038,-0.094,-0.082,2.395,1.842,0.137,530842999.000
0.035,-0.093,-0.079,2.388,1.863,0.155,530843099.000
0.038,-0.089,-0.079,2.411,1.850,0.155,530843198.000
0.040,-0.090,-0.084,2.404,1.870,0.137,530843298.000
0.040,-0.090,-0.077,2.445,1.846,0.165,530843398.000
0.035,-0.090,-0.079,2.376,1.863,0.164,530843498.000
0.035,-0.093,-0.082,2.375,1.855,0.155,530843599.000
0.038,-0.089,-0.077,2.411,1.835,0.155,530843699.000
0.040,-0.088,-0.077,2.419,1.870,0.174,530843799.000
0.038,-0.092,-0.082,2.368,1.866,0.146,530843899.000
0.038,-0.089,-0.082,2.411,1.866,0.155,530843998.000
0.040,-0.093,-0.069,2.388,1.822,0.183,530844098.000
0.035,-0.088,-0.077,2.432,1.872,0.146,530844198.000
0.040,-0.088,-0.082,2.378,1.829,0.146,530844299.000
0.035,-0.090,-0.082,2.362,1.855,0.136,530844398.000
0.038,-0.094,-0.079,2.353,1.850,0.164,530844499.000
0.042,-0.086,-0.077,2.413,1.833,0.165,530844599.000
0.040,-0.090,-0.082,2.390,1.829,0.137,530844698.000
0.040,-0.090,-0.079,2.417,1.862,0.137,530844799.000
0.037,-0.092,-0.074,2.395,1.867,0.146,530844898.000
0.038,-0.094,-0.077,2.381,1.835,0.165,530844999.000
0.033,-0.089,-0.082,2.397,1.867,0.155,530845099.000
0.038,-0.089,-0.077,2.425,1.859,0.156,530845199.000
0.035,-0.093,-0.084,2.375,1.871,0.155,530845299.000
0.035,-0.090,-0.079,2.376,1.863,0.164,530845398.000
0.033,-0.092,-0.087,2.383,1.899,0.173,530845498.000
0.035,-0.090,-0.084,2.390,1.871,0.164,530845598.000
0.037,-0.092,-0.077,2.396,1.883,0.174,530845698.000
0.033,-0.089,-0.074,2.438,1.893,0.155,530845798.000
0.037,-0.089,-0.082,2.398,1.891,0.156,530845899.000
0.037,-0.089,-0.074,2.411,1.867,0.156,530845999.000
0.040,-0.088,-0.082,2.405,1.829,0.146,530846099.000
0.035,-0.088,-0.082,2.433,1.855,0.174,530846199.000
0.038,-0.089,-0.082,2.397,1.842,0.128,530846299.000
0.038,-0.092,-0.084,2.382,1.858,0.146,530846399.000
0.035,-0.093,-0.074,2.388,1.880,0.155,530846498.000
0.037,-0.094,-0.084,2.381,1.882,0.165,530846599.000
0.038,-0.092,-0.082,2.383,1.842,0.174,530846698.000
0.042,-0.089,-0.077,2.412,1.858,0.156,530846798.000
0.035,-0.090,-0.074,2.375,1.880,0.164,530846898.000
0.035,-0.088,-0.082,2.419,1.879,0.146,530846999.000
0.038,-0.089,-0.082,2.398,1.842,0.155,530847098.000
0.038,-0.087,-0.079,2.398,1.850,0.137,530847199.000
0.035,-0.090,-0.077,2.376,1.847,0.164,530847298.000
0.033,-0.092,-0.084,2.382,1.883,0.146,530847398.000
0.033,-0.094,-0.074,2.366,1.868,0.164,530847498.000
0.035,-0.088,-0.079,2.418,1.863,0.146,530847598.000
0.033,-0.092,-0.077,2.382,1.884,0.173,530847699.000
0.033,-0.092,-0.079,2.395,1.876,0.146,530847798.000
0.038,-0.094,-0.079,2.381,1.850,0.165,530847899.000
0.035,-0.090,-0.084,2.376,1.895,0.164,530847998.000
0.037,-0.094,-0.079,2.368,1.874,0.192,530848098.000
0.033,-0.092,-0.082,2.382,1.868,0.146,530848198.000
0.033,-0.092,-0.079,2.396,1.876,0.173,530848299.000
0.031,-0.085,-0.077,2.419,1.897,0.155,530848399.000
0.038,-0.092,-0.082,2.396,1.867,0.119,530848499.000
0.035,-0.090,-0.082,2.404,1.879,0.165,530848599.000
0.038,-0.084,-0.089,2.428,1.841,0.146,530848698.000
0.038,-0.089,-0.087,2.398,1.825,0.183,530848798.000
0.038,-0.089,-0.082,2.398,1.842,0.155,530848899.000
0.035,-0.093,-0.082,2.388,1.879,0.155,530848998.000
0.035,-0.090,-0.074,2.417,1.856,0.165,530849098.000
0.038,-0.089,-0.077,2.397,1.859,0.155,530849199.000
0.033,-0.089,-0.082,2.397,1.867,0.155,530849298.000
0.035,-0.090,-0.077,2.389,1.871,0.164,530849399.000
0.033,-0.092,-0.079,2.382,1.900,0.146,530849498.000
0.037,-0.087,-0.074,2.440,1.891,0.165,530849598.000
0.037,-0.092,-0.074,2.368,1.867,0.174,530849699.000
0.040,-0.090,-0.082,2.404,1.854,0.137,530849798.000
0.038,-0.092,-0.079,2.423,1.851,0.146,530849898.000
0.035,-0.096,-0.077,2.373,1.896,0.146,530849998.000
0.038,-0.089,-0.084,2.398,1.858,0.155,530850098.000
0.038,-0.089,-0.079,2.425,1.826,0.155,530850198.000
0.035,-0.090,-0.087,2.404,1.863,0.137,530850299.000
0.035,-0.090,-0.087,2.418,1.887,0.165,530850398.000
0.029,-0.097,-0.084,2.351,1.860,0.154,530850499.000
0.033,-0.092,-0.079,2.382,1.851,0.173,530850599.000
0.040,-0.088,-0.079,2.405,1.813,0.146,530850698.000
0.040,-0.093,-0.084,2.403,1.845,0.156,530850798.000
0.038,-0.092,-0.079,2.396,1.850,0.174,530850898.000
0.038,-0.092,-0.082,2.396,1.866,0.146,530850998.000
0.035,-0.085,-0.074,2.447,1.856,0.128,530851098.000
0.038,-0.094,-0.079,2.353,1.850,0.164,530851198.000
0.035,-0.096,-0.082,2.387,1.855,0.174,530851298.000
0.040,-0.090,-0.084,2.391,1.845,0.165,530851398.000
0.035,-0.093,-0.082,2.375,1.855,0.155,530851499.000
0.033,-0.089,-0.072,2.424,1.901,0.155,530851598.000
0.040,-0.090,-0.079,2.404,1.838,0.137,530851698.000
0.038,-0.092,-0.079,2.396,1.851,0.146,530851798.000
0.040,-0.093,-0.079,2.389,1.838,0.156,530851899.000
0.040,-0.093,-0.074,2.361,1.854,0.156,530851999.000
0.042,-0.092,-0.084,2.383,1.833,0.147,530852099.000
0.035,-0.088,-0.092,2.433,1.870,0.146,530852198.000
0.035,-0.090,-0.077,2.417,1.872,0.165,530852298.000
0.035,-0.093,-0.084,2.402,1.871,0.155,530852398.000
0.037,-0.092,-0.077,2.410,1.859,0.174,530852499.000
0.033,-0.089,-0.072,2.396,1.901,0.155,530852599.000
0.035,-0.088,-0.079,2.391,1.863,0.146,530852698.000
0.035,-0.093,-0.079,2.374,1.887,0.155,530852799.000
0.038,-0.089,-0.079,2.411,1.850,0.155,530852898.000
0.038,-0.089,-0.079,2.384,1.850,0.155,530852998.000
0.038,-0.089,-0.084,2.398,1.858,0.155,530853098.000
0.035,-0.090,-0.084,2.417,1.871,0.137,530853198.000
0.042,-0.089,-0.087,2.412,1.824,0.156,530853298.000
0.038,-0.086,-0.077,2.440,1.859,0.165,530853399.000
0.035,-0.093,-0.084,2.375,1.871,0.155,530853498.000
0.035,-0.091,-0.079,2.403,1.912,0.137,530853599.000
0.038,-0.092,-0.084,2.369,1.834,0.146,530853699.000
0.040,-0.085,-0.074,2.461,1.855,0.156,530853799.000
0.035,-0.093,-0.079,2.402,1.888,0.156,530853898.000
0.033,-0.089,-0.084,2.425,1.884,0.155,530853999.000
0.040,-0.095,-0.082,2.388,1.829,0.174,530854099.000
0.035,-0.090,-0.082,2.362,1.854,0.164,530854199.000
0.033,-0.094,-0.082,2.381,1.892,0.164,530854298.000
0.035,-0.085,-0.082,2.448,1.904,0.156,530854398.000
0.040,-0.085,-0.082,2.462,1.854,0.156,530854499.000
0.035,-0.088,-0.082,2.391,1.879,0.146,530854599.000
0.038,-0.092,-0.087,2.383,1.874,0.146,530854699.000
0.038,-0.092,-0.082,2.396,1.866,0.174,530854799.000
0.035,-0.093,-0.079,2.388,1.863,0.155,530854898.000
0.035,-0.093,-0.084,2.402,1.871,0.128,530854999.000
0.033,-0.084,-0.074,2.454,1.917,0.146,530855098.000
0.038,-0.087,-0.079,2.440,1.875,0.137,530855198.000
0.038,-0.089,-0.087,2.412,1.850,0.155,530855298.000
0.038,-0.089,-0.082,2.411,1.866,0.155,530855398.000
0.038,-0.092,-0.082,2.396,1.866,0.146,530855498.000
0.035,-0.088,-0.074,2.432,1.856,0.146,530855598.000
0.035,-0.088,-0.077,2.432,1.872,0.174,530855698.000
0.035,-0.088,-0.079,2.377,1.887,0.173,530855799.000
0.035,-0.090,-0.084,2.376,1.895,0.164,530855899.000
0.040,-0.093,-0.077,2.388,1.822,0.156,530855999.000
0.036,-0.090,-0.084,2.390,1.822,0.136,530856098.000
0.038,-0.089,-0.084,2.342,1.809,0.127,530856197.000
0.040,-0.093,-0.079,2.292,1.813,0.155,530856298.000
0.034,-0.081,-0.084,2.305,1.688,0.152,530856398.000
0.032,-0.080,-0.075,2.201,1.588,0.141,530856498.000
0.024,-0.074,-0.080,2.161,1.403,0.156,530856598.000
0.020,-0.069,-0.075,2.108,1.153,0.171,530856698.000
0.011,-0.065,-0.075,2.018,0.779,0.138,530856797.000
0.001,-0.055,-0.075,1.959,0.211,0.150,530856898.000
-0.016,-0.043,-0.076,1.872,-0.427,0.140,530856998.000
-0.031,-0.027,-0.081,1.836,-1.192,0.131,530857098.000
-0.059,-0.013,-0.076,1.783,-2.186,0.136,530857198.000
-0.086,-0.004,-0.064,1.712,-3.253,0.150,530857298.000
-0.115,0.027,-0.065,1.522,-4.326,0.143,530857397.000
-0.138,0.046,-0.058,1.403,-5.436,0.165,530857498.000
-0.162,0.067,-0.056,1.167,-6.672,0.176,530857597.000
-0.193,0.099,-0.054,0.916,-7.822,0.186,530857697.000
-0.222,0.115,-0.048,0.608,-8.992,0.206,530857798.000
-0.251,0.154,-0.054,0.215,-10.230,0.168,530857899.000
-0.269,0.178,-0.032,-0.123,-11.415,0.151,530857999.000
-0.306,0.207,-0.040,-0.508,-12.706,0.158,530858099.000
-0.335,0.243,-0.039,-0.888,-13.943,0.166,530858199.000
-0.365,0.268,-0.040,-1.432,-15.225,0.173,530858298.000
-0.386,0.307,-0.021,-1.853,-16.480,0.164,530858399.000
-0.414,0.339,-0.024,-2.345,-17.734,0.180,530858499.000
-0.447,0.373,-0.013,-2.894,-18.987,0.177,530858598.000
-0.473,0.411,-0.019,-3.486,-20.288,0.174,530858699.000
-0.500,0.443,-0.015,-3.972,-21.554,0.154,530858798.000
-0.528,0.483,-0.008,-4.585,-22.874,0.169,530858898.000
-0.559,0.523,-0.004,-5.205,-24.141,0.174,530858999.000
-0.585,0.559,-0.001,-5.827,-25.627,0.188,530859099.000
-0.620,0.604,0.003,-6.486,-26.845,0.183,530859198.000
-0.654,0.640,0.004,-7.108,-28.313,0.224,530859299.000
-0.683,0.690,0.001,-7.854,-29.668,0.218,530859399.000
-0.713,0.730,0.017,-8.420,-31.111,0.195,530859498.000
-0.745,0.775,0.021,-9.182,-32.513,0.225,530859598.000
-0.782,0.817,0.022,-9.851,-33.969,0.219,530859698.000
-0.814,0.854,0.021,-10.603,-35.386,0.249,530859799.000
-0.842,0.904,0.032,-11.308,-36.861,0.271,530859898.000
-0.878,0.952,0.038,-12.057,-38.495,0.252,530859999.000
-0.913,0.998,0.034,-12.839,-39.885,0.301,530860099.000
-0.945,1.040,0.045,-13.604,-41.455,0.265,530860199.000
-0.979,1.099,0.051,-14.408,-42.885,0.303,530860298.000
-1.014,1.143,0.055,-15.220,-44.395,0.314,530860398.000
-1.046,1.193,0.063,-16.008,-45.878,0.306,530860499.000
-1.078,1.240,0.067,-16.880,-47.450,0.343,530860599.000
-1.108,1.289,0.078,-17.648,-48.864,0.346,530860698.000
-1.151,1.343,0.074,-18.565,-50.326,0.391,530860798.000
-1.181,1.389,0.082,-19.376,-51.966,0.354,530860898.000
-1.213,1.444,0.084,-20.188,-53.304,0.366,530860999.000
-1.249,1.492,0.082,-21.101,-54.941,0.401,530861099.000
-1.279,1.541,0.100,-21.897,-56.354,0.459,530861198.000
-1.316,1.594,0.089,-22.724,-57.830,0.459,530861298.000
-1.350,1.640,0.115,-23.578,-59.435,0.478,530861398.000
-1.390,1.695,0.111,-24.418,-61.030,0.486,530861498.000
-1.418,1.751,0.122,-25.258,-62.506,0.524,530861599.000
-1.455,1.798,0.128,-26.144,-63.997,0.534,530861698.000
-1.493,1.852,0.129,-26.978,-65.515,0.579,530861798.000
-1.521,1.900,0.127,-27.960,-67.033,0.561,530861898.000
-1.557,1.953,0.136,-28.829,-68.516,0.617,530861999.000
-1.589,2.005,0.149,-29.658,-70.030,0.618,530862099.000
-1.626,2.058,0.145,-30.554,-71.530,0.645,530862198.000
-1.660,2.109,0.146,-31.403,-72.977,0.655,530862298.000
-1.694,2.161,0.160,-32.184,-74.478,0.693,530862399.000
-1.723,2.187,0.158,-32.748,-75.676,0.747,530862498.000
-1.758,2.215,0.172,-32.865,-77.025,0.820,530862599.000
-1.791,2.235,0.174,-32.866,-78.232,0.943,530862698.000
-1.825,2.245,0.173,-32.680,-79.470,1.030,530862798.000
-1.860,2.244,0.173,-32.217,-80.570,1.149,530862898.000
-1.898,2.240,0.173,-31.596,-81.705,1.306,530862998.000
-1.936,2.242,0.177,-31.056,-82.872,1.452,530863099.000
-1.967,2.241,0.182,-30.510,-84.078,1.599,530863198.000
-2.003,2.222,0.187,-29.921,-85.207,1.498,530863298.000
-2.039,2.226,0.174,-29.506,-86.181,1.857,530863398.000
-2.069,2.234,0.181,-29.017,-87.319,1.967,530863498.000
-2.109,2.227,0.183,-28.640,-88.459,2.121,530863598.000
-2.140,2.230,0.180,-28.160,-89.593,2.231,530863699.000
-2.178,2.230,0.187,-27.732,-90.704,2.367,530863798.000
-2.211,2.237,0.189,-27.340,-91.859,2.504,530863899.000
-2.247,2.233,0.186,-26.947,-92.992,2.640,530863999.000
-2.281,2.237,0.183,-26.514,-94.066,2.768,530864098.000
-2.312,2.238,0.190,-26.161,-95.119,2.868,530864198.000
-2.346,2.243,0.190,-25.715,-96.282,2.996,530864298.000
-2.379,2.240,0.192,-25.397,-97.460,3.150,530864398.000
-2.418,2.245,0.194,-25.035,-98.468,3.250,530864499.000
-2.451,2.249,0.196,-24.644,-99.501,3.378,530864599.000
-2.479,2.250,0.208,-24.303,-100.588,3.506,530864698.000
-2.512,2.252,0.200,-23.928,-101.654,3.597,530864798.000
-2.544,2.253,0.202,-23.642,-102.701,3.724,530864899.000
-2.578,2.266,0.209,-23.220,-103.742,3.852,530864998.000
-2.612,2.260,0.209,-22.890,-104.759,3.971,530865098.000
-2.645,2.262,0.206,-22.555,-105.882,4.088,530865199.000
-2.679,2.272,0.208,-22.175,-107.037,4.261,530865299.000
-2.713,2.272,0.220,-21.940,-108.013,4.342,530865398.000
-2.746,2.276,0.222,-21.564,-109.167,4.442,530865498.000
-2.780,2.273,0.206,-21.272,-110.187,4.569,530865598.000
-2.811,2.280,0.211,-20.929,-111.346,4.714,530865698.000
-2.843,2.283,0.220,-20.657,-112.343,4.796,530865798.000
-2.877,2.288,0.225,-20.321,-113.490,4.950,530865898.000
-2.912,2.291,0.219,-20.034,-114.488,5.087,530865998.000
-2.944,2.297,0.216,-19.677,-115.526,5.177,530866099.000
-2.974,2.299,0.223,-19.426,-116.594,5.296,530866199.000
-3.014,2.308,0.228,-19.068,-117.605,5.422,530866299.000
-3.041,2.311,0.235,-18.781,-118.636,5.560,530866398.000
-3.069,2.312,0.227,-18.508,-119.620,5.660,530866498.000
-3.102,2.314,0.239,-18.203,-120.694,5.778,530866598.000
-3.138,2.323,0.231,-17.900,-121.797,5.877,530866698.000
-3.172,2.325,0.233,-17.620,-122.807,6.022,530866798.000
-3.204,2.331,0.232,-17.359,-123.789,6.141,530866899.000
-3.231,2.340,0.239,-17.015,-124.820,6.241,530866998.000
-3.263,2.335,0.236,-16.718,-125.859,6.351,530867098.000
-3.295,2.341,0.238,-16.485,-126.712,6.470,530867198.000
-3.311,2.344,0.236,-16.305,-127.175,6.557,530867298.000
-3.317,2.346,0.241,-16.161,-127.361,6.574,530867399.000
-3.313,2.338,0.246,-16.179,-127.224,6.549,530867498.000
-3.305,2.335,0.241,-16.151,-126.879,6.544,530867599.000
-3.294,2.327,0.236,-16.277,-126.294,6.494,530867698.000
-3.276,2.322,0.241,-16.312,-125.883,6.445,530867799.000
-3.264,2.319,0.244,-16.326,-125.441,6.414,530867898.000
-3.254,2.312,0.237,-16.362,-125.020,6.354,530867998.000
-3.242,2.309,0.235,-16.417,-124.669,6.321,530868098.000
-3.231,2.301,0.232,-16.447,-124.317,6.299,530868199.000
-3.223,2.301,0.233,-16.459,-124.004,6.274,530868299.000
-3.213,2.297,0.233,-16.467,-123.655,6.224,530868399.000
-3.207,2.293,0.230,-16.502,-123.363,6.227,530868498.000
-3.197,2.294,0.228,-16.479,-123.095,6.194,530868599.000
-3.192,2.289,0.241,-16.474,-122.776,6.197,530868698.000
-3.184,2.284,0.229,-16.489,-122.577,6.154,530868798.000
-3.178,2.280,0.229,-16.511,-122.276,6.130,530868898.000
-3.166,2.275,0.229,-16.554,-122.085,6.115,530868999.000
-3.164,2.273,0.226,-16.574,-121.816,6.099,530869098.000
-3.158,2.271,0.232,-16.554,-121.594,6.083,530869198.000
-3.146,2.266,0.229,-16.555,-121.412,6.041,530869298.000
-3.145,2.264,0.237,-16.535,-121.133,6.053,530869398.000
-3.143,2.260,0.234,-16.544,-120.911,6.027,530869499.000
-3.133,2.262,0.227,-16.575,-120.757,6.020,530869599.000
-3.127,2.257,0.232,-16.543,-120.536,5.996,530869699.000
-3.121,2.256,0.230,-16.549,-120.364,5.980,530869799.000
-3.122,2.253,0.222,-16.564,-120.122,5.972,530869899.000
-3.111,2.246,0.225,-16.573,-119.959,5.939,530869999.000
-3.108,2.246,0.228,-16.559,-119.782,5.941,530870098.000
-3.104,2.246,0.228,-16.517,-119.589,5.943,530870199.000
-3.093,2.242,0.228,-16.552,-119.483,5.918,530870299.000
-3.092,2.241,0.226,-16.559,-119.286,5.901,530870399.000
-3.088,2.238,0.216,-16.531,-119.126,5.894,530870499.000
-3.084,2.232,0.228,-16.548,-118.915,5.878,530870598.000
-3.076,2.232,0.221,-16.533,-118.797,5.853,530870699.000
-3.074,2.231,0.216,-16.540,-118.632,5.864,530870798.000
-3.070,2.231,0.224,-16.526,-118.487,5.866,530870898.000
-3.066,2.223,0.231,-16.558,-118.342,5.840,530870999.000
-3.060,2.221,0.214,-16.522,-118.195,5.796,530871099.000
-3.059,2.217,0.224,-16.545,-118.030,5.826,530871198.000
-3.059,2.220,0.221,-16.530,-117.868,5.808,530871299.000
-3.047,2.214,0.222,-16.558,-117.750,5.793,530871398.000
-3.047,2.217,0.224,-16.474,-117.596,5.776,530871498.000
-3.043,2.214,0.222,-16.489,-117.460,5.769,530871599.000
-3.037,2.213,0.219,-16.496,-117.337,5.752,530871698.000
-3.037,2.207,0.219,-16.512,-117.215,5.762,530871799.000
-3.033,2.212,0.232,-16.454,-117.077,5.755,530871898.000
-3.029,2.204,0.222,-16.499,-116.991,5.729,530871998.000
-3.028,2.200,0.222,-16.493,-116.809,5.731,530872098.000
-3.024,2.200,0.217,-16.506,-116.682,5.705,530872198.000
-3.018,2.199,0.220,-16.472,-116.566,5.716,530872298.000
-3.016,2.200,0.225,-16.450,-116.440,5.708,530872399.000
-3.007,2.195,0.218,-16.480,-116.346,5.664,530872498.000
-3.006,2.193,0.218,-16.431,-116.213,5.675,530872599.000
-3.006,2.191,0.218,-16.447,-116.116,5.667,530872699.000
-3.006,2.193,0.218,-16.431,-115.922,5.705,530872798.000
-2.998,2.185,0.215,-16.434,-115.884,5.652,530872898.000
-2.996,2.189,0.218,-16.439,-115.719,5.653,530872998.000
-2.992,2.184,0.220,-16.413,-115.663,5.664,530873098.000
-2.990,2.182,0.216,-16.420,-115.498,5.647,530873199.000
-2.986,2.182,0.213,-16.406,-115.434,5.621,530873298.000
-2.984,2.178,0.221,-16.415,-115.325,5.622,530873398.000
-2.976,2.178,0.221,-16.428,-115.255,5.624,530873498.000
-2.979,2.174,0.213,-16.423,-115.097,5.597,530873598.000
-2.975,2.171,0.216,-16.437,-114.993,5.617,530873698.000
-2.971,2.174,0.218,-16.353,-114.912,5.628,530873798.000
-2.969,2.170,0.211,-16.388,-114.805,5.602,530873898.000
-2.967,2.168,0.216,-16.383,-114.679,5.585,530873998.000
-2.965,2.164,0.211,-16.391,-114.587,5.586,530874098.000
-2.965,2.167,0.216,-16.348,-114.473,5.568,530874199.000
-2.959,2.166,0.211,-16.368,-114.407,5.579,530874298.000
-2.959,2.163,0.216,-16.329,-114.293,5.571,530874398.000
-2.953,2.161,0.216,-16.349,-114.210,5.582,530874498.000
-2.951,2.160,0.207,-16.329,-114.110,5.537,530874598.000
-2.950,2.159,0.217,-16.323,-113.968,5.548,530874698.000
-2.947,2.157,0.212,-16.343,-113.925,5.530,530874798.000
-2.939,2.155,0.212,-16.329,-113.830,5.551,530874898.000
-2.937,2.156,0.214,-16.322,-113.762,5.542,530874998.000
-2.935,2.154,0.209,-16.329,-113.694,5.525,530875098.000
-2.936,2.154,0.214,-16.288,-113.556,5.498,530875198.000
-2.936,2.152,0.212,-16.289,-113.467,5.518,530875300.000
-2.930,2.145,0.215,-16.313,-113.400,5.482,530875400.000
-2.930,2.150,0.212,-16.254,-113.287,5.502,530875500.000
-2.926,2.147,0.212,-16.269,-113.215,5.466,530875600.000
-2.922,2.142,0.215,-16.285,-113.135,5.505,530875699.000
-2.924,2.146,0.207,-16.262,-113.026,5.477,530875799.000
-2.920,2.141,0.207,-16.278,-112.930,5.460,530875899.000
-2.916,2.140,0.212,-16.237,-112.866,5.462,530875999.000
-2.916,2.143,0.215,-16.208,-112.760,5.472,530876099.000
-2.910,2.134,0.207,-16.273,-112.726,5.455,530876199.000
-2.915,2.136,0.215,-16.232,-112.603,5.465,530876299.000
-2.910,2.141,0.208,-16.186,-112.556,5.456,530876400.000
-2.908,2.135,0.208,-16.197,-112.472,5.421,530876499.000
-2.907,2.133,0.203,-16.190,-112.380,5.431,530876600.000
-2.907,2.131,0.213,-16.219,-112.322,5.450,530876699.000
-2.898,2.128,0.208,-16.219,-112.220,5.415,530876799.000
-2.901,2.127,0.208,-16.213,-112.134,5.425,530876900.000
-2.897,2.129,0.210,-16.156,-112.054,5.436,530876999.000
-2.895,2.125,0.205,-16.192,-112.011,5.436,530877099.000
-2.893,2.121,0.210,-16.215,-111.910,5.410,530877200.000
-2.895,2.122,0.205,-16.180,-111.816,5.401,530877300.000
-2.889,2.121,0.206,-16.172,-111.782,5.412,530877400.000
-2.889,2.124,0.206,-16.157,-111.685,5.394,530877500.000
-2.887,2.120,0.208,-16.166,-111.641,5.395,530877599.000
-2.883,2.115,0.206,-16.210,-111.577,5.378,530877699.000
-2.879,2.114,0.203,-16.181,-111.490,5.379,530877800.000
-2.879,2.114,0.208,-16.140,-111.400,5.408,530877899.000
-2.875,2.114,0.213,-16.126,-111.384,5.381,530878000.000
-2.875,2.112,0.206,-16.141,-111.288,5.373,530878099.000
-2.871,2.109,0.206,-16.156,-111.216,5.365,530878200.000
-2.874,2.108,0.203,-16.108,-111.139,5.375,530878299.000
-2.872,2.114,0.206,-16.070,-111.070,5.357,530878399.000
-2.870,2.110,0.201,-16.106,-111.027,5.357,530878500.000
-2.865,2.107,0.206,-16.135,-110.963,5.349,530878600.000
-2.861,2.105,0.209,-16.108,-110.883,5.342,530878699.000
-2.857,2.105,0.199,-16.079,-110.844,5.343,530878799.000
-2.857,2.105,0.201,-16.079,-110.763,5.343,530878899.000
-2.860,2.101,0.209,-16.089,-110.677,5.344,530878998.000
-2.860,2.098,0.209,-16.090,-110.604,5.363,530879100.000
-2.852,2.098,0.199,-16.116,-110.543,5.309,530879200.000
-2.858,2.102,0.204,-16.026,-110.463,5.310,530879300.000
-2.856,2.100,0.209,-16.061,-110.411,5.319,530879399.000
-2.848,2.095,0.206,-16.076,-110.373,5.330,530879500.000
-2.852,2.098,0.204,-16.047,-110.259,5.312,530879600.000
-2.848,2.098,0.202,-16.047,-110.220,5.313,530879700.000
-2.844,2.100,0.207,-16.004,-110.180,5.323,530879799.000
-2.846,2.101,0.202,-15.969,-110.087,5.287,530879899.000
-2.844,2.090,0.199,-16.036,-110.035,5.316,530879999.000
-2.840,2.089,0.197,-16.036,-109.996,5.289,530880099.000
-2.838,2.091,0.199,-16.000,-109.927,5.281,530880198.000
-2.841,2.089,0.204,-15.995,-109.874,5.290,530880299.000
-2.834,2.093,0.202,-15.970,-109.799,5.319,530880399.000
-2.832,2.087,0.204,-15.995,-109.755,5.283,530880499.000
-2.830,2.085,0.202,-16.016,-109.679,5.293,530880598.000
-2.833,2.089,0.204,-15.924,-109.609,5.294,530880698.000
-2.826,2.083,0.200,-15.975,-109.591,5.286,530880799.000
-2.829,2.086,0.202,-15.939,-109.521,5.259,530880900.000
-2.827,2.082,0.200,-15.975,-109.445,5.259,530880998.000
-2.822,2.085,0.200,-15.945,-109.398,5.270,530881098.000
-2.827,2.082,0.197,-15.947,-109.284,5.261,530881198.000
-2.823,2.080,0.200,-15.948,-109.252,5.253,530881299.000
-2.821,2.078,0.202,-15.955,-109.184,5.263,530881400.000
-2.817,2.078,0.202,-15.955,-109.161,5.264,530881498.000
-2.813,2.078,0.202,-15.927,-109.089,5.237,530881598.000
-2.815,2.077,0.205,-15.935,-109.044,5.247,530881698.000
-2.815,2.074,0.195,-15.949,-108.980,5.238,530881799.000
-2.811,2.074,0.198,-15.908,-108.948,5.239,530881898.000
-2.809,2.075,0.193,-15.899,-108.880,5.231,530881998.000
-2.809,2.073,0.203,-15.915,-108.847,5.222,530882098.000
-2.807,2.069,0.198,-15.910,-108.779,5.223,530882198.000
-2.807,2.071,0.198,-15.881,-108.706,5.205,530882299.000
-2.805,2.067,0.195,-15.903,-108.655,5.233,530882399.000
-2.805,2.070,0.205,-15.874,-108.597,5.243,530882499.000
-2.803,2.069,0.195,-15.867,-108.570,5.225,530882599.000
-2.803,2.071,0.200,-15.867,-108.529,5.207,530882699.000
-2.799,2.066,0.205,-15.855,-108.465,5.218,530882798.000
-2.795,2.066,0.200,-15.868,-108.435,5.219,530882900.000
-2.795,2.066,0.198,-15.841,-108.370,5.192,530882998.000
-2.795,2.066,0.200,-15.840,-108.289,5.220,530883098.000
-2.796,2.066,0.198,-15.826,-108.248,5.220,530883198.000
-2.794,2.062,0.195,-15.835,-108.172,5.194,530883299.000
-2.789,2.062,0.203,-15.835,-108.149,5.222,530883398.000
-2.792,2.060,0.203,-15.815,-108.087,5.204,530883498.000
-2.790,2.059,0.201,-15.822,-108.035,5.187,530883598.000
-2.786,2.056,0.203,-15.823,-108.004,5.178,530883698.000
-2.784,2.058,0.198,-15.829,-107.961,5.197,530883799.000
-2.782,2.054,0.196,-15.824,-107.909,5.171,530883899.000
-2.782,2.056,0.203,-15.809,-107.859,5.153,530883999.000
-2.784,2.055,0.201,-15.775,-107.806,5.190,530884098.000
-2.782,2.051,0.198,-15.811,-107.730,5.191,530884198.000
-2.776,2.060,0.198,-15.730,-107.720,5.155,530884299.000
-2.778,2.053,0.198,-15.782,-107.634,5.174,530884398.000
-2.780,2.052,0.201,-15.790,-107.589,5.155,530884498.000
-2.774,2.053,0.198,-15.753,-107.563,5.175,530884598.000
-2.774,2.048,0.196,-15.742,-107.522,5.157,530884699.000
-2.772,2.052,0.201,-15.747,-107.470,5.158,530884798.000
-2.772,2.044,0.203,-15.765,-107.437,5.159,530884898.000
-2.770,2.050,0.199,-15.727,-107.369,5.141,530884998.000
-2.772,2.052,0.194,-15.747,-107.325,5.159,530885098.000
-2.766,2.043,0.199,-15.758,-107.322,5.142,530885199.000
-2.766,2.045,0.196,-15.729,-107.233,5.152,530885298.000
-2.766,2.042,0.196,-15.744,-107.184,5.116,530885399.000
-2.767,2.042,0.196,-15.730,-107.112,5.144,530885498.000
-2.767,2.040,0.191,-15.745,-107.080,5.135,530885598.000
-2.758,2.040,0.194,-15.731,-107.074,5.109,530885698.000
-2.760,2.046,0.199,-15.665,-106.996,5.146,530885798.000
-2.758,2.042,0.194,-15.715,-106.977,5.119,530885898.000
-2.761,2.033,0.194,-15.741,-106.915,5.101,530885999.000
-2.756,2.036,0.196,-15.711,-106.884,5.139,530886098.000
-2.754,2.039,0.201,-15.675,-106.855,5.112,530886199.000
-2.755,2.037,0.199,-15.704,-106.767,5.131,530886298.000
-2.750,2.034,0.199,-15.732,-106.768,5.094,530886399.000
-2.750,2.037,0.199,-15.689,-106.719,5.132,530886499.000
-2.753,2.035,0.196,-15.697,-106.642,5.114,530886598.000
-2.749,2.035,0.197,-15.683,-106.643,5.114,530886699.000
-2.747,2.037,0.197,-15.689,-106.583,5.106,530886799.000
-2.749,2.033,0.194,-15.657,-106.506,5.079,530886899.000
-2.745,2.033,0.192,-15.669,-106.491,5.107,530886998.000
-2.743,2.034,0.194,-15.662,-106.471,5.098,530887099.000
-2.743,2.031,0.194,-15.663,-106.398,5.090,530887199.000
-2.747,2.031,0.192,-15.664,-106.308,5.062,530887298.000
-2.745,2.030,0.199,-15.643,-106.320,5.100,530887398.000
-2.741,2.030,0.199,-15.643,-106.249,5.101,530887498.000
-2.743,2.026,0.189,-15.665,-106.221,5.073,530887598.000
-2.737,2.027,0.194,-15.657,-106.194,5.093,530887698.000
-2.739,2.026,0.194,-15.610,-106.132,5.075,530887798.000
-2.733,2.022,0.195,-15.618,-106.146,5.048,530887899.000
-2.733,2.024,0.192,-15.630,-106.082,5.085,530887999.000
-2.731,2.023,0.192,-15.637,-106.046,5.095,530888099.000
-2.737,2.024,0.197,-15.590,-105.966,5.058,530888198.000
-2.731,2.020,0.192,-15.625,-105.949,5.087,530888298.000
-2.729,2.022,0.197,-15.631,-105.921,5.078,530888398.000
-2.729,2.024,0.190,-15.616,-105.873,5.060,530888499.000
-2.729,2.022,0.190,-15.603,-105.824,5.079,530888599.000
-2.725,2.014,0.190,-15.620,-105.801,5.080,530888699.000
-2.727,2.018,0.190,-15.598,-105.739,5.053,530888799.000
-2.723,2.018,0.182,-15.611,-105.693,5.053,530888898.000
-2.728,2.017,0.195,-15.598,-105.626,5.054,530888999.000
-2.723,2.017,0.190,-15.570,-105.619,5.027,530889099.000
-2.724,2.017,0.192,-15.556,-105.562,5.055,530889199.000
-2.721,2.013,0.185,-15.592,-105.551,5.028,530889299.000
-2.719,2.015,0.192,-15.585,-105.515,5.047,530889398.000
-2.715,2.012,0.190,-15.585,-105.500,5.066,530889498.000
-2.718,2.013,0.190,-15.592,-105.415,5.057,530889598.000
-2.720,2.009,0.187,-15.573,-105.361,5.030,530889699.000
-2.713,2.011,0.192,-15.551,-105.359,5.049,530889799.000
-2.716,2.009,0.192,-15.559,-105.297,5.031,530889898.000
-2.714,2.008,0.190,-15.567,-105.246,5.013,530889998.000
-2.709,2.013,0.195,-15.508,-105.254,5.033,530890099.000
-2.714,2.010,0.190,-15.510,-105.172,5.023,530890198.000
-2.712,2.009,0.193,-15.531,-105.129,5.033,530890298.000
-2.708,2.007,0.190,-15.545,-105.138,5.025,530890399.000
-2.708,2.004,0.188,-15.533,-105.073,5.016,530890498.000
-2.710,2.008,0.188,-15.524,-105.036,5.016,530890598.000
-2.704,2.006,0.185,-15.503,-105.010,4.999,530890699.000
-2.706,2.005,0.193,-15.511,-104.948,5.036,530890798.000
-2.706,2.002,0.188,-15.540,-104.941,4.999,530890898.000
-2.704,2.004,0.195,-15.519,-104.928,5.018,530890999.000
-2.700,2.006,0.198,-15.476,-104.872,5.001,530891098.000
-2.698,1.997,0.190,-15.528,-104.837,5.011,530891198.000
-2.698,2.000,0.188,-15.527,-104.797,4.992,530891299.000
-2.698,2.000,0.195,-15.472,-104.748,5.021,530891398.000
-2.702,2.007,0.185,-15.426,-104.707,4.993,530891499.000
-2.698,1.997,0.198,-15.501,-104.691,4.985,530891599.000
-2.696,2.001,0.193,-15.464,-104.647,4.985,530891698.000
-2.696,2.001,0.193,-15.477,-104.623,5.013,530891799.000
-2.692,1.996,0.185,-15.479,-104.552,4.996,530891899.000
-2.694,1.997,0.186,-15.458,-104.515,4.987,530891999.000
-2.692,1.998,0.185,-15.464,-104.504,5.005,530892098.000
-2.692,1.993,0.190,-15.481,-104.462,4.988,530892199.000
-2.695,1.999,0.191,-15.416,-104.401,4.969,530892298.000
-2.690,1.994,0.188,-15.487,-104.387,4.979,530892398.000
-2.690,1.994,0.191,-15.446,-104.378,4.952,530892498.000
-2.691,1.994,0.188,-15.418,-104.313,4.980,530892598.000
-2.688,1.998,0.188,-15.395,-104.277,4.981,530892698.000
-2.684,1.988,0.188,-15.468,-104.279,5.000,530892799.000
-2.686,1.991,0.188,-15.419,-104.217,4.973,530892899.000
-2.682,1.991,0.191,-15.459,-104.186,4.973,530892999.000
-2.685,1.985,0.191,-15.470,-104.173,4.964,530893100.000
-2.687,1.991,0.191,-15.405,-104.112,4.974,530893200.000
-2.683,1.991,0.188,-15.418,-104.097,4.946,530893299.000
-2.678,1.989,0.188,-15.405,-104.074,4.966,530893399.000
-2.683,1.986,0.191,-15.435,-103.992,4.929,530893500.000
-2.681,1.987,0.191,-15.413,-103.980,4.948,530893600.000
-2.679,1.986,0.186,-15.420,-103.961,4.958,530893699.000
-2.677,1.987,0.191,-15.399,-103.933,4.949,530893799.000
-2.679,1.986,0.186,-15.378,-103.888,4.959,530893900.000
-2.672,1.982,0.183,-15.428,-103.862,4.959,530893999.000
-2.677,1.987,0.188,-15.385,-103.795,4.950,530894099.000
-2.675,1.983,0.181,-15.406,-103.809,4.950,530894199.000
-2.675,1.983,0.186,-15.379,-103.743,4.951,530894300.000
-2.675,1.983,0.188,-15.379,-103.711,4.952,530894399.000
-2.671,1.980,0.191,-15.408,-103.680,4.943,530894499.000
-2.671,1.983,0.186,-15.365,-103.647,4.925,530894599.000
-2.667,1.980,0.186,-15.379,-103.673,4.944,530894699.000
-2.671,1.985,0.189,-15.350,-103.566,4.907,530894800.000
-2.669,1.979,0.186,-15.387,-103.563,4.954,530894900.000
-2.669,1.984,0.179,-15.315,-103.539,4.917,530894999.000
-2.663,1.980,0.186,-15.324,-103.504,4.946,530895099.000
-2.667,1.977,0.186,-15.339,-103.430,4.937,530895199.000
-2.665,1.974,0.189,-15.376,-103.434,4.937,530895299.000
-2.665,1.981,0.191,-15.303,-103.402,4.938,530895400.000
-2.659,1.977,0.184,-15.325,-103.392,4.911,530895500.000
-2.663,1.977,0.179,-15.325,-103.335,4.911,530895599.000
-2.659,1.977,0.181,-15.324,-103.327,4.912,530895699.000
-2.661,1.976,0.191,-15.319,-103.257,4.921,530895799.000
-2.659,1.977,0.191,-15.325,-103.246,4.940,530895899.000
-2.657,1.976,0.181,-15.304,-103.243,4.922,530895999.000
-2.659,1.975,0.191,-15.313,-103.148,4.904,530896099.000
-2.657,1.971,0.181,-15.334,-103.146,4.904,530896199.000
-2.660,1.974,0.191,-15.271,-103.075,4.905,530896299.000
-2.653,1.966,0.181,-15.364,-103.074,4.915,530896399.000
-2.660,1.969,0.184,-15.328,-103.028,4.914,530896500.000
-2.653,1.971,0.189,-15.334,-103.025,4.934,530896600.000
-2.653,1.971,0.184,-15.279,-102.993,4.907,530896699.000
-2.651,1.969,0.179,-15.299,-102.998,4.916,530896800.000
-2.654,1.970,0.187,-15.292,-102.936,4.907,530896899.000
-2.651,1.967,0.179,-15.300,-102.925,4.935,530897000.000
-2.652,1.964,0.191,-15.289,-102.859,4.927,530897100.000
-2.647,1.964,0.179,-15.288,-102.853,4.900,530897199.000
-2.647,1.972,0.179,-15.243,-102.853,4.872,530897299.000
-2.645,1.963,0.182,-15.309,-102.809,4.882,530897400.000
-2.648,1.969,0.184,-15.271,-102.764,4.891,530897499.000
-2.637,1.965,0.189,-15.279,-102.787,4.893,530897599.000
-2.643,1.964,0.189,-15.288,-102.700,4.874,530897700.000
-2.646,1.962,0.189,-15.268,-102.687,4.883,530897800.000
-2.646,1.968,0.187,-15.224,-102.647,4.902,530897900.000
-2.644,1.964,0.189,-15.246,-102.627,4.903,530897999.000
-2.644,1.964,0.187,-15.232,-102.538,4.903,530898100.000
-2.640,1.961,0.184,-15.247,-102.547,4.867,530898200.000
-2.637,1.962,0.184,-15.225,-102.536,4.886,530898299.000
-2.638,1.962,0.187,-15.225,-102.503,4.886,530898399.000
-2.644,1.966,0.192,-15.217,-102.424,4.886,530898499.000
-2.635,1.961,0.175,-15.218,-102.460,4.868,530898599.000
-2.636,1.961,0.184,-15.232,-102.403,4.897,530898700.000
-2.634,1.957,0.182,-15.241,-102.375,4.870,530898800.000
-2.634,1.959,0.180,-15.212,-102.335,4.879,530898899.000
-2.638,1.959,0.179,-15.212,-102.310,4.879,530899000.000
-2.636,1.956,0.179,-15.235,-102.274,4.879,530899099.000
-2.636,1.955,0.182,-15.207,-102.241,4.880,530899199.000
-2.630,1.954,0.182,-15.214,-102.231,4.862,530899300.000
-2.634,1.954,0.182,-15.201,-102.181,4.862,530899399.000
-2.628,1.958,0.185,-15.177,-102.186,4.863,530899499.000
-2.632,1.955,0.177,-15.179,-102.137,4.854,530899599.000
-2.630,1.949,0.175,-15.230,-102.110,4.845,530899700.000
-2.624,1.953,0.187,-15.221,-102.107,4.874,530899799.000
-2.630,1.954,0.185,-15.159,-102.004,4.865,530899899.000
-2.628,1.953,0.187,-15.194,-102.033,4.874,530900000.000
-2.626,1.949,0.175,-15.215,-102.014,4.874,530900099.000
-2.626,1.949,0.180,-15.202,-101.973,4.847,530900200.000
-2.622,1.954,0.190,-15.131,-101.941,4.839,530900299.000
-2.628,1.950,0.185,-15.181,-101.919,4.866,530900399.000
-2.624,1.952,0.187,-15.152,-101.888,4.848,530900500.000
-2.622,1.951,0.177,-15.159,-101.885,4.830,530900600.000
-2.624,1.950,0.177,-15.167,-101.824,4.840,530900700.000
-2.622,1.946,0.182,-15.189,-101.820,4.840,530900800.000
-2.620,1.950,0.182,-15.125,-101.808,4.813,530900900.000
-2.620,1.947,0.187,-15.154,-101.768,4.859,530900999.000
-2.618,1.951,0.180,-15.131,-101.732,4.832,530901100.000
-2.623,1.948,0.182,-15.160,-101.650,4.851,530901200.000
-2.620,1.947,0.180,-15.140,-101.695,4.832,530901299.000
-2.618,1.948,0.185,-15.091,-101.667,4.852,530901400.000
-2.616,1.947,0.180,-15.139,-101.624,4.834,530901499.000
-2.616,1.944,0.183,-15.113,-101.615,4.825,530901600.000
-2.614,1.943,0.180,-15.134,-101.588,4.834,530901700.000
-2.617,1.947,0.187,-15.098,-101.501,4.835,530901799.000
-2.617,1.944,0.183,-15.113,-101.518,4.826,530901899.000
-2.612,1.944,0.180,-15.126,-101.503,4.826,530902000.000
-2.610,1.943,0.180,-15.093,-101.491,4.808,530902100.000
-2.610,1.938,0.178,-15.163,-101.452,4.845,530902199.000
-2.610,1.943,0.180,-15.120,-101.443,4.836,530902300.000
-2.613,1.939,0.175,-15.129,-101.374,4.809,530902400.000
-2.608,1.942,0.180,-15.086,-101.383,4.819,530902499.000
-2.608,1.939,0.178,-15.128,-101.367,4.810,530902599.000
-2.611,1.943,0.175,-15.078,-101.290,4.810,530902700.000
-2.609,1.939,0.173,-15.100,-101.287,4.810,530902799.000
-2.607,1.938,0.178,-15.080,-101.282,4.820,530902900.000
-2.609,1.939,0.180,-15.060,-101.261,4.811,530902999.000
-2.602,1.937,0.180,-15.108,-101.227,4.793,530903100.000
-2.605,1.939,0.180,-15.073,-101.166,4.812,530903200.000
-2.609,1.941,0.185,-15.072,-101.099,4.821,530903300.000
-2.605,1.936,0.180,-15.102,-101.141,4.803,530903400.000
-2.605,1.936,0.183,-15.033,-101.084,4.832,530903500.000
-2.599,1.932,0.185,-15.083,-101.090,4.805,530903599.000
-2.601,1.933,0.180,-15.075,-101.045,4.796,530903700.000
-2.603,1.935,0.178,-15.067,-101.017,4.814,530903800.000
-2.601,1.931,0.178,-15.104,-101.005,4.787,530903899.000
-2.603,1.937,0.180,-15.052,-100.984,4.796,530903999.000
-2.599,1.932,0.183,-15.068,-100.952,4.806,530904099.000
-2.599,1.932,0.180,-15.069,-100.936,4.779,530904199.000
-2.599,1.935,0.180,-15.040,-100.912,4.788,530904300.000
-2.599,1.932,0.183,-15.055,-100.880,4.807,530904399.000
-2.599,1.929,0.175,-15.069,-100.832,4.798,530904499.000
-2.595,1.934,0.185,-15.025,-100.848,4.789,530904600.000
-2.593,1.928,0.178,-15.062,-100.813,4.808,530904699.000
-2.595,1.929,0.176,-15.041,-100.808,4.799,530904800.000
-2.595,1.934,0.181,-14.997,-100.767,4.790,530904900.000
-2.593,1.930,0.178,-15.006,-100.740,4.791,530904999.000
-2.591,1.927,0.178,-15.028,-100.704,4.791,530905098.000
-2.591,1.932,0.178,-15.053,-100.705,4.782,530905199.000
-2.591,1.927,0.181,-15.028,-100.672,4.792,530905298.000
-2.587,1.924,0.176,-15.056,-100.641,4.783,530905400.000
-2.589,1.930,0.181,-14.992,-100.611,4.793,530905500.000
-2.591,1.929,0.178,-15.013,-100.607,4.801,530905598.000
-2.585,1.928,0.181,-15.006,-100.588,4.812,530905699.000
-2.587,1.924,0.176,-15.015,-100.519,4.785,530905799.000
-2.589,1.922,0.181,-15.010,-100.514,4.766,530905900.000
-2.587,1.924,0.186,-14.988,-100.486,4.813,530905998.000
-2.589,1.925,0.181,-15.008,-100.490,4.775,530906098.000
-2.583,1.926,0.176,-14.986,-100.472,4.767,530906200.000
-2.583,1.926,0.173,-14.972,-100.432,4.768,530906298.000
-2.583,1.924,0.178,-15.014,-100.415,4.786,530906400.000
-2.579,1.921,0.176,-15.015,-100.400,4.778,530906499.000
-2.583,1.924,0.176,-15.000,-100.375,4.786,530906600.000
-2.581,1.922,0.183,-14.981,-100.338,4.769,530906699.000
-2.583,1.924,0.176,-14.973,-100.326,4.787,530906798.000
-2.583,1.924,0.176,-14.987,-100.302,4.759,530906899.000
-2.584,1.921,0.178,-14.975,-100.269,4.751,530906999.000
-2.586,1.920,0.178,-14.983,-100.208,4.760,530907099.000
-2.579,1.921,0.176,-14.974,-100.230,4.752,530907200.000
-2.579,1.923,0.183,-14.946,-100.205,4.761,530907299.000
-2.584,1.921,0.183,-14.948,-100.155,4.752,530907399.000
-2.580,1.918,0.178,-14.934,-100.149,4.771,530907498.000
-2.578,1.919,0.179,-14.927,-100.113,4.735,530907599.000
-2.578,1.914,0.176,-14.984,-100.097,4.772,530907699.000
-2.578,1.914,0.178,-14.970,-100.089,4.772,530907799.000
-2.573,1.919,0.171,-14.952,-100.091,4.763,530907898.000
-2.573,1.919,0.176,-14.967,-100.050,4.736,530907998.000
-2.571,1.913,0.181,-14.963,-100.021,4.755,530908099.000
-2.576,1.921,0.176,-14.890,-99.964,4.755,530908199.000
-2.576,1.921,0.174,-14.904,-99.972,4.755,530908298.000
-2.576,1.915,0.174,-14.935,-99.924,4.737,530908399.000
-2.572,1.918,0.174,-14.919,-99.949,4.746,530908498.000
-2.572,1.915,0.176,-14.934,-99.917,4.765,530908598.000
-2.574,1.911,0.176,-14.943,-99.880,4.765,530908700.000
-2.572,1.913,0.176,-14.949,-99.868,4.729,530908798.000
-2.568,1.915,0.179,-14.920,-99.837,4.739,530908899.000
-2.572,1.910,0.176,-14.950,-99.795,4.748,530908998.000
-2.568,1.910,0.171,-14.936,-99.813,4.748,530909099.000
-2.570,1.911,0.179,-14.915,-99.775,4.739,530909198.000
-2.566,1.909,0.176,-14.916,-99.760,4.731,530909298.000
-2.566,1.914,0.174,-14.886,-99.744,4.722,530909398.000
-2.566,1.909,0.176,-14.902,-99.736,4.731,530909499.000
-2.564,1.915,0.179,-14.864,-99.716,4.741,530909598.000
-2.568,1.910,0.179,-14.909,-99.666,4.750,530909698.000
-2.562,1.909,0.186,-14.889,-99.655,4.733,530909798.000
-2.562,1.914,0.181,-14.871,-99.648,4.751,530909898.000
-2.564,1.907,0.181,-14.882,-99.586,4.715,530909999.000
-2.562,1.906,0.176,-14.903,-99.591,4.724,530910098.000
-2.564,1.915,0.179,-14.837,-99.570,4.715,530910199.000
-2.562,1.908,0.174,-14.874,-99.551,4.734,530910299.000
-2.562,1.911,0.181,-14.887,-99.502,4.715,530910400.000
-2.560,1.907,0.174,-14.909,-99.516,4.716,530910500.000
-2.562,1.911,0.174,-14.831,-99.454,4.716,530910600.000
-2.556,1.910,0.172,-14.865,-99.476,4.726,530910700.000
-2.558,1.906,0.171,-14.874,-99.439,4.726,530910799.000
-2.554,1.908,0.172,-14.859,-99.416,4.708,530910900.000
-2.558,1.906,0.171,-14.874,-99.391,4.726,530911000.000
-2.556,1.904,0.169,-14.868,-99.363,4.709,530911099.000
-2.556,1.907,0.176,-14.839,-99.338,4.746,530911199.000
-2.558,1.903,0.172,-14.834,-99.293,4.718,530911300.000
-2.556,1.904,0.174,-14.868,-99.298,4.709,530911400.000
-2.556,1.902,0.169,-14.855,-99.266,4.728,530911500.000
-2.556,1.904,0.174,-14.854,-99.274,4.709,530911599.000
-2.556,1.904,0.172,-14.854,-99.209,4.710,530911699.000
-2.554,1.903,0.174,-14.861,-99.189,4.720,530911800.000
-2.550,1.905,0.174,-14.818,-99.214,4.702,530911899.000
-2.552,1.907,0.177,-14.811,-99.169,4.693,530911999.000
-2.550,1.905,0.177,-14.805,-99.158,4.702,530912099.000
-2.550,1.903,0.174,-14.806,-99.117,4.694,530912199.000
-2.550,1.895,0.172,-14.851,-99.101,4.694,530912299.000
-2.548,1.899,0.172,-14.855,-99.114,4.721,530912399.000
-2.548,1.899,0.169,-14.842,-99.074,4.694,530912499.000
-2.548,1.901,0.172,-14.813,-99.017,4.704,530912600.000
-2.546,1.900,0.174,-14.806,-99.021,4.714,530912699.000
-2.548,1.901,0.174,-14.799,-99.009,4.704,530912800.000
-2.544,1.899,0.179,-14.828,-98.993,4.723,530912900.000
-2.544,1.899,0.177,-14.827,-98.977,4.723,530912999.000
-2.544,1.896,0.174,-14.801,-98.937,4.715,530913100.000
-2.542,1.897,0.174,-14.807,-98.925,4.706,530913199.000
-2.542,1.897,0.174,-14.807,-98.877,4.706,530913300.000
-2.542,1.895,0.174,-14.836,-98.901,4.697,530913400.000
-2.545,1.894,0.177,-14.844,-98.856,4.706,530913500.000
-2.545,1.896,0.177,-14.802,-98.807,4.661,530913600.000
-2.543,1.895,0.169,-14.822,-98.796,4.670,530913699.000
-2.543,1.892,0.169,-14.837,-98.796,4.688,530913799.000
-2.543,1.897,0.174,-14.793,-98.756,4.707,530913899.000
-2.543,1.895,0.177,-14.795,-98.747,4.671,530913999.000
-2.543,1.889,0.174,-14.811,-98.707,4.680,530914099.000
-2.538,1.897,0.177,-14.738,-98.748,4.681,530914199.000
-2.539,1.895,0.172,-14.780,-98.668,4.672,530914300.000
-2.539,1.892,0.172,-14.768,-98.667,4.691,530914399.000
-2.536,1.893,0.177,-14.774,-98.688,4.682,530914500.000
-2.534,1.895,0.175,-14.738,-98.685,4.701,530914599.000
-2.537,1.891,0.172,-14.775,-98.632,4.673,530914699.000
-2.535,1.892,0.170,-14.767,-98.580,4.692,530914799.000
-2.534,1.894,0.175,-14.752,-98.612,4.673,530914900.000
-2.535,1.889,0.172,-14.769,-98.572,4.683,530914999.000
-2.535,1.889,0.172,-14.796,-98.572,4.683,530915100.000
-2.537,1.893,0.177,-14.733,-98.518,4.683,530915199.000
-2.535,1.887,0.170,-14.770,-98.483,4.647,530915300.000
-2.533,1.888,0.172,-14.748,-98.487,4.666,530915399.000
-2.533,1.890,0.182,-14.734,-98.454,4.675,530915500.000
-2.531,1.884,0.172,-14.785,-98.427,4.666,530915600.000
-2.529,1.888,0.172,-14.734,-98.440,4.667,530915700.000
-2.531,1.889,0.172,-14.713,-98.402,4.658,530915799.000
-2.529,1.888,0.172,-14.734,-98.391,4.667,530915900.000
-2.531,1.886,0.170,-14.741,-98.362,4.676,530916000.000
-2.531,1.886,0.175,-14.742,-98.346,4.677,530916100.000
-2.533,1.885,0.177,-14.778,-98.301,4.658,530916199.000
-2.529,1.885,0.177,-14.722,-98.326,4.686,530916300.000
-2.527,1.884,0.175,-14.771,-98.298,4.641,530916399.000
-2.525,1.885,0.172,-14.735,-98.295,4.660,530916499.000
-2.531,1.884,0.172,-14.743,-98.208,4.669,530916599.000
-2.529,1.882,0.172,-14.751,-98.221,4.650,530916700.000
-2.527,1.884,0.177,-14.757,-98.193,4.642,530916799.000
-2.521,1.882,0.167,-14.735,-98.216,4.652,530916900.000
-2.523,1.881,0.175,-14.716,-98.202,4.661,530916999.000
-2.521,1.882,0.175,-14.722,-98.191,4.652,530917099.000
-2.523,1.881,0.177,-14.744,-98.121,4.634,530917199.000
-2.521,1.885,0.170,-14.693,-98.134,4.634,530917299.000
-2.523,1.881,0.170,-14.730,-98.098,4.634,530917399.000
-2.519,1.881,0.177,-14.716,-98.098,4.635,530917499.000
-2.521,1.882,0.172,-14.708,-98.053,4.653,530917599.000
-2.525,1.880,0.172,-14.723,-98.028,4.671,530917699.000
-2.523,1.883,0.175,-14.673,-98.008,4.644,530917799.000
-2.519,1.883,0.175,-14.686,-98.009,4.645,530917899.000
-2.519,1.883,0.173,-14.645,-97.969,4.645,530917999.000
-2.519,1.873,0.172,-14.733,-97.969,4.636,530918099.000
-2.519,1.878,0.170,-14.702,-97.953,4.655,530918199.000
-2.517,1.879,0.168,-14.709,-97.925,4.618,530918299.000
-2.517,1.880,0.170,-14.695,-97.917,4.646,530918399.000
-2.515,1.878,0.168,-14.674,-97.914,4.628,530918500.000
-2.517,1.877,0.170,-14.682,-97.917,4.637,530918599.000
-2.517,1.880,0.175,-14.709,-97.876,4.646,530918700.000
-2.515,1.876,0.170,-14.689,-97.833,4.647,530918799.000
-2.520,1.878,0.168,-14.675,-97.791,4.628,530918900.000
-2.515,1.876,0.180,-14.690,-97.799,4.648,530919000.000
-2.511,1.873,0.173,-14.690,-97.801,4.639,530919099.000
-2.513,1.879,0.173,-14.680,-97.789,4.648,530919199.000
-2.515,1.870,0.170,-14.706,-97.760,4.629,530919299.000
-2.511,1.870,0.165,-14.691,-97.729,4.630,530919399.000
-2.511,1.875,0.170,-14.661,-97.712,4.649,530919499.000
-2.509,1.877,0.173,-14.640,-97.716,4.612,530919600.000
-2.511,1.870,0.170,-14.678,-97.688,4.631,530919700.000
-2.511,1.870,0.173,-14.706,-97.656,4.631,530919799.000
-2.509,1.871,0.170,-14.656,-97.628,4.623,530919900.000
-2.509,1.871,0.175,-14.684,-97.660,4.622,530919999.000
-2.505,1.877,0.170,-14.639,-97.629,4.641,530920100.000
-2.509,1.869,0.173,-14.658,-97.571,4.614,530920199.000
-2.507,1.870,0.173,-14.692,-97.560,4.605,530920299.000
-2.507,1.868,0.178,-14.693,-97.567,4.623,530920399.000
-2.512,1.873,0.170,-14.663,-97.542,4.614,530920499.000
-2.505,1.869,0.173,-14.644,-97.523,4.615,530920599.000
-2.505,1.871,0.170,-14.656,-97.508,4.596,530920700.000
-2.505,1.871,0.170,-14.628,-97.507,4.624,530920800.000
-2.505,1.871,0.175,-14.642,-97.467,4.652,530920899.000
-2.505,1.869,0.163,-14.657,-97.435,4.588,530920999.000
-2.503,1.870,0.173,-14.649,-97.463,4.606,530921099.000
-2.503,1.870,0.168,-14.635,-97.407,4.607,530921200.000
-2.501,1.871,0.170,-14.641,-97.412,4.598,530921299.000
-2.504,1.865,0.173,-14.666,-97.391,4.616,530921399.000
-2.501,1.871,0.170,-14.613,-97.363,4.626,530921499.000
-2.504,1.870,0.175,-14.622,-97.334,4.608,530921600.000
-2.504,1.867,0.170,-14.637,-97.302,4.599,530921700.000
-2.499,1.865,0.170,-14.651,-97.327,4.618,530921799.000
-2.504,1.867,0.165,-14.636,-97.270,4.627,530921899.000
-2.500,1.865,0.168,-14.638,-97.287,4.590,530922000.000
-2.497,1.868,0.163,-14.600,-97.292,4.591,530922100.000
-2.500,1.864,0.168,-14.596,-97.262,4.591,530922200.000
-2.498,1.863,0.166,-14.617,-97.235,4.601,530922299.000
-2.498,1.866,0.168,-14.602,-97.202,4.582,530922400.000
-2.502,1.863,0.173,-14.632,-97.185,4.600,530922500.000
-2.498,1.863,0.168,-14.603,-97.178,4.601,530922599.000
-2.500,1.864,0.171,-14.582,-97.157,4.592,530922700.000
-2.496,1.867,0.166,-14.594,-97.151,4.601,530922800.000
-2.498,1.863,0.166,-14.617,-97.138,4.574,530922899.000
-2.496,1.862,0.163,-14.610,-97.110,4.584,530922999.000
-2.498,1.866,0.171,-14.574,-97.072,4.611,530923100.000
-2.500,1.864,0.166,-14.596,-97.052,4.593,530923199.000
-2.494,1.860,0.171,-14.618,-97.074,4.593,530923300.000
-2.498,1.860,0.163,-14.618,-97.001,4.593,530923399.000
-2.489,1.860,0.163,-14.617,-97.051,4.594,530923500.000
-2.494,1.860,0.168,-14.590,-97.009,4.594,530923599.000
-2.494,1.863,0.173,-14.548,-96.992,4.604,530923699.000
-2.498,1.858,0.166,-14.606,-96.919,4.557,530923800.000
-2.492,1.864,0.171,-14.553,-96.965,4.595,530923899.000
-2.490,1.860,0.168,-14.576,-96.962,4.595,530924000.000
-2.494,1.858,0.171,-14.578,-96.879,4.614,530924100.000
-2.492,1.861,0.166,-14.555,-96.908,4.559,530924199.000
-2.494,1.858,0.171,-14.592,-96.855,4.586,530924300.000
-2.490,1.858,0.173,-14.550,-96.872,4.587,530924399.000
-2.490,1.858,0.171,-14.605,-96.856,4.559,530924500.000
-2.486,1.858,0.168,-14.577,-96.866,4.588,530924600.000
-2.488,1.859,0.166,-14.569,-96.837,4.578,530924700.000
-2.492,1.859,0.166,-14.556,-96.787,4.578,530924800.000
-2.488,1.859,0.168,-14.569,-96.804,4.578,530924899.000
-2.488,1.859,0.168,-14.569,-96.756,4.579,530925000.000
-2.488,1.859,0.168,-14.542,-96.756,4.579,530925100.000
-2.486,1.858,0.168,-14.563,-96.744,4.589,530925199.000
-2.488,1.859,0.166,-14.555,-96.716,4.579,530925299.000
-2.488,1.856,0.163,-14.570,-96.700,4.598,530925400.000
-2.482,1.852,0.168,-14.593,-96.721,4.571,530925500.000
-2.486,1.857,0.168,-14.549,-96.671,4.562,530925600.000
-2.484,1.856,0.168,-14.529,-96.635,4.572,530925699.000
-2.484,1.859,0.168,-14.527,-96.611,4.581,530925799.000
-2.486,1.857,0.168,-14.535,-96.599,4.590,530925899.000
-2.486,1.857,0.168,-14.535,-96.598,4.562,530925999.000
-2.484,1.859,0.168,-14.500,-96.562,4.582,530926099.000
-2.484,1.856,0.168,-14.570,-96.563,4.544,530926200.000
-2.478,1.855,0.168,-14.535,-96.577,4.582,530926300.000
-2.482,1.850,0.168,-14.566,-96.503,4.592,530926399.000
-2.480,1.853,0.164,-14.529,-96.508,4.564,530926499.000
-2.480,1.859,0.171,-14.499,-96.507,4.583,530926599.000
-2.478,1.849,0.161,-14.565,-96.480,4.565,530926699.000
-2.480,1.853,0.169,-14.557,-96.443,4.537,530926800.000
-2.478,1.855,0.169,-14.549,-96.455,4.555,530926899.000
-2.476,1.851,0.164,-14.558,-96.460,4.556,530927000.000
-2.478,1.855,0.171,-14.536,-96.398,4.556,530927099.000
-2.480,1.856,0.166,-14.528,-96.402,4.546,530927199.000
-2.476,1.853,0.174,-14.515,-96.378,4.566,530927300.000
-2.476,1.848,0.164,-14.559,-96.387,4.547,530927399.000
-2.476,1.848,0.164,-14.545,-96.363,4.548,530927499.000
-2.479,1.849,0.164,-14.552,-96.326,4.538,530927600.000
-2.476,1.853,0.164,-14.528,-96.339,4.566,530927701.000
-2.476,1.853,0.166,-14.515,-96.282,4.539,530927800.000
-2.479,1.852,0.169,-14.510,-96.261,4.521,530927900.000
-2.470,1.849,0.169,-14.510,-96.287,4.540,530928001.000
-2.475,1.849,0.171,-14.510,-96.229,4.540,530928100.000
-2.475,1.847,0.169,-14.511,-96.238,4.559,530928200.000
-2.477,1.848,0.164,-14.531,-96.193,4.549,530928301.000
-2.475,1.847,0.169,-14.525,-96.213,4.531,530928401.000
-2.472,1.845,0.169,-14.546,-96.202,4.541,530928501.000
-2.470,1.847,0.169,-14.539,-96.166,4.532,530928601.000
-2.470,1.849,0.169,-14.523,-96.166,4.541,530928701.000
-2.473,1.848,0.169,-14.503,-96.153,4.550,530928800.000
-2.473,1.848,0.166,-14.490,-96.113,4.523,530928900.000
-2.473,1.845,0.164,-14.532,-96.097,4.541,530929000.000
-2.473,1.843,0.161,-14.561,-96.057,4.532,530929101.000
-2.466,1.844,0.164,-14.539,-96.087,4.524,530929201.000
-2.468,1.845,0.166,-14.504,-96.090,4.515,530929300.000
-2.469,1.843,0.164,-14.533,-96.050,4.533,530929400.000
-2.469,1.845,0.166,-14.504,-96.041,4.515,530929500.000
-2.469,1.842,0.169,-14.506,-95.984,4.534,530929601.000
-2.471,1.849,0.166,-14.481,-95.980,4.543,530929700.000
-2.469,1.842,0.164,-14.519,-95.977,4.534,530929801.000
-2.464,1.845,0.164,-14.489,-95.978,4.544,530929900.000
-2.464,1.848,0.161,-14.474,-95.962,4.526,530930000.000
-2.460,1.840,0.166,-14.506,-95.946,4.527,530930101.000
-2.465,1.842,0.164,-14.491,-95.954,4.535,530930201.000
-2.463,1.846,0.171,-14.468,-95.917,4.536,530930300.000
-2.458,1.846,0.171,-14.468,-95.943,4.536,530930400.000
-2.465,1.842,0.166,-14.491,-95.873,4.536,530930500.000
-2.460,1.840,0.169,-14.492,-95.890,4.527,530930601.000
-2.463,1.841,0.164,-14.484,-95.845,4.518,530930700.000
-2.463,1.844,0.166,-14.469,-95.861,4.527,530930801.000
-2.458,1.838,0.166,-14.499,-95.838,4.537,530930900.000
-2.461,1.845,0.166,-14.447,-95.801,4.546,530931001.000
-2.461,1.840,0.166,-14.491,-95.777,4.556,530931100.000
-2.459,1.841,0.164,-14.470,-95.797,4.491,530931200.000
-2.461,1.834,0.164,-14.522,-95.761,4.510,530931300.000
-2.457,1.840,0.166,-14.477,-95.729,4.529,530931401.000
-2.461,1.842,0.164,-14.421,-95.712,4.511,530931501.000
-2.461,1.834,0.166,-14.508,-95.704,4.510,530931600.000
-2.459,1.841,0.164,-14.456,-95.676,4.520,530931700.000
-2.457,1.837,0.164,-14.451,-95.689,4.521,530931800.000
-2.455,1.838,0.164,-14.471,-95.702,4.511,530931900.000
-2.455,1.838,0.164,-14.457,-95.677,4.512,530932000.000
-2.457,1.837,0.167,-14.451,-95.656,4.521,530932100.000
-2.455,1.838,0.171,-14.430,-95.628,4.540,530932200.000
-2.457,1.839,0.164,-14.422,-95.616,4.503,530932300.000
-2.459,1.841,0.169,-14.415,-95.586,4.494,530932400.000
-2.457,1.834,0.164,-14.467,-95.591,4.484,530932501.000
-2.455,1.833,0.157,-14.487,-95.581,4.494,530932601.000
-2.453,1.837,0.162,-14.423,-95.552,4.522,530932700.000
-2.453,1.834,0.167,-14.466,-95.536,4.513,530932800.000
-2.453,1.837,0.162,-14.437,-95.528,4.495,530932900.000
-2.453,1.837,0.164,-14.409,-95.495,4.495,530932999.000
-2.453,1.834,0.167,-14.424,-95.463,4.514,530933100.000
-2.455,1.835,0.164,-14.431,-95.458,4.504,530933200.000
-2.455,1.833,0.162,-14.446,-95.443,4.495,530933300.000
-2.453,1.831,0.159,-14.453,-95.439,4.505,530933400.000
-2.451,1.833,0.164,-14.418,-95.435,4.496,530933500.000
-2.453,1.837,0.167,-14.409,-95.414,4.524,530933600.000
-2.451,1.833,0.162,-14.418,-95.371,4.497,530933699.000
-2.453,1.831,0.164,-14.426,-95.374,4.506,530933800.000
-2.456,1.835,0.169,-14.390,-95.320,4.506,530933899.000
-2.449,1.834,0.164,-14.410,-95.351,4.516,530933999.000
-2.449,1.837,0.164,-14.367,-95.351,4.497,530934099.000
-2.451,1.835,0.164,-14.361,-95.314,4.507,530934199.000
-2.449,1.831,0.169,-14.398,-95.286,4.507,530934300.000
