0.055,-0.088,-0.117,2.310,1.937,0.434,531937717.000
0.057,-0.089,-0.120,2.289,1.916,0.443,531937818.000
0.057,-0.087,-0.127,2.291,1.891,0.424,531937918.000
0.055,-0.088,-0.122,2.255,1.920,0.405,531938018.000
0.052,-0.087,-0.122,2.304,1.957,0.424,531938117.000
0.055,-0.088,-0.117,2.296,1.961,0.434,531938218.000
0.057,-0.089,-0.120,2.289,1.916,0.443,531938317.000
0.059,-0.091,-0.120,2.282,1.903,0.425,531938418.000
0.055,-0.088,-0.120,2.296,1.929,0.406,531938518.000
0.055,-0.091,-0.117,2.281,1.913,0.424,531938618.000
0.055,-0.085,-0.115,2.325,1.921,0.443,531938717.000
0.055,-0.088,-0.120,2.324,1.929,0.434,531938817.000
0.055,-0.093,-0.120,2.280,1.953,0.443,531938918.000
0.055,-0.091,-0.120,2.309,1.929,0.452,531939017.000
0.055,-0.088,-0.117,2.283,1.937,0.434,531939118.000
0.057,-0.089,-0.117,2.289,1.900,0.443,531939217.000
0.059,-0.091,-0.117,2.296,1.911,0.453,531939318.000
0.052,-0.089,-0.122,2.316,1.958,0.415,531939417.000
0.057,-0.089,-0.125,2.317,1.948,0.443,531939517.000
0.059,-0.088,-0.120,2.297,1.903,0.434,531939617.000
0.055,-0.088,-0.117,2.310,1.937,0.434,531939717.000
0.055,-0.091,-0.117,2.295,1.937,0.425,531939817.000
0.052,-0.084,-0.125,2.333,1.949,0.406,531939917.000
0.050,-0.088,-0.127,2.297,1.953,0.433,531940017.000
0.057,-0.084,-0.122,2.320,1.932,0.434,531940117.000
0.050,-0.093,-0.122,2.266,1.970,0.415,531940217.000
0.055,-0.085,-0.125,2.312,1.912,0.415,531940317.000
0.055,-0.091,-0.115,2.295,1.921,0.452,531940418.000
0.057,-0.089,-0.122,2.290,1.932,0.443,531940517.000
0.053,-0.089,-0.120,2.275,1.917,0.415,531940617.000
0.057,-0.092,-0.120,2.274,1.916,0.434,531940717.000
0.059,-0.093,-0.122,2.281,1.895,0.443,531940817.000
0.055,-0.088,-0.125,2.297,1.912,0.406,531940918.000
0.055,-0.093,-0.120,2.266,1.929,0.443,531941018.000
0.057,-0.089,-0.125,2.289,1.899,0.415,531941118.000
0.057,-0.092,-0.122,2.274,1.932,0.434,531941217.000
0.055,-0.086,-0.125,2.298,1.936,0.415,531941317.000
0.057,-0.087,-0.122,2.304,1.932,0.425,531941417.000
0.057,-0.089,-0.120,2.276,1.891,0.443,531941517.000
0.055,-0.091,-0.117,2.240,1.936,0.452,531941617.000
0.057,-0.089,-0.120,2.248,1.891,0.442,531941718.000
0.053,-0.087,-0.127,2.304,1.941,0.424,531941819.000
0.055,-0.091,-0.125,2.268,1.936,0.424,531941919.000
0.055,-0.088,-0.120,2.269,1.928,0.406,531942018.000
0.055,-0.088,-0.120,2.255,1.952,0.433,531942119.000
0.050,-0.088,-0.117,2.268,1.938,0.433,531942218.000
0.057,-0.092,-0.120,2.260,1.891,0.433,531942318.000
0.055,-0.088,-0.125,2.283,1.936,0.433,531942419.000
0.055,-0.085,-0.122,2.270,1.920,0.415,531942518.000
0.055,-0.088,-0.127,2.256,1.952,0.433,531942618.000
0.055,-0.085,-0.120,2.257,1.928,0.442,531942719.000
0.052,-0.089,-0.122,2.220,1.932,0.414,531942819.000
0.053,-0.087,-0.125,2.249,1.924,0.423,531942918.000
0.057,-0.087,-0.120,2.249,1.915,0.424,531943019.000
0.053,-0.082,-0.122,2.293,1.933,0.414,531943119.000
0.057,-0.092,-0.122,2.205,1.907,0.433,531943218.000
0.055,-0.085,-0.122,2.243,1.920,0.442,531943318.000
0.050,-0.088,-0.112,2.240,1.954,0.433,531943419.000
0.055,-0.088,-0.125,2.256,1.887,0.433,531943519.000
0.053,-0.089,-0.120,2.247,1.917,0.442,531943618.000
0.052,-0.084,-0.125,2.250,1.948,0.433,531943719.000
0.055,-0.085,-0.125,2.243,1.887,0.442,531943819.000
0.055,-0.088,-0.122,2.228,1.920,0.433,531943919.000
0.055,-0.088,-0.125,2.214,1.911,0.433,531944019.000
0.055,-0.088,-0.117,2.227,1.936,0.433,531944119.000
0.055,-0.085,-0.120,2.243,1.904,0.442,531944219.000
0.057,-0.087,-0.122,2.222,1.931,0.424,531944318.000
0.053,-0.084,-0.122,2.223,1.932,0.432,531944418.000
0.052,-0.089,-0.122,2.192,1.932,0.442,531944519.000
0.053,-0.092,-0.120,2.205,1.916,0.433,531944618.000
0.057,-0.081,-0.120,2.252,1.915,0.442,531944719.000
0.053,-0.084,-0.132,2.223,1.947,0.405,531944818.000
0.053,-0.087,-0.122,2.208,1.932,0.451,531944918.000
0.053,-0.087,-0.130,2.208,1.931,0.451,531945018.000
0.055,-0.085,-0.125,2.229,1.911,0.442,531945119.000
0.053,-0.087,-0.122,2.194,1.908,0.451,531945218.000
0.055,-0.085,-0.122,2.201,1.895,0.414,531945319.000
0.057,-0.087,-0.117,2.249,1.899,0.424,531945419.000
0.057,-0.087,-0.120,2.208,1.891,0.451,531945519.000
0.055,-0.083,-0.117,2.244,1.912,0.451,531945619.000
0.053,-0.089,-0.125,2.193,1.899,0.441,531945718.000
0.055,-0.085,-0.122,2.202,1.895,0.442,531945818.000
0.057,-0.087,-0.122,2.222,1.882,0.424,531945918.000
0.053,-0.081,-0.115,2.251,1.909,0.442,531946018.000
0.053,-0.084,-0.122,2.250,1.932,0.433,531946118.000
0.055,-0.088,-0.117,2.186,1.911,0.460,531946219.000
0.055,-0.085,-0.132,2.216,1.886,0.414,531946318.000
0.057,-0.087,-0.122,2.250,1.883,0.451,531946419.000
0.053,-0.087,-0.125,2.194,1.924,0.423,531946519.000
0.055,-0.088,-0.127,2.214,1.927,0.433,531946618.000
0.055,-0.088,-0.127,2.201,1.903,0.432,531946719.000
0.055,-0.091,-0.117,2.198,1.912,0.424,531946819.000
0.055,-0.085,-0.125,2.243,1.887,0.442,531946919.000
0.052,-0.082,-0.122,2.279,1.957,0.442,531947018.000
0.053,-0.087,-0.122,2.194,1.908,0.423,531947119.000
0.048,-0.082,-0.120,2.265,1.942,0.441,531947218.000
0.055,-0.083,-0.125,2.244,1.911,0.423,531947319.000
0.057,-0.084,-0.127,2.237,1.866,0.433,531947419.000
0.053,-0.082,-0.122,2.238,1.932,0.414,531947518.000
0.055,-0.085,-0.122,2.215,1.919,0.414,531947619.000
0.055,-0.085,-0.122,2.229,1.895,0.414,531947719.000
0.053,-0.089,-0.127,2.192,1.915,0.414,531947819.000
0.057,-0.087,-0.122,2.236,1.907,0.424,531947918.000
0.053,-0.089,-0.125,2.206,1.924,0.414,531948019.000
0.048,-0.084,-0.125,2.250,1.925,0.432,531948119.000
0.050,-0.083,-0.122,2.244,1.921,0.451,531948218.000
0.053,-0.084,-0.122,2.236,1.908,0.432,531948318.000
0.053,-0.087,-0.127,2.208,1.915,0.423,531948418.000
0.057,-0.089,-0.127,2.193,1.938,0.415,531948519.000
0.055,-0.088,-0.127,2.214,1.927,0.433,531948618.000
0.055,-0.085,-0.125,2.201,1.911,0.414,531948718.000
0.055,-0.088,-0.120,2.186,1.927,0.433,531948819.000
0.052,-0.089,-0.120,2.206,1.941,0.414,531948919.000
0.055,-0.083,-0.125,2.244,1.911,0.423,531949018.000
0.053,-0.084,-0.117,2.236,1.925,0.433,531949118.000
0.050,-0.085,-0.125,2.160,1.912,0.441,531949218.000
0.053,-0.079,-0.127,2.129,1.890,0.422,531949319.000
0.044,-0.079,-0.120,2.017,1.844,0.419,531949418.000
0.053,-0.071,-0.120,1.829,1.815,0.391,531949519.000
0.051,-0.069,-0.118,1.588,1.761,0.379,531949618.000
0.060,-0.053,-0.121,1.335,1.650,0.376,531949719.000
0.056,-0.037,-0.116,1.011,1.542,0.371,531949819.000
0.054,-0.033,-0.119,0.606,1.494,0.339,531949918.000
0.053,-0.013,-0.119,0.209,1.332,0.333,531950018.000
0.053,0.014,-0.112,-0.288,1.108,0.307,531950119.000
0.043,0.023,-0.113,-0.678,0.974,0.292,531950218.000
0.050,0.043,-0.113,-1.116,0.736,0.286,531950318.000
0.045,0.061,-0.116,-1.529,0.471,0.242,531950419.000
0.040,0.076,-0.109,-1.902,0.093,0.243,531950518.000
0.032,0.100,-0.107,-2.305,-0.290,0.234,531950619.000
0.025,0.116,-0.110,-2.823,-0.810,0.196,531950719.000
0.008,0.149,-0.103,-3.243,-1.477,0.229,531950818.000
-0.005,0.173,-0.107,-3.752,-2.203,0.197,531950919.000
-0.022,0.201,-0.100,-4.244,-2.942,0.211,531951019.000
-0.039,0.227,-0.106,-4.641,-3.747,0.188,531951118.000
-0.056,0.250,-0.097,-5.164,-4.551,0.210,531951218.000
-0.075,0.279,-0.097,-5.608,-5.399,0.186,531951318.000
-0.096,0.303,-0.088,-6.077,-6.275,0.179,531951418.000
-0.113,0.336,-0.091,-6.566,-7.242,0.209,531951519.000
-0.128,0.364,-0.082,-7.038,-8.058,0.204,531951618.000
-0.153,0.395,-0.086,-7.475,-8.901,0.225,531951719.000
-0.172,0.417,-0.084,-8.033,-9.888,0.227,531951819.000
-0.189,0.453,-0.077,-8.508,-10.725,0.212,531951918.000
-0.201,0.481,-0.075,-8.986,-11.628,0.197,531952019.000
-0.226,0.510,-0.069,-9.562,-12.463,0.235,531952118.000
-0.247,0.538,-0.067,-10.056,-13.436,0.219,531952218.000
-0.268,0.569,-0.073,-10.602,-14.290,0.212,531952318.000
-0.283,0.599,-0.064,-11.073,-15.228,0.242,531952418.000
-0.306,0.634,-0.060,-11.583,-16.108,0.262,531952519.000
-0.323,0.652,-0.053,-12.068,-17.017,0.238,531952618.000
-0.348,0.689,-0.059,-12.667,-17.894,0.248,531952718.000
-0.365,0.720,-0.048,-13.201,-18.763,0.242,531952818.000
-0.384,0.749,-0.046,-13.727,-19.677,0.216,531952919.000
-0.398,0.785,-0.057,-14.332,-20.634,0.236,531953018.000
-0.419,0.811,-0.048,-14.827,-21.583,0.238,531953119.000
-0.438,0.848,-0.039,-15.460,-22.521,0.267,531953219.000
-0.456,0.881,-0.037,-15.985,-23.411,0.251,531953318.000
-0.484,0.916,-0.036,-16.579,-24.348,0.269,531953418.000
-0.500,0.947,-0.024,-17.071,-25.241,0.263,531953518.000
-0.526,0.981,-0.023,-17.713,-26.166,0.290,531953619.000
-0.540,1.016,-0.024,-18.319,-27.139,0.282,531953719.000
-0.561,1.050,-0.015,-18.879,-28.088,0.256,531953818.000
-0.586,1.083,-0.018,-19.493,-29.030,0.284,531953919.000
-0.607,1.112,-0.021,-20.028,-29.899,0.267,531954019.000
-0.626,1.150,-0.013,-20.661,-30.789,0.269,531954118.000
-0.644,1.185,-0.011,-21.212,-31.704,0.261,531954218.000
-0.663,1.214,0.001,-21.795,-32.585,0.235,531954318.000
-0.686,1.244,-0.013,-22.389,-33.499,0.264,531954418.000
-0.695,1.273,0.009,-22.924,-34.410,0.249,531954518.000
-0.724,1.315,-0.005,-23.575,-35.312,0.304,531954619.000
-0.743,1.342,0.012,-24.187,-36.298,0.240,531954718.000
-0.764,1.378,0.016,-24.897,-37.168,0.250,531954818.000
-0.786,1.416,0.020,-25.448,-38.194,0.250,531954917.000
-0.807,1.447,0.019,-26.078,-39.080,0.214,531955019.000
-0.826,1.488,0.020,-26.680,-40.044,0.279,531955119.000
-0.845,1.515,0.032,-27.251,-40.925,0.245,531955218.000
-0.864,1.550,0.016,-27.897,-41.753,0.237,531955317.000
-0.887,1.579,0.032,-28.440,-42.713,0.238,531955417.000
-0.908,1.618,0.044,-29.135,-43.582,0.202,531955519.000
-0.923,1.643,0.038,-29.373,-44.350,0.245,531955619.000
-0.949,1.653,0.045,-29.435,-45.154,0.252,531955718.000
-0.974,1.663,0.040,-29.454,-46.001,0.342,531955818.000
-0.992,1.664,0.037,-29.242,-46.717,0.382,531955918.000
-1.013,1.661,0.042,-28.854,-47.527,0.486,531956019.000
-1.037,1.653,0.044,-28.393,-48.234,0.564,531956119.000
-1.059,1.653,0.047,-27.948,-48.955,0.651,531956217.000
-1.083,1.650,0.042,-27.553,-49.736,0.718,531956317.000
-1.111,1.646,0.051,-27.201,-50.491,0.831,531956417.000
-1.135,1.644,0.046,-26.860,-51.225,0.898,531956517.000
-1.159,1.641,0.051,-26.479,-51.949,0.966,531956617.000
-1.182,1.637,0.056,-26.140,-52.771,1.079,531956717.000
-1.204,1.638,0.051,-25.777,-53.517,1.119,531956817.000
-1.230,1.632,0.048,-25.501,-54.279,1.213,531956918.000
-1.252,1.637,0.060,-25.206,-55.089,1.288,531957017.000
-1.277,1.636,0.057,-24.858,-55.874,1.373,531957118.000
-1.299,1.635,0.055,-24.524,-56.612,1.459,531957218.000
-1.323,1.638,0.059,-24.168,-57.434,1.516,531957318.000
-1.347,1.634,0.062,-23.870,-58.216,1.601,531957418.000
-1.377,1.636,0.056,-23.590,-58.961,1.694,531957518.000
-1.398,1.635,0.058,-23.311,-59.780,1.779,531957617.000
-1.424,1.639,0.061,-22.975,-60.622,1.854,531957718.000
-1.448,1.635,0.055,-22.705,-61.356,1.939,531957818.000
-1.470,1.634,0.065,-22.454,-62.126,1.996,531957918.000
-1.489,1.635,0.057,-22.180,-62.822,2.128,531958018.000
-1.517,1.640,0.067,-21.851,-63.577,2.139,531958117.000
-1.541,1.638,0.072,-21.622,-64.327,2.233,531958217.000
-1.565,1.641,0.074,-21.348,-65.085,2.318,531958317.000
-1.591,1.638,0.066,-21.125,-65.791,2.365,531958418.000
-1.611,1.641,0.071,-20.809,-66.518,2.479,531958518.000
-1.634,1.641,0.078,-20.593,-67.332,2.526,531958617.000
-1.658,1.647,0.076,-20.304,-68.059,2.592,531958717.000
-1.680,1.641,0.075,-20.110,-68.911,2.686,531958817.000
-1.712,1.650,0.082,-19.793,-69.723,2.787,531958918.000
-1.733,1.646,0.074,-19.653,-70.503,2.834,531959018.000
-1.763,1.656,0.094,-19.384,-71.311,2.954,531959117.000
-1.785,1.661,0.094,-19.130,-72.115,3.002,531959218.000
-1.809,1.661,0.081,-18.843,-72.922,3.077,531959318.000
-1.834,1.663,0.088,-18.646,-73.725,3.170,531959418.000
-1.858,1.669,0.085,-18.427,-74.573,3.207,531959518.000
-1.882,1.667,0.087,-18.224,-75.307,3.273,531959618.000
-1.905,1.668,0.090,-17.993,-76.114,3.375,531959719.000
-1.933,1.673,0.089,-17.773,-76.904,3.468,531959818.000
-1.959,1.678,0.089,-17.589,-77.707,3.514,531959918.000
-1.985,1.680,0.093,-17.378,-78.469,3.607,531960018.000
-2.009,1.688,0.098,-17.171,-79.268,3.654,531960118.000
-2.035,1.682,0.098,-16.978,-80.046,3.720,531960219.000
-2.050,1.683,0.085,-16.786,-80.639,3.797,531960318.000
-2.062,1.683,0.095,-16.651,-81.110,3.820,531960418.000
-2.068,1.689,0.103,-16.546,-81.192,3.801,531960518.000
-2.068,1.681,0.103,-16.481,-81.094,3.802,531960618.000
-2.061,1.681,0.103,-16.452,-80.708,3.779,531960719.000
-2.047,1.674,0.101,-16.502,-80.272,3.720,531960818.000
-2.035,1.668,0.096,-16.531,-79.880,3.652,531960919.000
-2.023,1.665,0.099,-16.544,-79.535,3.619,531961018.000
-2.013,1.661,0.101,-16.538,-79.227,3.596,531961119.000
-2.008,1.657,0.107,-16.533,-78.860,3.545,531961218.000
-1.998,1.648,0.094,-16.556,-78.601,3.530,531961318.000
-1.990,1.647,0.097,-16.556,-78.280,3.479,531961418.000
-1.984,1.643,0.097,-16.550,-78.026,3.454,531961518.000
-1.974,1.636,0.095,-16.587,-77.783,3.421,531961618.000
-1.971,1.633,0.100,-16.533,-77.524,3.415,531961719.000
-1.963,1.633,0.095,-16.559,-77.301,3.390,531961819.000
-1.961,1.629,0.095,-16.540,-77.047,3.365,531961918.000
-1.947,1.622,0.093,-16.521,-76.877,3.332,531962019.000
-1.945,1.626,0.096,-16.512,-76.639,3.306,531962118.000
-1.941,1.620,0.096,-16.514,-76.421,3.291,531962219.000
-1.938,1.618,0.094,-16.515,-76.212,3.284,531962318.000
-1.932,1.614,0.096,-16.509,-76.024,3.259,531962418.000
-1.926,1.612,0.094,-16.516,-75.852,3.215,531962518.000
-1.918,1.607,0.094,-16.504,-75.684,3.227,531962619.000
-1.914,1.604,0.092,-16.491,-75.499,3.220,531962719.000
-1.908,1.602,0.084,-16.498,-75.344,3.149,531962818.000
-1.908,1.602,0.087,-16.442,-75.165,3.151,531962918.000
-1.900,1.594,0.087,-16.473,-74.998,3.153,531963018.000
-1.899,1.595,0.095,-16.438,-74.816,3.146,531963118.000
-1.895,1.595,0.095,-16.424,-74.671,3.120,531963218.000
-1.889,1.586,0.082,-16.448,-74.532,3.104,531963318.000
-1.885,1.586,0.092,-16.434,-74.403,3.106,531963418.000
-1.883,1.584,0.093,-16.428,-74.197,3.062,531963519.000
-1.877,1.585,0.088,-16.378,-74.082,3.055,531963618.000
-1.873,1.575,0.098,-16.383,-73.928,3.048,531963718.000
-1.871,1.576,0.090,-16.388,-73.772,3.040,531963818.000
-1.865,1.577,0.091,-16.380,-73.665,3.033,531963919.000
-1.861,1.569,0.088,-16.383,-73.553,3.035,531964018.000
-1.857,1.572,0.083,-16.368,-73.449,2.990,531964118.000
-1.853,1.569,0.088,-16.327,-73.312,2.983,531964218.000
-1.847,1.568,0.086,-16.334,-73.189,2.994,531964319.000
-1.848,1.565,0.086,-16.322,-73.043,2.959,531964418.000
-1.844,1.562,0.084,-16.349,-72.931,2.978,531964518.000
-1.842,1.561,0.086,-16.302,-72.814,2.934,531964619.000
-1.838,1.560,0.089,-16.274,-72.709,2.936,531964718.000
-1.836,1.554,0.081,-16.339,-72.578,2.928,531964818.000
-1.836,1.556,0.089,-16.269,-72.431,2.911,531964919.000
-1.832,1.551,0.087,-16.258,-72.367,2.894,531965018.000
-1.828,1.551,0.079,-16.256,-72.248,2.895,531965119.000
-1.827,1.549,0.087,-16.250,-72.138,2.906,531965219.000
-1.818,1.547,0.087,-16.223,-72.068,2.871,531965319.000
-1.816,1.543,0.087,-16.273,-71.935,2.872,531965418.000
-1.819,1.546,0.087,-16.196,-71.825,2.846,531965518.000
-1.813,1.548,0.082,-16.187,-71.734,2.866,531965619.000
-1.811,1.541,0.085,-16.197,-71.617,2.858,531965718.000
-1.807,1.538,0.090,-16.184,-71.529,2.851,531965819.000
-1.803,1.541,0.085,-16.182,-71.449,2.833,531965919.000
-1.801,1.537,0.087,-16.205,-71.333,2.834,531966019.000
-1.801,1.534,0.080,-16.164,-71.236,2.799,531966118.000
-1.799,1.533,0.085,-16.158,-71.159,2.809,531966218.000
-1.797,1.529,0.085,-16.180,-71.075,2.810,531966319.000
-1.798,1.529,0.085,-16.153,-70.929,2.811,531966419.000
-1.791,1.527,0.080,-16.104,-70.886,2.795,531966518.000
-1.785,1.528,0.080,-16.124,-70.827,2.759,531966619.000
-1.783,1.524,0.085,-16.133,-70.751,2.760,531966718.000
-1.786,1.526,0.085,-16.111,-70.617,2.779,531966819.000
-1.779,1.524,0.083,-16.076,-70.566,2.763,531966918.000
-1.786,1.523,0.080,-16.071,-70.439,2.744,531967019.000
-1.778,1.523,0.078,-16.083,-70.353,2.746,531967118.000
-1.774,1.523,0.083,-16.028,-70.312,2.748,531967218.000
-1.772,1.519,0.081,-16.078,-70.212,2.748,531967319.000
-1.770,1.517,0.081,-16.044,-70.152,2.731,531967419.000
-1.772,1.513,0.086,-16.067,-70.026,2.732,531967519.000
-1.766,1.512,0.081,-16.032,-69.959,2.715,531967618.000
-1.766,1.514,0.081,-16.003,-69.886,2.725,531967718.000
-1.764,1.511,0.083,-16.012,-69.842,2.726,531967818.000
-1.762,1.509,0.079,-15.978,-69.749,2.681,531967919.000
-1.754,1.506,0.084,-16.006,-69.711,2.701,531968019.000
-1.754,1.504,0.076,-15.993,-69.614,2.693,531968118.000
-1.756,1.508,0.081,-15.957,-69.512,2.693,531968219.000
-1.754,1.501,0.081,-15.981,-69.452,2.685,531968318.000
-1.753,1.505,0.079,-15.944,-69.376,2.686,531968418.000
-1.755,1.501,0.079,-15.967,-69.266,2.687,531968519.000
-1.749,1.499,0.081,-15.932,-69.247,2.670,531968619.000
-1.747,1.503,0.086,-15.924,-69.170,2.671,531968719.000
-1.743,1.498,0.084,-15.912,-69.107,2.654,531968818.000
-1.741,1.494,0.072,-15.933,-69.040,2.654,531968918.000
-1.747,1.495,0.084,-15.928,-68.936,2.645,531969018.000
-1.739,1.495,0.079,-15.926,-68.906,2.619,531969118.000
-1.741,1.491,0.077,-15.922,-68.829,2.619,531969219.000
-1.737,1.489,0.082,-15.922,-68.765,2.639,531969319.000
-1.737,1.491,0.072,-15.879,-68.701,2.594,531969419.000
-1.733,1.488,0.077,-15.866,-68.661,2.641,531969519.000
-1.733,1.491,0.084,-15.852,-68.563,2.623,531969619.000
-1.729,1.488,0.075,-15.852,-68.549,2.587,531969719.000
-1.727,1.489,0.082,-15.803,-68.439,2.607,531969819.000
-1.723,1.484,0.077,-15.832,-68.433,2.617,531969918.000
-1.725,1.480,0.075,-15.828,-68.356,2.618,531970018.000
-1.723,1.484,0.075,-15.819,-68.296,2.591,531970118.000
-1.726,1.485,0.085,-15.812,-68.201,2.610,531970218.000
-1.719,1.479,0.075,-15.821,-68.175,2.574,531970318.000
-1.720,1.476,0.085,-15.823,-68.118,2.593,531970418.000
-1.713,1.482,0.080,-15.756,-68.075,2.576,531970518.000
-1.713,1.475,0.072,-15.815,-68.003,2.577,531970618.000
-1.716,1.473,0.075,-15.782,-67.933,2.559,531970719.000
-1.707,1.476,0.080,-15.752,-67.895,2.570,531970818.000
-1.712,1.478,0.075,-15.737,-67.837,2.551,531970919.000
-1.710,1.472,0.075,-15.761,-67.777,2.543,531971018.000
-1.703,1.468,0.075,-15.797,-67.743,2.544,531971118.000
-1.704,1.470,0.078,-15.768,-67.686,2.554,531971219.000
-1.704,1.473,0.078,-15.752,-67.637,2.563,531971319.000
-1.702,1.469,0.078,-15.734,-67.577,2.537,531971418.000
-1.702,1.472,0.083,-15.719,-67.512,2.547,531971518.000
-1.700,1.468,0.078,-15.755,-67.468,2.519,531971618.000
-1.698,1.461,0.078,-15.724,-67.408,2.512,531971718.000
-1.698,1.469,0.078,-15.678,-67.359,2.540,531971819.000
-1.696,1.465,0.075,-15.700,-67.308,2.540,531971918.000
-1.696,1.462,0.075,-15.715,-67.259,2.532,531972019.000
-1.692,1.465,0.076,-15.617,-67.187,2.515,531972118.000
-1.692,1.465,0.078,-15.659,-67.179,2.487,531972219.000
-1.690,1.461,0.073,-15.695,-67.135,2.488,531972318.000
-1.688,1.462,0.076,-15.632,-67.067,2.507,531972418.000
-1.686,1.455,0.073,-15.683,-66.991,2.471,531972518.000
-1.686,1.455,0.073,-15.656,-66.942,2.472,531972619.000
-1.684,1.459,0.078,-15.633,-66.938,2.500,531972718.000
-1.682,1.458,0.071,-15.639,-66.854,2.482,531972818.000
-1.680,1.456,0.073,-15.606,-66.810,2.465,531972918.000
-1.682,1.453,0.081,-15.615,-66.772,2.493,531973018.000
-1.683,1.452,0.076,-15.601,-66.716,2.493,531973118.000
-1.678,1.452,0.076,-15.628,-66.693,2.494,531973218.000
-1.679,1.455,0.076,-15.544,-66.620,2.477,531973319.000
-1.679,1.450,0.073,-15.588,-66.580,2.458,531973418.000
-1.674,1.450,0.069,-15.587,-66.573,2.459,531973518.000
-1.675,1.450,0.073,-15.587,-66.508,2.460,531973618.000
-1.670,1.450,0.074,-15.601,-66.461,2.460,531973719.000
-1.673,1.446,0.074,-15.596,-66.399,2.461,531973818.000
-1.673,1.446,0.079,-15.569,-66.334,2.462,531973918.000
-1.673,1.443,0.071,-15.583,-66.286,2.453,531974018.000
-1.669,1.445,0.076,-15.554,-66.271,2.463,531974119.000
-1.667,1.441,0.074,-15.577,-66.219,2.436,531974219.000
-1.665,1.443,0.074,-15.541,-66.183,2.455,531974318.000
-1.669,1.443,0.069,-15.528,-66.150,2.427,531974418.000
-1.665,1.440,0.066,-15.528,-66.086,2.447,531974518.000
-1.663,1.439,0.074,-15.536,-66.098,2.429,531974618.000
-1.661,1.443,0.074,-15.485,-66.014,2.430,531974718.000
-1.661,1.437,0.064,-15.515,-65.998,2.412,531974818.000
-1.663,1.439,0.074,-15.508,-65.904,2.431,531974919.000
-1.663,1.436,0.071,-15.482,-65.863,2.422,531975018.000
-1.661,1.437,0.076,-15.502,-65.860,2.413,531975118.000
-1.655,1.438,0.072,-15.452,-65.841,2.433,531975219.000
-1.657,1.437,0.074,-15.446,-65.772,2.415,531975319.000
-1.655,1.438,0.074,-15.438,-65.736,2.406,531975419.000
-1.655,1.433,0.074,-15.441,-65.687,2.416,531975518.000
-1.653,1.434,0.077,-15.447,-65.692,2.407,531975618.000
-1.651,1.433,0.069,-15.468,-65.632,2.389,531975718.000
-1.654,1.432,0.069,-15.448,-65.571,2.399,531975819.000
-1.649,1.432,0.069,-15.420,-65.548,2.400,531975918.000
-1.654,1.434,0.069,-15.405,-65.474,2.409,531976019.000
-1.647,1.425,0.069,-15.430,-65.463,2.392,531976118.000
-1.650,1.429,0.067,-15.407,-65.434,2.392,531976218.000
-1.645,1.426,0.074,-15.436,-65.387,2.411,531976318.000
-1.648,1.428,0.077,-15.401,-65.341,2.402,531976419.000
-1.648,1.425,0.064,-15.430,-65.286,2.365,531976519.000
-1.644,1.430,0.072,-15.372,-65.262,2.385,531976618.000
-1.642,1.426,0.069,-15.366,-65.258,2.386,531976720.000
-1.639,1.425,0.070,-15.388,-65.247,2.367,531976820.000
-1.640,1.427,0.072,-15.358,-65.190,2.405,531976920.000
-1.642,1.421,0.077,-15.411,-65.137,2.396,531977020.000
-1.635,1.422,0.067,-15.360,-65.135,2.388,531977119.000
-1.638,1.421,0.077,-15.341,-65.040,2.370,531977219.000
-1.638,1.423,0.075,-15.326,-65.024,2.379,531977319.000
-1.636,1.422,0.070,-15.333,-65.005,2.361,531977420.000
-1.634,1.418,0.077,-15.328,-64.968,2.362,531977519.000
-1.630,1.421,0.067,-15.298,-64.954,2.372,531977620.000
-1.632,1.417,0.070,-15.349,-64.909,2.372,531977720.000
-1.632,1.419,0.067,-15.320,-64.869,2.354,531977820.000
-1.632,1.419,0.067,-15.292,-64.820,2.355,531977919.000
-1.630,1.415,0.072,-15.301,-64.792,2.355,531978020.000
-1.632,1.411,0.070,-15.338,-64.739,2.355,531978120.000
-1.632,1.419,0.075,-15.293,-64.722,2.355,531978219.000
-1.630,1.413,0.075,-15.303,-64.735,2.347,531978319.000
-1.633,1.416,0.072,-15.266,-64.633,2.347,531978419.000
-1.626,1.412,0.072,-15.261,-64.622,2.349,531978519.000
-1.624,1.409,0.065,-15.296,-64.612,2.349,531978619.000
-1.626,1.412,0.070,-15.247,-64.582,2.349,531978720.000
-1.629,1.414,0.072,-15.267,-64.489,2.340,531978819.000
-1.622,1.410,0.067,-15.275,-64.519,2.341,531978920.000
-1.624,1.408,0.070,-15.255,-64.474,2.350,531979019.000
-1.620,1.413,0.070,-15.197,-64.450,2.342,531979119.000
-1.618,1.415,0.065,-15.189,-64.431,2.306,531979219.000
-1.620,1.411,0.065,-15.225,-64.394,2.333,531979319.000
-1.620,1.416,0.068,-15.154,-64.337,2.297,531979420.000
-1.616,1.406,0.065,-15.241,-64.347,2.344,531979518.000
-1.621,1.408,0.068,-15.213,-64.264,2.325,531979618.000
-1.614,1.402,0.065,-15.223,-64.286,2.317,531979719.000
-1.616,1.405,0.065,-15.200,-64.225,2.317,531979819.000
-1.619,1.404,0.070,-15.194,-64.171,2.354,531979920.000
-1.614,1.402,0.063,-15.222,-64.173,2.318,531980019.000
-1.615,1.407,0.068,-15.179,-64.132,2.309,531980119.000
-1.615,1.409,0.070,-15.163,-64.100,2.319,531980219.000
-1.613,1.400,0.068,-15.202,-64.072,2.301,531980320.000
-1.613,1.400,0.060,-15.229,-64.025,2.329,531980420.000
-1.608,1.403,0.068,-15.200,-64.025,2.311,531980519.000
-1.609,1.403,0.068,-15.159,-64.000,2.311,531980618.000
-1.609,1.400,0.073,-15.188,-63.960,2.330,531980719.000
-1.611,1.399,0.070,-15.169,-63.931,2.284,531980819.000
-1.607,1.404,0.068,-15.137,-63.892,2.304,531980919.000
-1.607,1.404,0.073,-15.137,-63.875,2.331,531981018.000
-1.605,1.400,0.066,-15.146,-63.864,2.304,531981119.000
-1.609,1.397,0.066,-15.134,-63.790,2.268,531981218.000
-1.605,1.400,0.071,-15.119,-63.799,2.277,531981318.000
-1.607,1.393,0.065,-15.184,-63.754,2.296,531981420.000
-1.605,1.400,0.073,-15.105,-63.742,2.306,531981518.000
-1.607,1.398,0.063,-15.126,-63.690,2.259,531981618.000
-1.601,1.397,0.066,-15.091,-63.671,2.298,531981718.000
-1.599,1.393,0.063,-15.114,-63.667,2.270,531981818.000
-1.603,1.398,0.071,-15.043,-63.617,2.289,531981919.000
-1.601,1.392,0.063,-15.122,-63.606,2.280,531982018.000
-1.603,1.388,0.066,-15.131,-63.536,2.280,531982118.000
-1.599,1.390,0.061,-15.115,-63.530,2.262,531982218.000
-1.601,1.394,0.068,-15.066,-63.516,2.262,531982318.000
-1.597,1.392,0.066,-15.080,-63.477,2.282,531982419.000
-1.595,1.390,0.066,-15.073,-63.466,2.264,531982518.000
-1.595,1.385,0.063,-15.090,-63.425,2.274,531982618.000
-1.593,1.392,0.066,-15.051,-63.406,2.283,531982718.000
-1.595,1.388,0.066,-15.074,-63.344,2.283,531982818.000
-1.593,1.386,0.061,-15.054,-63.373,2.265,531982918.000
-1.593,1.389,0.063,-15.080,-63.317,2.275,531983018.000
-1.593,1.384,0.066,-15.083,-63.284,2.284,531983118.000
-1.589,1.386,0.068,-15.054,-63.301,2.267,531983218.000
-1.591,1.385,0.059,-15.034,-63.273,2.248,531983319.000
-1.596,1.385,0.068,-15.035,-63.166,2.276,531983419.000
-1.589,1.386,0.063,-15.040,-63.196,2.267,531983518.000
-1.589,1.384,0.068,-15.055,-63.180,2.286,531983618.000
-1.589,1.386,0.066,-15.040,-63.115,2.268,531983718.000
-1.587,1.385,0.064,-15.005,-63.088,2.278,531983818.000
-1.587,1.382,0.061,-15.021,-63.072,2.241,531983918.000
-1.587,1.382,0.059,-15.020,-63.056,2.269,531984018.000
-1.585,1.381,0.066,-15.001,-63.067,2.251,531984119.000
-1.588,1.379,0.066,-15.036,-63.006,2.260,531984218.000
-1.586,1.378,0.066,-15.002,-62.995,2.270,531984319.000
-1.586,1.381,0.064,-15.000,-62.954,2.252,531984418.000
-1.586,1.378,0.061,-15.001,-62.914,2.271,531984518.000
-1.579,1.379,0.071,-14.980,-62.943,2.235,531984618.000
-1.582,1.383,0.069,-14.944,-62.890,2.235,531984718.000
-1.582,1.378,0.064,-14.988,-62.883,2.244,531984819.000
-1.586,1.381,0.071,-14.945,-62.808,2.281,531984918.000
-1.582,1.378,0.069,-14.987,-62.818,2.273,531985018.000
-1.580,1.374,0.069,-14.969,-62.806,2.246,531985119.000
-1.580,1.374,0.061,-14.982,-62.782,2.273,531985219.000
-1.578,1.378,0.066,-14.946,-62.754,2.246,531985318.000
-1.576,1.374,0.061,-14.940,-62.734,2.247,531985418.000
-1.578,1.378,0.071,-14.932,-62.713,2.247,531985519.000
-1.578,1.375,0.064,-14.947,-62.665,2.238,531985618.000
-1.580,1.371,0.069,-14.970,-62.636,2.266,531985718.000
-1.578,1.375,0.066,-14.933,-62.608,2.266,531985818.000
-1.576,1.371,0.059,-14.955,-62.573,2.239,531985918.000
-1.576,1.374,0.066,-14.941,-62.572,2.221,531986019.000
-1.570,1.373,0.064,-14.947,-62.595,2.231,531986119.000
-1.572,1.371,0.062,-14.900,-62.565,2.213,531986218.000
-1.576,1.374,0.066,-14.913,-62.524,2.249,531986318.000
-1.574,1.372,0.062,-14.906,-62.480,2.204,531986418.000
-1.572,1.374,0.067,-14.899,-62.476,2.195,531986519.000
-1.574,1.370,0.062,-14.922,-62.431,2.195,531986618.000
-1.570,1.367,0.064,-14.922,-62.448,2.214,531986719.000
-1.568,1.376,0.064,-14.869,-62.413,2.233,531986819.000
-1.566,1.370,0.064,-14.907,-62.425,2.196,531986918.000
-1.570,1.370,0.069,-14.894,-62.359,2.224,531987018.000
-1.566,1.370,0.067,-14.879,-62.344,2.225,531987118.000
-1.566,1.370,0.059,-14.893,-62.321,2.197,531987219.000
-1.566,1.372,0.059,-14.864,-62.345,2.206,531987318.000
-1.566,1.375,0.067,-14.807,-62.271,2.216,531987418.000
-1.564,1.366,0.064,-14.902,-62.292,2.198,531987518.000
-1.568,1.366,0.069,-14.861,-62.226,2.226,531987619.000
-1.562,1.364,0.064,-14.895,-62.232,2.208,531987718.000
-1.564,1.368,0.062,-14.831,-62.179,2.208,531987818.000
-1.569,1.363,0.059,-14.861,-62.138,2.217,531987918.000
-1.564,1.365,0.064,-14.874,-62.147,2.199,531988019.000
-1.562,1.362,0.069,-14.855,-62.118,2.200,531988118.000
-1.564,1.363,0.062,-14.848,-62.106,2.191,531988219.000
-1.558,1.362,0.062,-14.840,-62.120,2.201,531988318.000
-1.564,1.363,0.059,-14.834,-62.066,2.191,531988418.000
-1.558,1.364,0.057,-14.811,-62.063,2.183,531988518.000
-1.558,1.359,0.062,-14.869,-62.047,2.192,531988618.000
-1.558,1.359,0.067,-14.842,-62.030,2.192,531988718.000
-1.563,1.359,0.062,-14.842,-61.973,2.192,531988818.000
-1.563,1.359,0.059,-14.828,-61.933,2.193,531988918.000
-1.559,1.356,0.064,-14.829,-61.917,2.212,531989019.000
-1.563,1.361,0.062,-14.813,-61.900,2.202,531989118.000
-1.556,1.357,0.064,-14.808,-61.905,2.203,531989218.000
-1.559,1.359,0.069,-14.801,-61.876,2.194,531989318.000
-1.556,1.357,0.062,-14.794,-61.865,2.204,531989418.000
-1.559,1.359,0.064,-14.787,-61.868,2.194,531989518.000
-1.554,1.359,0.064,-14.786,-61.845,2.195,531989618.000
-1.557,1.362,0.060,-14.749,-61.776,2.195,531989719.000
-1.552,1.357,0.060,-14.793,-61.826,2.177,531989818.000
-1.555,1.356,0.062,-14.787,-61.756,2.187,531989918.000
-1.555,1.356,0.062,-14.788,-61.756,2.159,531990019.000
-1.550,1.353,0.062,-14.816,-61.758,2.178,531990118.000
-1.550,1.356,0.062,-14.759,-61.733,2.188,531990219.000
-1.551,1.356,0.065,-14.732,-61.700,2.188,531990319.000
-1.553,1.355,0.065,-14.767,-61.639,2.197,531990419.000
-1.553,1.355,0.065,-14.781,-61.664,2.197,531990518.000
-1.551,1.351,0.065,-14.762,-61.652,2.170,531990618.000
-1.549,1.352,0.065,-14.754,-61.616,2.162,531990718.000
-1.546,1.353,0.057,-14.773,-61.630,2.180,531990818.000
-1.549,1.349,0.060,-14.755,-61.608,2.180,531990918.000
-1.549,1.352,0.062,-14.754,-61.552,2.190,531991018.000
-1.547,1.351,0.065,-14.775,-61.556,2.199,531991119.000
-1.544,1.352,0.062,-14.739,-61.553,2.190,531991218.000
-1.547,1.350,0.067,-14.720,-61.523,2.172,531991319.000
-1.547,1.350,0.067,-14.734,-61.499,2.172,531991418.000
-1.551,1.350,0.067,-14.707,-61.425,2.172,531991519.000
-1.545,1.349,0.067,-14.741,-61.463,2.182,531991618.000
-1.547,1.345,0.060,-14.750,-61.427,2.154,531991718.000
-1.545,1.349,0.057,-14.699,-61.423,2.155,531991818.000
-1.545,1.349,0.065,-14.699,-61.374,2.183,531991918.000
-1.543,1.353,0.065,-14.676,-61.387,2.183,531992018.000
-1.545,1.349,0.062,-14.700,-61.358,2.156,531992119.000
-1.545,1.349,0.062,-14.699,-61.358,2.183,531992219.000
-1.541,1.352,0.065,-14.643,-61.326,2.166,531992318.000
-1.539,1.348,0.060,-14.706,-61.332,2.193,531992418.000
-1.539,1.348,0.070,-14.707,-61.299,2.166,531992518.000
-1.539,1.348,0.060,-14.678,-61.283,2.166,531992619.000
-1.539,1.342,0.060,-14.722,-61.259,2.176,531992718.000
-1.539,1.340,0.065,-14.738,-61.242,2.167,531992819.000
-1.537,1.344,0.067,-14.701,-61.198,2.168,531992918.000
-1.541,1.344,0.060,-14.688,-61.197,2.167,531993018.000
-1.535,1.342,0.062,-14.681,-61.227,2.149,531993118.000
-1.537,1.346,0.060,-14.658,-61.150,2.150,531993218.000
-1.539,1.345,0.060,-14.680,-61.162,2.158,531993319.000
-1.537,1.343,0.063,-14.646,-61.117,2.141,531993418.000
-1.537,1.349,0.070,-14.644,-61.117,2.159,531993518.000
-1.537,1.346,0.063,-14.617,-61.093,2.150,531993619.000
-1.537,1.343,0.065,-14.646,-61.085,2.141,531993719.000
-1.535,1.347,0.060,-14.595,-61.065,2.142,531993818.000
-1.535,1.340,0.060,-14.654,-61.041,2.142,531993918.000
-1.535,1.345,0.068,-14.624,-61.040,2.160,531994018.000
-1.531,1.340,0.065,-14.654,-61.050,2.143,531994118.000
-1.535,1.345,0.068,-14.597,-60.992,2.161,531994219.000
-1.531,1.340,0.060,-14.640,-60.994,2.143,531994319.000
-1.535,1.342,0.055,-14.612,-60.960,2.124,531994420.000
-1.531,1.337,0.058,-14.627,-60.929,2.162,531994519.000
-1.536,1.339,0.060,-14.654,-60.896,2.143,531994619.000
-1.536,1.342,0.063,-14.584,-60.862,2.153,531994719.000
-1.531,1.342,0.060,-14.597,-60.896,2.126,531994819.000
-1.529,1.338,0.065,-14.620,-60.892,2.154,531994920.000
-1.534,1.338,0.063,-14.593,-60.851,2.126,531995020.000
-1.527,1.337,0.058,-14.599,-60.857,2.136,531995120.000
-1.531,1.342,0.065,-14.597,-60.831,2.154,531995219.000
-1.527,1.337,0.058,-14.599,-60.809,2.136,531995320.000
-1.525,1.338,0.063,-14.606,-60.829,2.127,531995420.000
-1.529,1.338,0.065,-14.579,-60.771,2.127,531995519.000
-1.529,1.340,0.060,-14.549,-60.763,2.137,531995619.000
-1.532,1.334,0.068,-14.602,-60.726,2.155,531995719.000
-1.527,1.337,0.055,-14.585,-60.720,2.137,531995820.000
-1.528,1.337,0.065,-14.572,-60.711,2.137,531995919.000
-1.525,1.335,0.060,-14.552,-60.691,2.120,531996019.000
-1.525,1.338,0.060,-14.550,-60.716,2.129,531996119.000
-1.525,1.330,0.060,-14.596,-60.667,2.129,531996219.000
-1.526,1.333,0.063,-14.594,-60.659,2.138,531996320.000
-1.521,1.335,0.065,-14.537,-60.627,2.149,531996419.000
-1.523,1.331,0.060,-14.560,-60.631,2.121,531996519.000
-1.528,1.331,0.058,-14.574,-60.566,2.120,531996620.000
-1.524,1.329,0.060,-14.561,-60.558,2.140,531996719.000
-1.524,1.339,0.065,-14.515,-60.566,2.121,531996820.000
-1.524,1.331,0.063,-14.546,-60.526,2.149,531996919.000
-1.522,1.327,0.058,-14.569,-60.555,2.122,531997019.000
-1.522,1.335,0.063,-14.538,-60.514,2.094,531997120.000
-1.522,1.330,0.060,-14.568,-60.498,2.104,531997220.000
-1.520,1.334,0.068,-14.517,-60.510,2.132,531997320.000
-1.522,1.335,0.063,-14.482,-60.465,2.123,531997420.000
-1.522,1.330,0.060,-14.526,-60.425,2.132,531997519.000
-1.515,1.329,0.058,-14.519,-60.471,2.114,531997619.000
-1.518,1.330,0.063,-14.539,-60.442,2.133,531997719.000
-1.520,1.331,0.065,-14.505,-60.397,2.124,531997819.000
-1.518,1.325,0.065,-14.542,-60.410,2.115,531997919.000
-1.518,1.327,0.065,-14.513,-60.385,2.124,531998019.000
-1.516,1.331,0.063,-14.491,-60.382,2.097,531998119.000
-1.518,1.327,0.058,-14.499,-60.313,2.097,531998219.000
-1.520,1.333,0.058,-14.475,-60.325,2.106,531998320.000
-1.516,1.328,0.066,-14.506,-60.301,2.116,531998420.000
-1.518,1.332,0.063,-14.469,-60.296,2.088,531998519.000
-1.518,1.327,0.058,-14.513,-60.289,2.097,531998620.000
-1.516,1.328,0.058,-14.505,-60.253,2.116,531998720.000
-1.516,1.328,0.063,-14.491,-60.261,2.116,531998819.000
-1.518,1.329,0.063,-14.457,-60.199,2.107,531998919.000
-1.512,1.328,0.061,-14.477,-60.246,2.117,531999019.000
-1.512,1.326,0.066,-14.493,-60.229,2.108,531999120.000
-1.510,1.324,0.063,-14.500,-60.226,2.090,531999220.000
-1.512,1.326,0.063,-14.479,-60.189,2.109,531999320.000
-1.516,1.326,0.063,-14.479,-60.163,2.108,531999419.000
-1.510,1.327,0.063,-14.484,-60.177,2.127,531999520.000
-1.510,1.319,0.058,-14.502,-60.145,2.100,531999619.000
-1.510,1.324,0.066,-14.500,-60.145,2.091,531999720.000
-1.510,1.327,0.061,-14.457,-60.113,2.100,531999820.000
-1.512,1.318,0.063,-14.496,-60.092,2.110,531999919.000
-1.510,1.329,0.061,-14.414,-60.064,2.110,532000019.000
-1.512,1.326,0.063,-14.465,-60.067,2.110,532000120.000
-1.512,1.325,0.063,-14.451,-60.043,2.082,532000219.000
-1.512,1.325,0.058,-14.451,-60.011,2.082,532000320.000
-1.506,1.322,0.058,-14.473,-60.049,2.083,532000420.000
-1.512,1.323,0.053,-14.452,-60.003,2.073,532000520.000
-1.508,1.320,0.058,-14.467,-60.012,2.092,532000619.000
-1.506,1.324,0.061,-14.430,-59.968,2.093,532000720.000
-1.506,1.322,0.063,-14.459,-60.008,2.084,532000820.000
-1.506,1.321,0.056,-14.431,-59.960,2.084,532000920.000
-1.502,1.321,0.066,-14.431,-59.952,2.085,532001019.000
-1.508,1.320,0.061,-14.425,-59.906,2.094,532001119.000
-1.506,1.319,0.063,-14.446,-59.911,2.103,532001220.000
-1.504,1.318,0.058,-14.481,-59.892,2.085,532001320.000
-1.504,1.315,0.056,-14.468,-59.876,2.104,532001419.000
-1.506,1.319,0.053,-14.432,-59.871,2.076,532001520.000
-1.504,1.320,0.061,-14.397,-59.835,2.123,532001619.000
-1.504,1.323,0.059,-14.368,-59.843,2.077,532001720.000
-1.504,1.317,0.056,-14.426,-59.827,2.086,532001820.000
-1.504,1.320,0.056,-14.397,-59.803,2.068,532001919.000
-1.504,1.317,0.056,-14.453,-59.779,2.086,532002020.000
-1.504,1.315,0.058,-14.455,-59.770,2.077,532002120.000
-1.500,1.320,0.054,-14.369,-59.763,2.069,532002220.000
-1.502,1.316,0.056,-14.419,-59.719,2.096,532002320.000
-1.504,1.315,0.056,-14.427,-59.706,2.078,532002420.000
-1.502,1.321,0.056,-14.361,-59.718,2.087,532002520.000
-1.502,1.319,0.059,-14.391,-59.710,2.078,532002620.000
-1.500,1.315,0.059,-14.400,-59.698,2.051,532002719.000
-1.500,1.320,0.061,-14.383,-59.690,2.097,532002820.000
-1.500,1.315,0.054,-14.412,-59.642,2.079,532002919.000
-1.500,1.317,0.056,-14.411,-59.634,2.088,532003020.000
-1.500,1.317,0.061,-14.384,-59.617,2.088,532003120.000
-1.498,1.316,0.059,-14.378,-59.638,2.070,532003219.000
-1.498,1.313,0.059,-14.393,-59.638,2.061,532003320.000
-1.496,1.312,0.064,-14.414,-59.610,2.071,532003419.000
-1.498,1.316,0.059,-14.378,-59.590,2.071,532003520.000
-1.498,1.313,0.064,-14.365,-59.573,2.089,532003619.000
-1.499,1.311,0.059,-14.408,-59.541,2.080,532003719.000
-1.499,1.311,0.056,-14.394,-59.549,2.080,532003820.000
-1.494,1.313,0.054,-14.378,-59.559,2.090,532003920.000
-1.494,1.313,0.061,-14.379,-59.510,2.063,532004020.000
-1.494,1.318,0.056,-14.334,-59.502,2.081,532004120.000
-1.494,1.311,0.061,-14.352,-59.485,2.054,532004220.000
-1.494,1.311,0.056,-14.393,-59.478,2.081,532004319.000
-1.497,1.317,0.059,-14.328,-59.432,2.063,532004419.000
-1.492,1.314,0.054,-14.343,-59.474,2.054,532004520.000
-1.495,1.311,0.064,-14.380,-59.453,2.054,532004620.000
-1.495,1.308,0.054,-14.380,-59.413,2.073,532004720.000
-1.495,1.316,0.059,-14.308,-59.396,2.073,532004820.000
-1.495,1.313,0.064,-14.323,-59.380,2.092,532004918.000
-1.499,1.316,0.061,-14.336,-59.338,2.073,532005019.000
-1.492,1.309,0.051,-14.331,-59.385,2.065,532005120.000
-1.495,1.310,0.056,-14.352,-59.356,2.055,532005219.000
-1.490,1.310,0.056,-14.338,-59.357,2.056,532005320.000
-1.488,1.309,0.054,-14.344,-59.354,2.065,532005418.000
-1.488,1.307,0.054,-14.346,-59.330,2.056,532005519.000
-1.491,1.308,0.054,-14.339,-59.317,2.047,532005618.000
-1.488,1.309,0.059,-14.303,-59.313,2.066,532005719.000
-1.493,1.306,0.061,-14.347,-59.255,2.057,532005819.000
-1.491,1.308,0.056,-14.325,-59.260,2.075,532005919.000
-1.489,1.306,0.054,-14.346,-59.281,2.029,532006020.000
-1.491,1.308,0.056,-14.284,-59.235,2.048,532006120.000
-1.486,1.310,0.054,-14.309,-59.269,2.057,532006219.000
-1.489,1.306,0.056,-14.319,-59.248,2.057,532006320.000
-1.489,1.309,0.059,-14.303,-59.216,2.067,532006418.000
-1.491,1.305,0.054,-14.354,-59.171,2.039,532006519.000
-1.489,1.306,0.056,-14.332,-59.176,2.058,532006618.000
-1.489,1.306,0.061,-14.277,-59.159,2.058,532006719.000
-1.487,1.308,0.059,-14.297,-59.156,2.077,532006819.000
-1.487,1.302,0.057,-14.314,-59.164,2.031,532006918.000
-1.487,1.310,0.061,-14.227,-59.122,2.059,532007018.000
-1.485,1.306,0.057,-14.263,-59.128,2.059,532007118.000
-1.487,1.308,0.059,-14.297,-59.107,2.077,532007218.000
-1.485,1.306,0.052,-14.262,-59.096,2.060,532007319.000
-1.487,1.302,0.056,-14.286,-59.115,2.059,532007418.000
-1.489,1.306,0.054,-14.277,-59.062,2.032,532007518.000
-1.491,1.305,0.056,-14.285,-59.017,2.041,532007618.000
-1.485,1.301,0.057,-14.321,-59.031,2.042,532007719.000
-1.485,1.304,0.054,-14.291,-59.039,2.051,532007819.000
-1.483,1.300,0.054,-14.300,-59.028,2.051,532007918.000
-1.487,1.305,0.054,-14.284,-58.978,2.042,532008019.000
-1.483,1.305,0.059,-14.271,-59.011,2.015,532008119.000
-1.483,1.307,0.057,-14.241,-58.970,2.024,532008219.000
-1.485,1.301,0.066,-14.266,-58.949,2.043,532008318.000
-1.485,1.303,0.059,-14.250,-58.949,2.052,532008419.000
-1.479,1.302,0.057,-14.271,-58.996,2.062,532008518.000
-1.483,1.297,0.057,-14.302,-58.922,2.043,532008618.000
-1.481,1.306,0.057,-14.248,-58.935,2.034,532008718.000
-1.479,1.297,0.057,-14.302,-58.947,2.016,532008818.000
-1.479,1.302,0.062,-14.243,-58.931,2.062,532008918.000
-1.481,1.298,0.057,-14.280,-58.910,2.034,532009019.000
-1.481,1.303,0.062,-14.250,-58.894,2.025,532009119.000
-1.477,1.298,0.052,-14.252,-58.904,2.008,532009218.000
-1.481,1.296,0.054,-14.309,-58.870,2.025,532009318.000
-1.486,1.298,0.062,-14.253,-58.819,2.035,532009418.000
-1.477,1.301,0.054,-14.250,-58.847,2.045,532009518.000
-1.481,1.301,0.054,-14.251,-58.822,2.044,532009618.000
-1.477,1.298,0.049,-14.279,-58.839,2.008,532009719.000
-1.481,1.298,0.059,-14.253,-58.781,2.036,532009818.000
-1.479,1.299,0.054,-14.244,-58.810,2.026,532009919.000
-1.477,1.298,0.057,-14.252,-58.838,2.008,532010018.000
-1.479,1.299,0.057,-14.217,-58.777,2.027,532010119.000
-1.479,1.302,0.059,-14.202,-58.744,2.036,532010219.000
-1.477,1.301,0.057,-14.209,-58.741,2.046,532010318.000
-1.484,1.297,0.054,-14.219,-58.711,2.018,532010419.000
-1.477,1.298,0.054,-14.238,-58.750,2.037,532010519.000
-1.475,1.297,0.062,-14.232,-58.737,2.046,532010619.000
-1.473,1.301,0.054,-14.236,-58.751,2.019,532010719.000
-1.477,1.295,0.062,-14.212,-58.676,2.028,532010819.000
-1.473,1.298,0.059,-14.210,-58.710,2.038,532010919.000
-1.473,1.303,0.057,-14.166,-58.669,2.029,532011018.000
-1.473,1.301,0.062,-14.195,-58.677,2.020,532011118.000
-1.475,1.297,0.052,-14.217,-58.649,2.019,532011218.000
-1.475,1.297,0.057,-14.217,-58.681,2.047,532011318.000
-1.471,1.294,0.052,-14.246,-58.650,1.983,532011418.000
-1.473,1.295,0.054,-14.198,-58.629,2.002,532011518.000
-1.475,1.297,0.062,-14.177,-58.591,2.020,532011619.000
-1.473,1.293,0.054,-14.240,-58.629,2.020,532011719.000
-1.476,1.297,0.059,-14.190,-58.551,2.021,532011819.000
-1.471,1.291,0.064,-14.220,-58.560,2.030,532011919.000
-1.471,1.294,0.059,-14.205,-58.577,2.012,532012019.000
-1.469,1.293,0.052,-14.212,-58.590,2.021,532012119.000
-1.471,1.299,0.059,-14.161,-58.552,2.030,532012219.000
-1.469,1.293,0.054,-14.184,-58.557,2.022,532012320.000
-1.474,1.293,0.062,-14.172,-58.507,2.022,532012419.000
-1.471,1.294,0.059,-14.191,-58.504,2.012,532012520.000
-1.469,1.293,0.057,-14.226,-58.501,1.994,532012619.000
-1.469,1.290,0.054,-14.200,-58.509,2.013,532012719.000
-1.471,1.289,0.062,-14.180,-58.495,2.022,532012820.000
-1.469,1.292,0.057,-14.185,-58.476,1.995,532012919.000
-1.469,1.290,0.057,-14.200,-58.476,2.013,532013020.000
-1.465,1.295,0.057,-14.141,-58.501,2.005,532013120.000
-1.469,1.295,0.057,-14.142,-58.427,2.004,532013219.000
-1.469,1.293,0.057,-14.171,-58.452,2.023,532013319.000
-1.467,1.291,0.055,-14.178,-58.400,2.005,532013420.000
-1.467,1.291,0.055,-14.178,-58.449,2.005,532013519.000
-1.470,1.290,0.059,-14.172,-58.395,2.014,532013619.000
-1.465,1.287,0.055,-14.200,-58.413,2.005,532013719.000
-1.470,1.290,0.062,-14.159,-58.386,2.014,532013819.000
-1.463,1.289,0.052,-14.179,-58.385,1.997,532013919.000
-1.465,1.290,0.055,-14.157,-58.364,2.015,532014019.000
-1.465,1.292,0.060,-14.129,-58.372,2.024,532014119.000
-1.465,1.287,0.062,-14.201,-58.364,2.006,532014220.000
-1.468,1.286,0.057,-14.181,-58.319,2.015,532014320.000
-1.465,1.292,0.055,-14.142,-58.316,1.997,532014419.000
-1.468,1.291,0.059,-14.150,-58.286,2.034,532014520.000
-1.461,1.287,0.052,-14.145,-58.325,1.979,532014619.000
-1.466,1.287,0.057,-14.173,-58.283,2.006,532014719.000
-1.461,1.290,0.060,-14.143,-58.300,2.016,532014819.000
-1.461,1.292,0.062,-14.101,-58.267,1.998,532014920.000
-1.461,1.292,0.057,-14.142,-58.260,1.998,532015020.000
-1.463,1.286,0.060,-14.180,-58.263,2.016,532015120.000
-1.466,1.287,0.055,-14.186,-58.243,2.007,532015220.000
-1.464,1.286,0.055,-14.152,-58.231,2.017,532015320.000
-1.466,1.290,0.057,-14.171,-58.210,2.016,532015420.000
-1.461,1.287,0.057,-14.117,-58.211,2.008,532015520.000
-1.461,1.284,0.057,-14.146,-58.235,1.999,532015619.000
-1.461,1.290,0.052,-14.143,-58.204,1.989,532015720.000
-1.461,1.287,0.055,-14.144,-58.195,2.008,532015819.000
-1.462,1.282,0.052,-14.175,-58.179,1.990,532015920.000
-1.459,1.286,0.050,-14.152,-58.176,1.990,532016020.000
-1.462,1.282,0.052,-14.147,-58.131,1.990,532016120.000
-1.457,1.282,0.055,-14.161,-58.148,1.991,532016220.000
-1.457,1.284,0.057,-14.146,-58.164,1.972,532016319.000
-1.462,1.279,0.050,-14.148,-58.090,1.981,532016420.000
-1.459,1.288,0.050,-14.109,-58.127,2.000,532016519.000
-1.460,1.286,0.055,-14.111,-58.086,1.963,532016620.000
-1.460,1.283,0.057,-14.098,-58.053,1.982,532016719.000
-1.457,1.287,0.055,-14.103,-58.099,1.982,532016820.000
-1.457,1.287,0.055,-14.103,-58.099,1.982,532016919.000
-1.455,1.283,0.052,-14.111,-58.071,1.983,532017019.000
-1.458,1.282,0.052,-14.133,-58.035,1.992,532017120.000
-1.460,1.286,0.052,-14.124,-58.046,1.991,532017219.000
-1.458,1.287,0.052,-14.102,-58.035,1.982,532017320.000
-1.453,1.282,0.052,-14.118,-58.036,1.992,532017419.000
-1.455,1.280,0.047,-14.154,-58.040,1.973,532017519.000
-1.456,1.278,0.052,-14.128,-57.998,1.965,532017620.000
-1.456,1.278,0.047,-14.155,-58.015,1.965,532017720.000
-1.456,1.283,0.052,-14.097,-57.999,1.983,532017820.000
-1.456,1.280,0.057,-14.099,-57.958,1.975,532017920.000
-1.456,1.283,0.052,-14.111,-57.974,1.983,532018020.000
-1.451,1.283,0.052,-14.110,-57.951,1.984,532018120.000
-1.458,1.282,0.057,-14.105,-57.921,1.993,532018219.000
-1.456,1.283,0.055,-14.097,-57.917,1.984,532018320.000
-1.458,1.282,0.052,-14.119,-57.913,1.993,532018420.000
-1.456,1.283,0.055,-14.070,-57.917,1.984,532018519.000
-1.456,1.280,0.057,-14.126,-57.909,2.002,532018620.000
-1.454,1.279,0.055,-14.106,-57.906,1.985,532018719.000
-1.454,1.282,0.055,-14.091,-57.906,1.994,532018820.000
-1.454,1.282,0.055,-14.105,-57.882,1.994,532018920.000
-1.449,1.284,0.053,-14.062,-57.891,1.948,532019020.000
-1.452,1.280,0.062,-14.112,-57.845,2.004,532019120.000
-1.454,1.279,0.057,-14.092,-57.849,1.985,532019220.000
-1.452,1.283,0.055,-14.069,-57.846,1.985,532019320.000
-1.450,1.281,0.055,-14.104,-57.859,1.967,532019420.000
-1.454,1.281,0.052,-14.105,-57.817,1.967,532019520.000
-1.454,1.276,0.052,-14.107,-57.769,1.977,532019620.000
-1.456,1.278,0.052,-14.113,-57.780,1.994,532019720.000
-1.450,1.276,0.060,-14.093,-57.817,1.977,532019820.000
-1.454,1.281,0.057,-14.064,-57.776,1.967,532019920.000
-1.448,1.283,0.062,-14.055,-57.798,1.987,532020020.000
-1.452,1.283,0.055,-14.028,-57.772,1.959,532020120.000
-1.450,1.276,0.055,-14.107,-57.761,1.950,532020220.000
-1.450,1.281,0.060,-14.063,-57.769,1.968,532020320.000
-1.454,1.276,0.053,-14.080,-57.720,1.949,532020420.000
-1.450,1.279,0.057,-14.050,-57.704,1.987,532020520.000
-1.450,1.281,0.055,-14.035,-57.737,1.968,532020620.000
-1.448,1.280,0.055,-14.042,-57.701,1.978,532020719.000
-1.450,1.274,0.053,-14.080,-57.721,1.969,532020820.000
-1.448,1.277,0.050,-14.071,-57.693,1.969,532020919.000
-1.450,1.276,0.053,-14.051,-57.696,1.978,532021020.000
-1.450,1.279,0.053,-14.050,-57.672,1.960,532021120.000
-1.446,1.274,0.053,-14.080,-57.698,1.969,532021219.000
-1.450,1.276,0.050,-14.079,-57.632,1.951,532021319.000
-1.448,1.277,0.055,-14.058,-57.652,1.970,532021420.000
-1.448,1.277,0.057,-14.071,-57.644,1.997,532021519.000
-1.446,1.279,0.050,-14.049,-57.633,1.961,532021620.000
-1.448,1.277,0.058,-14.058,-57.620,1.970,532021720.000
-1.446,1.276,0.058,-14.065,-57.633,1.979,532021819.000
-1.448,1.277,0.058,-14.044,-57.595,1.970,532021920.000
-1.446,1.276,0.058,-14.024,-57.608,1.980,532022020.000
-1.450,1.276,0.057,-14.079,-57.583,1.979,532022120.000
-1.446,1.273,0.060,-14.067,-57.576,1.971,532022220.000
-1.444,1.275,0.055,-14.058,-57.605,1.961,532022320.000
-1.448,1.275,0.053,-14.059,-57.564,1.961,532022420.000
-1.446,1.273,0.048,-14.052,-57.569,1.943,532022520.000
-1.448,1.275,0.055,-14.045,-57.507,1.962,532022620.000
-1.442,1.273,0.058,-14.052,-57.561,1.971,532022720.000
-1.448,1.277,0.063,-14.017,-57.530,1.971,532022820.000
-1.442,1.276,0.055,-14.037,-57.545,1.953,532022920.000
-1.444,1.272,0.058,-14.046,-57.524,1.953,532023019.000
-1.444,1.269,0.055,-14.047,-57.483,1.972,532023120.000
-1.446,1.278,0.060,-13.981,-57.478,1.963,532023220.000
-1.444,1.277,0.060,-13.975,-57.466,1.945,532023320.000
-1.446,1.276,0.055,-13.996,-57.446,1.954,532023420.000
-1.442,1.276,0.050,-14.009,-57.464,1.954,532023519.000
-1.444,1.272,0.048,-14.073,-57.460,1.981,532023620.000
-1.442,1.273,0.053,-14.038,-57.456,1.972,532023720.000
-1.442,1.276,0.053,-13.981,-57.431,1.954,532023820.000
-1.442,1.273,0.050,-14.024,-57.416,1.945,532023920.000
-1.442,1.271,0.060,-14.053,-57.407,1.964,532024020.000
-1.442,1.278,0.055,-13.993,-57.399,1.991,532024119.000
-1.438,1.276,0.053,-13.981,-57.408,1.955,532024219.000
-1.440,1.277,0.048,-14.001,-57.412,1.945,532024320.000
-1.440,1.274,0.053,-14.016,-57.396,1.936,532024420.000
-1.442,1.273,0.048,-14.010,-57.375,1.946,532024519.000
-1.438,1.268,0.053,-14.040,-57.384,1.955,532024620.000
-1.445,1.269,0.055,-14.047,-57.338,1.945,532024719.000
-1.442,1.270,0.050,-13.998,-57.342,1.937,532024819.000
-1.440,1.274,0.058,-13.961,-57.330,1.965,532024920.000
-1.442,1.271,0.053,-13.998,-57.310,1.965,532025020.000
-1.436,1.272,0.058,-14.003,-57.356,1.984,532025120.000
-1.440,1.274,0.058,-13.947,-57.306,1.965,532025220.000
-1.442,1.273,0.055,-13.983,-57.326,1.946,532025320.000
-1.440,1.269,0.053,-13.991,-57.298,1.947,532025419.000
-1.440,1.272,0.060,-14.004,-57.298,1.956,532025520.000
