0.055,-0.093,-0.135,2.530,1.905,0.472,532263523.000
0.059,-0.096,-0.129,2.529,1.921,0.464,532263623.000
0.057,-0.094,-0.130,2.481,1.885,0.481,532263724.000
0.059,-0.098,-0.127,2.458,1.953,0.482,532263823.000
0.057,-0.095,-0.132,2.509,1.901,0.482,532263924.000
0.057,-0.095,-0.129,2.522,1.909,0.454,532264023.000
0.055,-0.093,-0.125,2.570,1.915,0.473,532264123.000
0.055,-0.093,-0.130,2.516,1.946,0.473,532264223.000
0.055,-0.093,-0.130,2.529,1.922,0.473,532264323.000
0.055,-0.096,-0.130,2.528,1.946,0.464,532264424.000
0.057,-0.095,-0.130,2.536,1.934,0.482,532264523.000
0.055,-0.101,-0.137,2.498,1.946,0.473,532264623.000
0.059,-0.096,-0.134,2.543,1.929,0.464,532264724.000
0.057,-0.097,-0.132,2.549,1.950,0.473,532264824.000
0.059,-0.098,-0.135,2.514,1.904,0.482,532264924.000
0.059,-0.096,-0.134,2.543,1.929,0.464,532265024.000
0.057,-0.092,-0.137,2.538,1.909,0.463,532265124.000
0.059,-0.093,-0.127,2.544,1.905,0.473,532265224.000
0.055,-0.096,-0.132,2.514,1.938,0.463,532265323.000
0.052,-0.095,-0.130,2.521,1.935,0.454,532265423.000
0.059,-0.093,-0.127,2.516,1.905,0.473,532265524.000
0.057,-0.095,-0.135,2.509,1.917,0.482,532265624.000
0.059,-0.096,-0.132,2.515,1.912,0.464,532265723.000
0.055,-0.091,-0.125,2.572,1.939,0.482,532265824.000
0.055,-0.098,-0.130,2.513,1.946,0.482,532265923.000
0.057,-0.095,-0.137,2.509,1.933,0.454,532266023.000
0.055,-0.093,-0.130,2.543,1.946,0.473,532266123.000
0.055,-0.096,-0.137,2.515,1.970,0.491,532266223.000
0.052,-0.092,-0.130,2.551,1.959,0.491,532266324.000
0.057,-0.095,-0.132,2.550,1.925,0.482,532266423.000
0.052,-0.095,-0.125,2.549,1.952,0.482,532266523.000
0.059,-0.093,-0.127,2.557,1.929,0.473,532266623.000
0.059,-0.093,-0.127,2.544,1.905,0.473,532266724.000
0.057,-0.100,-0.130,2.478,1.933,0.464,532266823.000
0.055,-0.098,-0.127,2.513,1.930,0.482,532266924.000
0.059,-0.096,-0.139,2.502,1.936,0.464,532267024.000
0.055,-0.096,-0.135,2.543,1.954,0.491,532267123.000
0.055,-0.093,-0.130,2.544,1.946,0.500,532267223.000
0.055,-0.096,-0.132,2.514,1.938,0.463,532267323.000
0.057,-0.097,-0.127,2.534,1.942,0.473,532267424.000
0.059,-0.099,-0.132,2.513,1.888,0.455,532267523.000
0.057,-0.097,-0.127,2.534,1.942,0.473,532267624.000
0.055,-0.096,-0.134,2.542,1.954,0.464,532267723.000
0.055,-0.096,-0.132,2.542,1.938,0.464,532267823.000
0.052,-0.092,-0.127,2.564,1.967,0.491,532267923.000
0.057,-0.097,-0.130,2.535,1.909,0.501,532268023.000
0.055,-0.093,-0.129,2.598,1.947,0.473,532268123.000
0.057,-0.097,-0.132,2.562,1.926,0.473,532268223.000
0.055,-0.093,-0.130,2.543,1.946,0.473,532268323.000
0.057,-0.095,-0.130,2.550,1.909,0.482,532268423.000
0.052,-0.095,-0.134,2.563,1.943,0.454,532268523.000
0.057,-0.092,-0.132,2.579,1.950,0.464,532268623.000
0.055,-0.096,-0.134,2.556,1.930,0.464,532268724.000
0.057,-0.100,-0.134,2.547,1.942,0.437,532268824.000
0.057,-0.092,-0.139,2.566,1.925,0.464,532268923.000
0.057,-0.100,-0.132,2.520,1.925,0.492,532269023.000
0.061,-0.092,-0.130,2.552,1.908,0.492,532269123.000
0.057,-0.097,-0.132,2.521,1.949,0.473,532269224.000
0.059,-0.099,-0.134,2.527,1.929,0.455,532269323.000
0.057,-0.092,-0.129,2.551,1.934,0.464,532269424.000
0.057,-0.092,-0.129,2.551,1.934,0.464,532269523.000
0.055,-0.096,-0.134,2.528,1.930,0.463,532269623.000
0.057,-0.095,-0.129,2.550,1.910,0.455,532269724.000
0.052,-0.097,-0.135,2.507,1.918,0.472,532269823.000
0.052,-0.095,-0.130,2.536,1.959,0.482,532269924.000
0.057,-0.097,-0.137,2.494,1.933,0.473,532270024.000
0.059,-0.093,-0.134,2.530,1.928,0.473,532270123.000
0.055,-0.093,-0.132,2.530,1.938,0.473,532270223.000
0.055,-0.101,-0.132,2.470,1.913,0.472,532270324.000
0.052,-0.097,-0.135,2.466,1.942,0.472,532270424.000
0.055,-0.093,-0.132,2.502,1.938,0.472,532270523.000
0.061,-0.095,-0.130,2.495,1.932,0.483,532270623.000
0.057,-0.089,-0.134,2.511,1.917,0.445,532270723.000
0.052,-0.092,-0.132,2.482,1.950,0.463,532270823.000
0.055,-0.093,-0.132,2.475,1.937,0.472,532270923.000
0.057,-0.094,-0.132,2.440,1.924,0.481,532271023.000
0.057,-0.089,-0.127,2.497,1.941,0.472,532271124.000
0.055,-0.091,-0.127,2.448,1.929,0.481,532271224.000
0.055,-0.091,-0.132,2.448,1.913,0.453,532271323.000
0.055,-0.091,-0.135,2.421,1.928,0.453,532271423.000
0.059,-0.088,-0.130,2.436,1.920,0.463,532271523.000
0.055,-0.091,-0.130,2.407,1.921,0.481,532271623.000
0.057,-0.089,-0.132,2.428,1.900,0.444,532271723.000
0.059,-0.096,-0.132,2.349,1.911,0.462,532271823.000
0.055,-0.091,-0.132,2.352,1.936,0.453,532271924.000
0.061,-0.089,-0.130,2.373,1.906,0.444,532272024.000
0.057,-0.089,-0.127,2.359,1.891,0.471,532272124.000
0.053,-0.089,-0.135,2.359,1.916,0.443,532272223.000
0.057,-0.089,-0.127,2.345,1.916,0.443,532272324.000
0.059,-0.085,-0.132,2.341,1.886,0.471,532272424.000
0.053,-0.084,-0.127,2.361,1.917,0.433,532272524.000
0.055,-0.083,-0.127,2.383,1.880,0.452,532272623.000
0.055,-0.088,-0.132,2.325,1.911,0.461,532272723.000
0.055,-0.088,-0.132,2.325,1.911,0.461,532272824.000
0.059,-0.088,-0.122,2.311,1.895,0.462,532272924.000
0.057,-0.087,-0.132,2.306,1.898,0.452,532273024.000
0.053,-0.089,-0.132,2.318,1.924,0.470,532273124.000
0.057,-0.087,-0.125,2.305,1.899,0.480,532273223.000
0.057,-0.087,-0.132,2.292,1.923,0.452,532273323.000
0.055,-0.088,-0.130,2.311,1.920,0.434,532273424.000
0.055,-0.088,-0.130,2.270,1.895,0.433,532273523.000
0.050,-0.085,-0.132,2.298,1.961,0.442,532273623.000
0.057,-0.087,-0.132,2.278,1.898,0.452,532273724.000
0.053,-0.084,-0.137,2.279,1.931,0.433,532273824.000
0.055,-0.085,-0.130,2.271,1.919,0.442,532273924.000
0.055,-0.083,-0.132,2.301,1.911,0.451,532274024.000
0.057,-0.087,-0.127,2.278,1.915,0.452,532274125.000
0.055,-0.085,-0.130,2.299,1.919,0.442,532274224.000
0.059,-0.085,-0.130,2.244,1.893,0.442,532274324.000
0.055,-0.085,-0.122,2.284,1.896,0.442,532274425.000
0.057,-0.084,-0.135,2.307,1.890,0.433,532274524.000
0.059,-0.085,-0.125,2.244,1.862,0.442,532274625.000
0.057,-0.087,-0.132,2.250,1.898,0.451,532274725.000
0.059,-0.085,-0.135,2.258,1.853,0.442,532274825.000
0.057,-0.081,-0.132,2.267,1.874,0.442,532274924.000
0.057,-0.084,-0.137,2.266,1.881,0.433,532275025.000
0.061,-0.084,-0.132,2.266,1.872,0.461,532275125.000
0.055,-0.085,-0.125,2.243,1.887,0.442,532275225.000
0.061,-0.087,-0.137,2.251,1.856,0.424,532275325.000
0.057,-0.081,-0.132,2.267,1.874,0.442,532275425.000
0.057,-0.084,-0.130,2.265,1.882,0.433,532275525.000
0.057,-0.084,-0.125,2.238,1.898,0.461,532275625.000
0.057,-0.084,-0.132,2.265,1.898,0.433,532275725.000
0.055,-0.083,-0.130,2.218,1.894,0.451,532275825.000
0.059,-0.083,-0.132,2.260,1.861,0.451,532275925.000
0.057,-0.081,-0.132,2.267,1.874,0.442,532276025.000
0.059,-0.083,-0.130,2.287,1.894,0.452,532276125.000
0.059,-0.085,-0.135,2.245,1.877,0.442,532276225.000
0.055,-0.080,-0.130,2.274,1.870,0.460,532276324.000
0.053,-0.084,-0.125,2.237,1.924,0.460,532276425.000
0.055,-0.083,-0.142,2.260,1.902,0.423,532276525.000
0.061,-0.084,-0.125,2.252,1.849,0.461,532276625.000
0.057,-0.084,-0.132,2.252,1.874,0.433,532276724.000
0.057,-0.076,-0.125,2.296,1.874,0.433,532276825.000
0.055,-0.085,-0.130,2.244,1.919,0.442,532276924.000
0.055,-0.083,-0.135,2.245,1.878,0.423,532277024.000
0.057,-0.089,-0.130,2.207,1.882,0.442,532277124.000
0.057,-0.089,-0.137,2.222,1.905,0.442,532277225.000
0.057,-0.084,-0.135,2.224,1.889,0.405,532277324.000
0.055,-0.085,-0.130,2.257,1.895,0.442,532277425.000
0.055,-0.080,-0.125,2.273,1.887,0.433,532277525.000
0.059,-0.083,-0.130,2.259,1.845,0.451,532277624.000
0.059,-0.083,-0.130,2.246,1.869,0.451,532277725.000
0.057,-0.084,-0.130,2.252,1.906,0.461,532277824.000
0.057,-0.087,-0.130,2.209,1.906,0.451,532277924.000
0.059,-0.088,-0.130,2.229,1.893,0.461,532278024.000
0.055,-0.085,-0.137,2.203,1.893,0.441,532278125.000
0.057,-0.084,-0.127,2.224,1.890,0.460,532278224.000
0.057,-0.084,-0.125,2.279,1.923,0.461,532278324.000
0.055,-0.088,-0.130,2.201,1.919,0.433,532278424.000
0.055,-0.083,-0.125,2.245,1.911,0.479,532278525.000
0.055,-0.085,-0.130,2.230,1.894,0.442,532278624.000
0.059,-0.083,-0.137,2.260,1.893,0.452,532278724.000
0.057,-0.087,-0.137,2.223,1.881,0.423,532278824.000
0.059,-0.085,-0.132,2.217,1.909,0.442,532278924.000
0.057,-0.081,-0.127,2.253,1.866,0.469,532279025.000
0.055,-0.083,-0.127,2.273,1.927,0.451,532279125.000
0.053,-0.084,-0.127,2.251,1.916,0.432,532279225.000
0.059,-0.080,-0.130,2.247,1.893,0.433,532279325.000
0.055,-0.085,-0.130,2.244,1.919,0.470,532279425.000
0.059,-0.083,-0.130,2.273,1.869,0.452,532279524.000
0.055,-0.088,-0.130,2.229,1.870,0.460,532279624.000
0.055,-0.085,-0.130,2.257,1.895,0.442,532279725.000
0.053,-0.084,-0.132,2.237,1.923,0.432,532279825.000
0.057,-0.084,-0.125,2.251,1.874,0.460,532279924.000
0.055,-0.085,-0.130,2.230,1.894,0.442,532280024.000
0.059,-0.083,-0.137,2.260,1.893,0.424,532280124.000
0.057,-0.081,-0.135,2.281,1.914,0.442,532280224.000
0.052,-0.084,-0.125,2.223,1.948,0.460,532280324.000
0.059,-0.083,-0.130,2.273,1.869,0.452,532280424.000
0.059,-0.085,-0.137,2.259,1.917,0.443,532280524.000
0.061,-0.081,-0.135,2.240,1.864,0.442,532280625.000
0.055,-0.083,-0.135,2.259,1.902,0.451,532280725.000
0.059,-0.083,-0.130,2.273,1.869,0.452,532280824.000
0.053,-0.081,-0.125,2.252,1.924,0.469,532280925.000
0.053,-0.084,-0.135,2.251,1.866,0.432,532281025.000
0.059,-0.085,-0.132,2.244,1.861,0.442,532281124.000
0.053,-0.084,-0.130,2.237,1.907,0.460,532281225.000
0.057,-0.084,-0.130,2.251,1.906,0.433,532281324.000
0.059,-0.083,-0.130,2.246,1.869,0.451,532281424.000
0.055,-0.083,-0.130,2.245,1.894,0.451,532281524.000
0.057,-0.087,-0.132,2.250,1.898,0.451,532281625.000
0.059,-0.080,-0.125,2.288,1.934,0.461,532281724.000
0.057,-0.084,-0.132,2.252,1.922,0.433,532281825.000
0.055,-0.083,-0.130,2.273,1.895,0.451,532281925.000
0.057,-0.087,-0.127,2.236,1.890,0.451,532282024.000
0.055,-0.085,-0.130,2.230,1.894,0.442,532282124.000
0.055,-0.083,-0.127,2.259,1.903,0.451,532282224.000
0.055,-0.083,-0.127,2.273,1.927,0.451,532282324.000
0.059,-0.083,-0.135,2.260,1.877,0.451,532282425.000
0.057,-0.082,-0.135,2.267,1.890,0.414,532282525.000
0.050,-0.083,-0.132,2.231,1.911,0.450,532282624.000
0.055,-0.085,-0.132,2.258,1.911,0.442,532282724.000
0.053,-0.087,-0.135,2.237,1.915,0.479,532282824.000
0.059,-0.083,-0.130,2.246,1.869,0.451,532282924.000
0.057,-0.087,-0.130,2.236,1.906,0.451,532283024.000
0.055,-0.083,-0.127,2.231,1.903,0.451,532283124.000
0.059,-0.085,-0.132,2.231,1.885,0.442,532283224.000
0.057,-0.084,-0.132,2.265,1.898,0.433,532283325.000
0.059,-0.083,-0.127,2.245,1.853,0.451,532283425.000
0.053,-0.084,-0.135,2.237,1.891,0.432,532283524.000
0.055,-0.083,-0.122,2.258,1.920,0.451,532283625.000
0.055,-0.085,-0.132,2.230,1.910,0.442,532283724.000
0.051,-0.080,-0.135,2.205,1.903,0.431,532283823.000
0.053,-0.079,-0.135,2.102,1.841,0.421,532283925.000
0.061,-0.073,-0.132,1.982,1.845,0.412,532284025.000
0.060,-0.069,-0.128,1.838,1.776,0.410,532284125.000
0.058,-0.057,-0.125,1.644,1.746,0.407,532284225.000
0.060,-0.053,-0.123,1.418,1.715,0.377,532284325.000
0.058,-0.041,-0.131,1.142,1.602,0.373,532284425.000
0.058,-0.031,-0.126,0.857,1.543,0.351,532284524.000
0.061,-0.019,-0.126,0.484,1.478,0.319,532284624.000
0.061,-0.005,-0.127,0.077,1.352,0.305,532284725.000
0.059,0.007,-0.127,-0.269,1.312,0.301,532284825.000
0.060,0.020,-0.120,-0.663,1.211,0.259,532284924.000
0.058,0.037,-0.128,-1.103,1.097,0.217,532285024.000
0.061,0.052,-0.125,-1.433,1.016,0.194,532285124.000
0.057,0.068,-0.123,-1.923,0.874,0.160,532285224.000
0.059,0.086,-0.124,-2.348,0.760,0.173,532285325.000
0.060,0.102,-0.119,-2.783,0.578,0.085,532285424.000
0.059,0.122,-0.122,-3.289,0.430,0.105,532285525.000
0.061,0.139,-0.112,-3.689,0.252,0.008,532285624.000
0.053,0.155,-0.116,-4.151,0.120,0.001,532285724.000
0.052,0.172,-0.118,-4.604,-0.099,-0.015,532285824.000
0.049,0.202,-0.112,-5.045,-0.418,-0.005,532285924.000
0.045,0.215,-0.105,-5.496,-0.737,-0.049,532286024.000
0.031,0.235,-0.113,-5.977,-1.114,-0.087,532286125.000
0.029,0.257,-0.101,-6.327,-1.610,-0.105,532286224.000
0.015,0.277,-0.101,-6.767,-2.108,-0.088,532286324.000
-0.000,0.299,-0.102,-7.076,-2.713,-0.108,532286424.000
-0.013,0.322,-0.105,-7.446,-3.389,-0.111,532286525.000
-0.029,0.341,-0.096,-7.799,-4.059,-0.113,532286625.000
-0.046,0.361,-0.101,-8.142,-4.814,-0.071,532286725.000
-0.061,0.388,-0.097,-8.449,-5.597,-0.074,532286824.000
-0.080,0.415,-0.085,-8.785,-6.403,-0.079,532286924.000
-0.097,0.430,-0.088,-9.159,-7.174,-0.054,532287025.000
-0.118,0.456,-0.086,-9.488,-7.927,-0.049,532287124.000
-0.133,0.483,-0.082,-9.753,-8.783,-0.025,532287225.000
-0.157,0.505,-0.070,-10.147,-9.612,-0.022,532287324.000
-0.176,0.529,-0.079,-10.523,-10.436,0.020,532287424.000
-0.197,0.547,-0.074,-10.829,-11.326,0.024,532287524.000
-0.218,0.578,-0.080,-11.168,-12.202,0.046,532287624.000
-0.235,0.596,-0.061,-11.446,-13.116,0.107,532287723.000
-0.262,0.626,-0.067,-11.724,-13.977,0.138,532287824.000
-0.285,0.648,-0.067,-12.021,-14.895,0.142,532287925.000
-0.313,0.677,-0.061,-12.396,-15.764,0.200,532288023.000
-0.332,0.702,-0.054,-12.760,-16.757,0.240,532288123.000
-0.357,0.731,-0.063,-13.100,-17.664,0.307,532288224.000
-0.380,0.752,-0.051,-13.440,-18.638,0.283,532288323.000
-0.405,0.776,-0.049,-13.811,-19.512,0.360,532288424.000
-0.426,0.809,-0.048,-14.149,-20.509,0.418,532288523.000
-0.447,0.833,-0.041,-14.438,-21.439,0.440,532288623.000
-0.474,0.862,-0.042,-14.854,-22.333,0.498,532288724.000
-0.506,0.887,-0.030,-15.233,-23.257,0.536,532288824.000
-0.523,0.916,-0.029,-15.546,-24.279,0.604,532288924.000
-0.552,0.952,-0.030,-15.925,-25.258,0.670,532289024.000
-0.575,0.974,-0.021,-16.249,-26.191,0.729,532289123.000
-0.605,1.005,-0.022,-16.617,-27.146,0.776,532289223.000
-0.628,1.032,-0.020,-17.006,-28.105,0.852,532289323.000
-0.655,1.062,-0.016,-17.381,-29.104,0.937,532289425.000
-0.684,1.086,-0.022,-17.725,-30.050,0.985,532289524.000
-0.705,1.117,-0.006,-18.065,-31.021,1.062,532289623.000
-0.736,1.149,-0.009,-18.467,-32.068,1.099,532289724.000
-0.762,1.175,-0.003,-18.837,-32.998,1.185,532289823.000
-0.793,1.211,-0.006,-19.251,-34.046,1.258,532289923.000
-0.822,1.242,0.008,-19.675,-34.999,1.333,532290023.000
-0.839,1.270,0.032,-19.990,-35.921,1.347,532290123.000
-0.871,1.276,0.009,-19.933,-36.836,1.519,532290223.000
-0.894,1.285,0.013,-19.808,-37.781,1.647,532290324.000
-0.931,1.289,0.017,-19.410,-38.696,1.840,532290424.000
-0.963,1.279,0.015,-18.812,-39.538,2.018,532290523.000
-0.997,1.273,0.017,-18.150,-40.520,2.223,532290623.000
-1.033,1.261,0.016,-17.567,-41.497,2.446,532290723.000
-1.063,1.255,0.013,-16.918,-42.400,2.624,532290823.000
-1.095,1.251,0.008,-16.371,-43.323,2.820,532290924.000
-1.134,1.242,0.017,-15.808,-44.280,3.014,532291024.000
-1.163,1.239,0.015,-15.241,-45.208,3.201,532291123.000
-1.195,1.230,0.021,-14.670,-46.210,3.433,532291223.000
-1.231,1.228,0.021,-14.123,-47.164,3.609,532291323.000
-1.264,1.216,0.015,-13.677,-48.089,3.832,532291425.000
-1.297,1.213,0.015,-13.124,-49.128,4.017,532291525.000
-1.336,1.210,0.019,-12.572,-50.126,4.229,532291625.000
-1.364,1.200,0.019,-12.124,-50.986,4.462,532291725.000
-1.402,1.194,0.023,-11.587,-51.984,4.637,532291825.000
-1.436,1.191,0.028,-11.103,-52.935,4.850,532291924.000
-1.466,1.191,0.022,-10.575,-53.896,5.045,532292024.000
-1.502,1.186,0.017,-10.098,-54.770,5.240,532292124.000
-1.532,1.181,0.021,-9.642,-55.722,5.444,532292224.000
-1.570,1.178,0.023,-9.186,-56.729,5.628,532292324.000
-1.604,1.177,0.030,-8.729,-57.672,5.822,532292424.000
-1.634,1.169,0.034,-8.287,-58.625,6.072,532292524.000
-1.668,1.164,0.026,-7.804,-59.568,6.248,532292624.000
-1.702,1.161,0.031,-7.362,-60.496,6.433,532292724.000
-1.736,1.168,0.030,-6.927,-61.416,6.626,532292825.000
-1.771,1.162,0.027,-6.526,-62.344,6.829,532292925.000
-1.798,1.161,0.029,-6.117,-63.269,6.978,532293024.000
-1.837,1.163,0.028,-5.699,-64.236,7.180,532293125.000
-1.864,1.156,0.023,-5.333,-65.187,7.393,532293224.000
-1.901,1.154,0.042,-4.953,-66.125,7.595,532293324.000
-1.937,1.153,0.034,-4.516,-67.081,7.798,532293425.000
-1.966,1.160,0.029,-4.067,-68.067,7.964,532293524.000
-2.005,1.154,0.033,-3.667,-69.018,8.194,532293624.000
-2.039,1.152,0.037,-3.307,-70.091,8.405,532293724.000
-2.075,1.155,0.034,-2.881,-71.055,8.598,532293825.000
-2.113,1.152,0.038,-2.522,-72.006,8.809,532293925.000
-2.149,1.153,0.037,-2.097,-72.962,9.020,532294024.000
-2.175,1.150,0.039,-1.778,-73.949,9.205,532294125.000
-2.211,1.149,0.039,-1.410,-74.930,9.407,532294224.000
-2.249,1.153,0.038,-1.005,-75.849,9.591,532294325.000
-2.277,1.152,0.035,-0.622,-76.743,9.794,532294425.000
-2.315,1.146,0.039,-0.292,-77.718,9.968,532294524.000
-2.347,1.152,0.053,0.149,-78.674,10.199,532294624.000
-2.379,1.153,0.048,0.518,-79.623,10.383,532294725.000
-2.411,1.149,0.045,0.830,-80.444,10.578,532294824.000
-2.438,1.148,0.039,1.083,-81.045,10.718,532294925.000
-2.450,1.138,0.047,1.241,-81.354,10.762,532295024.000
-2.456,1.145,0.046,1.361,-81.460,10.798,532295125.000
-2.450,1.138,0.049,1.337,-81.247,10.764,532295224.000
-2.432,1.136,0.047,1.304,-80.812,10.696,532295324.000
-2.420,1.133,0.045,1.249,-80.364,10.609,532295425.000
-2.404,1.133,0.045,1.196,-80.029,10.558,532295524.000
-2.401,1.129,0.051,1.180,-79.601,10.470,532295625.000
-2.391,1.123,0.036,1.103,-79.303,10.437,532295724.000
-2.377,1.118,0.041,1.040,-79.012,10.386,532295825.000
-2.362,1.117,0.044,1.034,-78.729,10.344,532295925.000
-2.359,1.117,0.039,1.007,-78.480,10.319,532296025.000
-2.349,1.112,0.037,0.944,-78.213,10.267,532296125.000
-2.343,1.106,0.044,0.920,-77.935,10.233,532296224.000
-2.337,1.112,0.047,0.958,-77.698,10.190,532296325.000
-2.331,1.105,0.042,0.880,-77.438,10.156,532296424.000
-2.323,1.100,0.040,0.864,-77.254,10.112,532296525.000
-2.313,1.101,0.038,0.860,-77.035,10.079,532296625.000
-2.309,1.095,0.040,0.871,-76.809,10.035,532296725.000
-2.304,1.099,0.040,0.853,-76.581,10.038,532296824.000
-2.295,1.093,0.036,0.796,-76.406,9.994,532296924.000
-2.290,1.092,0.038,0.789,-76.218,9.950,532297024.000
-2.281,1.089,0.034,0.761,-76.067,9.916,532297124.000
-2.280,1.082,0.041,0.723,-75.837,9.909,532297224.000
-2.274,1.086,0.034,0.774,-75.681,9.856,532297325.000
-2.270,1.083,0.041,0.732,-75.464,9.849,532297425.000
-2.262,1.080,0.029,0.718,-75.338,9.814,532297524.000
-2.256,1.074,0.039,0.694,-75.173,9.780,532297624.000
-2.250,1.080,0.039,0.692,-74.993,9.791,532297725.000
-2.248,1.073,0.039,0.695,-74.836,9.756,532297825.000
-2.242,1.067,0.040,0.685,-74.679,9.722,532297924.000
-2.236,1.070,0.040,0.681,-74.524,9.696,532298025.000
-2.232,1.065,0.040,0.651,-74.355,9.679,532298124.000
-2.231,1.066,0.037,0.686,-74.206,9.644,532298225.000
-2.224,1.067,0.038,0.667,-74.050,9.637,532298324.000
-2.221,1.065,0.035,0.667,-73.890,9.630,532298424.000
-2.217,1.059,0.033,0.623,-73.778,9.585,532298525.000
-2.208,1.059,0.033,0.638,-73.659,9.560,532298624.000
-2.207,1.060,0.040,0.632,-73.502,9.580,532298724.000
-2.203,1.055,0.031,0.602,-73.366,9.535,532298825.000
-2.197,1.051,0.038,0.607,-73.258,9.510,532298925.000
-2.193,1.053,0.033,0.623,-73.106,9.520,532299025.000
-2.191,1.054,0.036,0.589,-72.965,9.485,532299125.000
-2.189,1.053,0.034,0.651,-72.840,9.468,532299225.000
-2.185,1.050,0.031,0.595,-72.729,9.460,532299324.000
-2.179,1.046,0.029,0.573,-72.654,9.406,532299425.000
-2.179,1.049,0.036,0.629,-72.483,9.417,532299525.000
-2.169,1.042,0.039,0.579,-72.393,9.410,532299625.000
-2.171,1.041,0.031,0.544,-72.236,9.392,532299724.000
-2.165,1.037,0.029,0.563,-72.136,9.367,532299824.000
-2.161,1.042,0.029,0.566,-72.016,9.359,532299925.000
-2.159,1.043,0.029,0.588,-71.908,9.351,532300024.000
-2.158,1.036,0.029,0.536,-71.799,9.315,532300125.000
-2.151,1.032,0.027,0.528,-71.700,9.289,532300225.000
-2.145,1.031,0.032,0.535,-71.600,9.273,532300324.000
-2.143,1.029,0.035,0.527,-71.483,9.283,532300425.000
-2.142,1.028,0.030,0.548,-71.367,9.239,532300525.000
-2.138,1.028,0.020,0.535,-71.256,9.240,532300624.000
-2.136,1.024,0.032,0.526,-71.130,9.242,532300724.000
-2.134,1.025,0.025,0.534,-71.046,9.206,532300825.000
-2.130,1.022,0.028,0.519,-70.942,9.198,532300924.000
-2.126,1.027,0.035,0.535,-70.846,9.190,532301024.000
-2.126,1.022,0.028,0.519,-70.725,9.173,532301125.000
-2.118,1.019,0.030,0.533,-70.646,9.165,532301225.000
-2.116,1.018,0.033,0.498,-70.529,9.148,532301325.000
-2.114,1.019,0.031,0.547,-70.453,9.140,532301425.000
-2.110,1.016,0.023,0.519,-70.358,9.132,532301524.000
-2.108,1.018,0.028,0.527,-70.257,9.124,532301624.000
-2.106,1.011,0.026,0.502,-70.181,9.088,532301724.000
-2.104,1.012,0.023,0.497,-70.057,9.080,532301824.000
-2.100,1.012,0.026,0.538,-69.976,9.054,532301924.000
-2.092,1.012,0.029,0.525,-69.922,9.056,532302025.000
-2.088,1.007,0.029,0.496,-69.802,9.039,532302125.000
-2.090,1.010,0.029,0.504,-69.717,9.039,532302225.000
-2.090,1.005,0.019,0.474,-69.604,8.994,532302324.000
-2.086,1.005,0.026,0.502,-69.532,8.995,532302425.000
-2.080,1.001,0.021,0.467,-69.465,8.997,532302524.000
-2.076,1.001,0.024,0.467,-69.410,8.970,532302624.000
-2.076,1.003,0.024,0.496,-69.288,8.953,532302725.000
-2.072,1.001,0.019,0.495,-69.209,8.945,532302825.000
-2.073,1.001,0.024,0.495,-69.095,8.946,532302924.000
-2.068,0.998,0.019,0.480,-69.040,8.910,532303025.000
-2.064,0.998,0.024,0.508,-68.952,8.911,532303124.000
-2.067,0.996,0.027,0.486,-68.834,8.894,532303224.000
-2.065,0.992,0.029,0.464,-68.766,8.894,532303325.000
-2.061,0.995,0.025,0.507,-68.662,8.878,532303424.000
-2.059,0.996,0.025,0.487,-68.626,8.869,532303524.000
-2.055,0.993,0.025,0.500,-68.554,8.861,532303624.000
-2.055,0.991,0.030,0.471,-68.417,8.880,532303725.000
-2.049,0.989,0.022,0.465,-68.407,8.835,532303825.000
-2.049,0.992,0.030,0.479,-68.309,8.845,532303924.000
-2.049,0.989,0.022,0.492,-68.213,8.809,532304024.000
-2.047,0.990,0.020,0.486,-68.137,8.801,532304125.000
-2.041,0.984,0.023,0.463,-68.070,8.793,532304225.000
-2.039,0.985,0.025,0.470,-68.001,8.785,532304325.000
-2.037,0.986,0.023,0.478,-67.901,8.777,532304425.000
-2.031,0.985,0.023,0.499,-67.842,8.760,532304525.000
-2.031,0.982,0.023,0.442,-67.769,8.751,532304624.000
-2.031,0.979,0.023,0.468,-67.696,8.715,532304724.000
-2.027,0.979,0.018,0.470,-67.641,8.744,532304825.000
-2.027,0.974,0.023,0.439,-67.528,8.726,532304924.000
-2.023,0.977,0.023,0.454,-67.456,8.709,532305024.000
-2.021,0.975,0.021,0.433,-67.380,8.691,532305124.000
-2.017,0.975,0.021,0.448,-67.333,8.720,532305224.000
-2.015,0.976,0.018,0.483,-67.281,8.657,532305325.000
-2.015,0.974,0.018,0.454,-67.208,8.676,532305424.000
-2.013,0.975,0.021,0.462,-67.140,8.667,532305525.000
-2.009,0.970,0.023,0.446,-67.060,8.650,532305625.000
-2.005,0.970,0.021,0.446,-67.021,8.651,532305724.000
-2.008,0.971,0.019,0.440,-66.919,8.642,532305825.000
-2.003,0.973,0.021,0.483,-66.864,8.653,532305924.000
-2.004,0.970,0.021,0.482,-66.791,8.617,532306024.000
-2.004,0.965,0.021,0.410,-66.718,8.598,532306125.000
-2.002,0.964,0.021,0.430,-66.634,8.609,532306225.000
-1.998,0.964,0.026,0.458,-66.594,8.582,532306324.000
-1.994,0.964,0.024,0.458,-66.506,8.584,532306424.000
-1.996,0.960,0.021,0.394,-66.454,8.583,532306524.000
-1.990,0.964,0.019,0.460,-66.403,8.585,532306624.000
-1.990,0.963,0.014,0.487,-66.322,8.558,532306724.000
-1.986,0.961,0.022,0.444,-66.250,8.550,532306825.000
-1.979,0.957,0.017,0.409,-66.232,8.523,532306925.000
-1.977,0.961,0.017,0.432,-66.196,8.524,532307024.000
-1.980,0.962,0.019,0.425,-66.078,8.515,532307124.000
-1.980,0.957,0.017,0.450,-66.014,8.525,532307224.000
-1.976,0.959,0.014,0.466,-65.975,8.508,532307324.000
-1.970,0.960,0.015,0.488,-65.891,8.500,532307424.000
-1.972,0.954,0.017,0.436,-65.822,8.491,532307524.000
-1.970,0.950,0.017,0.441,-65.786,8.465,532307624.000
-1.968,0.954,0.024,0.450,-65.725,8.493,532307724.000
-1.964,0.951,0.012,0.422,-65.695,8.457,532307824.000
-1.966,0.952,0.020,0.429,-65.585,8.448,532307924.000
-1.962,0.947,0.012,0.413,-65.538,8.431,532308024.000
-1.960,0.951,0.017,0.436,-65.486,8.431,532308125.000
-1.962,0.947,0.020,0.426,-65.416,8.432,532308224.000
-1.954,0.947,0.017,0.428,-65.402,8.433,532308325.000
-1.954,0.952,0.020,0.458,-65.321,8.397,532308424.000
-1.959,0.944,0.020,0.425,-65.223,8.370,532308524.000
-1.954,0.947,0.017,0.442,-65.136,8.408,532308625.000
-1.950,0.941,0.020,0.453,-65.104,8.391,532308724.000
-1.953,0.940,0.015,0.417,-65.059,8.372,532308825.000
-1.946,0.944,0.015,0.427,-65.025,8.373,532308925.000
-1.949,0.942,0.018,0.419,-64.931,8.355,532309026.000
-1.947,0.941,0.018,0.453,-64.871,8.365,532309126.000
-1.940,0.940,0.015,0.419,-64.845,8.348,532309225.000
-1.940,0.940,0.010,0.433,-64.788,8.348,532309325.000
-1.943,0.938,0.013,0.453,-64.694,8.331,532309425.000
-1.934,0.936,0.018,0.411,-64.680,8.350,532309526.000
-1.934,0.933,0.020,0.409,-64.623,8.314,532309625.000
-1.935,0.935,0.018,0.424,-64.559,8.324,532309725.000
-1.933,0.937,0.013,0.419,-64.516,8.315,532309825.000
-1.928,0.939,0.016,0.462,-64.460,8.298,532309926.000
-1.931,0.933,0.016,0.424,-64.398,8.289,532310025.000
-1.927,0.930,0.018,0.395,-64.367,8.280,532310125.000
-1.920,0.931,0.016,0.417,-64.317,8.273,532310225.000
-1.925,0.931,0.013,0.417,-64.227,8.273,532310325.000
-1.921,0.931,0.016,0.417,-64.171,8.274,532310425.000
-1.921,0.926,0.016,0.414,-64.122,8.228,532310525.000
-1.919,0.930,0.021,0.437,-64.070,8.257,532310625.000
-1.917,0.923,0.018,0.386,-64.042,8.248,532310725.000
-1.913,0.923,0.014,0.386,-63.987,8.221,532310825.000
-1.915,0.932,0.019,0.466,-63.909,8.213,532310926.000
-1.915,0.922,0.016,0.392,-63.869,8.231,532311025.000
-1.909,0.928,0.021,0.417,-63.818,8.214,532311125.000
-1.907,0.924,0.014,0.422,-63.783,8.187,532311225.000
-1.907,0.924,0.016,0.422,-63.702,8.188,532311325.000
-1.905,0.923,0.016,0.456,-63.690,8.170,532311426.000
-1.905,0.923,0.019,0.429,-63.609,8.198,532311525.000
-1.905,0.920,0.014,0.400,-63.553,8.162,532311626.000
-1.901,0.920,0.016,0.386,-63.522,8.162,532311726.000
-1.901,0.923,0.019,0.415,-63.465,8.172,532311826.000
-1.897,0.920,0.009,0.415,-63.402,8.137,532311925.000
-1.893,0.915,0.007,0.372,-63.387,8.146,532312026.000
-1.895,0.918,0.022,0.407,-63.300,8.147,532312126.000
-1.893,0.917,0.022,0.427,-63.264,8.157,532312225.000
-1.893,0.912,0.014,0.383,-63.192,8.139,532312326.000
-1.891,0.916,0.014,0.392,-63.132,8.112,532312426.000
-1.889,0.912,0.004,0.412,-63.105,8.113,532312526.000
-1.887,0.910,0.017,0.376,-63.052,8.095,532312626.000
-1.883,0.908,0.017,0.403,-63.005,8.087,532312726.000
-1.881,0.911,0.014,0.440,-62.977,8.088,532312825.000
-1.883,0.910,0.019,0.390,-62.924,8.069,532312924.000
-1.879,0.908,0.014,0.362,-62.893,8.061,532313024.000
-1.879,0.907,0.017,0.403,-62.788,8.062,532313124.000
-1.877,0.906,0.015,0.382,-62.760,8.044,532313226.000
-1.875,0.910,0.012,0.433,-62.708,8.045,532313325.000
-1.873,0.909,0.015,0.398,-62.689,8.082,532313425.000
-1.873,0.908,0.020,0.439,-62.599,8.055,532313524.000
-1.869,0.906,0.015,0.397,-62.593,8.046,532313625.000
-1.869,0.903,0.020,0.409,-62.527,8.010,532313725.000
-1.867,0.910,0.010,0.434,-62.501,7.992,532313825.000
-1.867,0.907,0.010,0.405,-62.428,8.011,532313924.000
-1.867,0.904,0.007,0.404,-62.388,8.002,532314024.000
-1.861,0.903,0.012,0.397,-62.361,8.013,532314124.000
-1.859,0.899,0.010,0.374,-62.309,7.986,532314224.000
-1.859,0.899,0.010,0.402,-62.260,7.986,532314325.000
-1.862,0.903,0.020,0.437,-62.190,7.987,532314424.000
-1.862,0.900,0.013,0.409,-62.118,7.978,532314525.000
-1.860,0.896,0.018,0.400,-62.090,7.979,532314624.000
-1.856,0.901,0.018,0.445,-62.042,7.971,532314724.000
-1.856,0.899,0.008,0.430,-62.027,7.961,532314825.000
-1.849,0.890,0.010,0.350,-61.984,7.944,532314924.000
-1.849,0.895,0.013,0.394,-61.927,7.963,532315025.000
-1.850,0.895,0.013,0.436,-61.903,7.964,532315125.000
-1.850,0.892,0.010,0.379,-61.814,7.927,532315224.000
-1.845,0.895,0.010,0.408,-61.815,7.937,532315325.000
-1.848,0.891,0.008,0.413,-61.738,7.910,532315424.000
-1.841,0.892,0.011,0.393,-61.744,7.901,532315525.000
-1.844,0.891,0.011,0.386,-61.683,7.911,532315624.000
-1.846,0.894,0.008,0.422,-61.629,7.883,532315724.000
-1.840,0.893,0.013,0.429,-61.578,7.894,532315824.000
-1.837,0.889,0.003,0.352,-61.576,7.894,532315925.000
-1.838,0.892,0.013,0.422,-61.494,7.904,532316025.000
-1.836,0.888,0.008,0.385,-61.499,7.877,532316124.000
-1.836,0.885,0.016,0.384,-61.426,7.896,532316224.000
-1.834,0.889,0.013,0.407,-61.374,7.869,532316325.000
-1.834,0.886,0.006,0.406,-61.350,7.860,532316424.000
-1.834,0.889,0.011,0.421,-61.285,7.870,532316525.000
-1.832,0.887,0.008,0.413,-61.233,7.852,532316625.000
-1.828,0.885,0.013,0.385,-61.218,7.844,532316725.000
-1.830,0.883,0.011,0.405,-61.140,7.853,532316824.000
-1.826,0.886,0.013,0.392,-61.134,7.835,532316924.000
-1.826,0.881,0.004,0.363,-61.070,7.817,532317025.000
-1.824,0.887,0.006,0.415,-61.026,7.827,532317124.000
-1.824,0.879,0.009,0.382,-61.017,7.800,532317224.000
-1.824,0.882,0.014,0.397,-60.952,7.810,532317325.000
-1.822,0.880,0.006,0.404,-60.892,7.792,532317424.000
-1.822,0.886,0.011,0.434,-60.876,7.811,532317525.000
-1.818,0.878,0.011,0.403,-60.828,7.784,532317624.000
-1.820,0.879,0.006,0.397,-60.760,7.775,532317725.000
-1.818,0.878,0.004,0.376,-60.732,7.785,532317824.000
-1.812,0.876,0.004,0.397,-60.722,7.767,532317924.000
-1.816,0.879,0.001,0.398,-60.656,7.749,532318025.000
-1.814,0.878,0.006,0.390,-60.604,7.786,532318125.000
-1.812,0.876,0.007,0.396,-60.543,7.741,532318224.000
-1.810,0.875,0.004,0.362,-60.541,7.751,532318325.000
-1.808,0.876,0.012,0.397,-60.504,7.742,532318425.000
-1.804,0.876,0.012,0.397,-60.481,7.743,532318524.000
-1.806,0.872,0.007,0.375,-60.436,7.743,532318624.000
-1.806,0.872,0.007,0.374,-60.388,7.716,532318724.000
-1.796,0.871,0.007,0.382,-60.378,7.699,532318824.000
-1.802,0.872,0.014,0.388,-60.291,7.717,532318924.000
-1.800,0.871,0.009,0.395,-60.247,7.700,532319024.000
-1.798,0.874,0.012,0.418,-60.228,7.700,532319124.000
-1.800,0.873,0.007,0.396,-60.207,7.681,532319225.000
-1.799,0.867,0.012,0.372,-60.131,7.701,532319324.000
-1.792,0.870,0.012,0.382,-60.145,7.674,532319425.000
-1.794,0.872,0.014,0.403,-60.075,7.693,532319524.000
-1.792,0.868,0.007,0.394,-60.064,7.666,532319625.000
-1.795,0.872,0.005,0.403,-59.963,7.666,532319725.000
-1.790,0.866,0.012,0.415,-59.963,7.676,532319824.000
-1.793,0.867,0.010,0.394,-59.886,7.639,532319924.000
-1.791,0.869,0.010,0.402,-59.899,7.658,532320025.000
-1.784,0.870,0.010,0.424,-59.864,7.650,532320125.000
-1.784,0.865,0.010,0.408,-59.839,7.632,532320225.000
-1.787,0.869,0.010,0.402,-59.778,7.604,532320324.000
-1.787,0.863,0.007,0.428,-59.713,7.642,532320424.000
-1.782,0.864,0.005,0.373,-59.724,7.642,532320525.000
-1.782,0.863,0.002,0.387,-59.683,7.643,532320625.000
-1.781,0.862,0.007,0.352,-59.631,7.625,532320724.000
-1.781,0.862,0.002,0.366,-59.575,7.598,532320825.000
-1.783,0.863,0.012,0.400,-59.528,7.616,532320924.000
-1.779,0.861,0.002,0.386,-59.490,7.580,532321024.000
-1.777,0.859,0.010,0.378,-59.502,7.590,532321125.000
-1.777,0.862,0.002,0.380,-59.430,7.599,532321225.000
-1.775,0.860,0.003,0.387,-59.419,7.581,532321324.000
-1.775,0.860,0.003,0.400,-59.346,7.582,532321424.000
-1.771,0.858,0.008,0.372,-59.330,7.574,532321525.000
-1.771,0.858,0.003,0.385,-59.323,7.546,532321625.000
-1.771,0.860,0.008,0.414,-59.282,7.583,532321724.000
-1.769,0.859,0.005,0.379,-59.230,7.538,532321825.000
-1.767,0.855,0.008,0.385,-59.210,7.566,532321924.000
-1.765,0.856,0.005,0.378,-59.134,7.530,532322024.000
-1.765,0.861,0.000,0.423,-59.126,7.521,532322125.000
-1.765,0.859,0.003,0.435,-59.093,7.512,532322224.000
-1.763,0.857,0.003,0.414,-59.034,7.522,532322325.000
-1.761,0.854,0.008,0.350,-59.006,7.550,532322424.000
-1.761,0.853,0.005,0.405,-58.989,7.523,532322525.000
-1.759,0.852,0.000,0.371,-58.922,7.533,532322625.000
-1.761,0.853,0.003,0.391,-58.901,7.496,532322725.000
-1.759,0.849,0.005,0.382,-58.857,7.497,532322824.000
-1.755,0.855,0.008,0.413,-58.849,7.488,532322925.000
-1.757,0.851,0.008,0.363,-58.788,7.488,532323024.000
-1.757,0.851,0.003,0.391,-58.756,7.489,532323125.000
-1.753,0.851,0.011,0.363,-58.733,7.489,532323225.000
-1.753,0.848,0.008,0.362,-58.692,7.480,532323324.000
-1.751,0.847,0.003,0.355,-58.673,7.462,532323424.000
-1.751,0.854,0.006,0.400,-58.641,7.490,532323524.000
-1.749,0.850,0.008,0.363,-58.597,7.463,532323624.000
-1.749,0.848,0.001,0.363,-58.573,7.454,532323725.000
-1.749,0.848,0.001,0.418,-58.524,7.455,532323825.000
-1.745,0.845,0.006,0.376,-58.485,7.474,532323924.000
-1.747,0.849,-0.002,0.398,-58.473,7.446,532324025.000
-1.747,0.844,0.001,0.354,-58.416,7.428,532324124.000
-1.745,0.848,-0.002,0.418,-58.388,7.429,532324225.000
-1.741,0.848,0.003,0.405,-58.373,7.430,532324325.000
-1.739,0.849,0.004,0.413,-58.337,7.421,532324425.000
-1.743,0.846,0.003,0.411,-58.287,7.440,532324525.000
-1.741,0.845,0.001,0.390,-58.260,7.422,532324625.000
-1.739,0.844,0.001,0.369,-58.248,7.431,532324725.000
-1.737,0.842,0.001,0.389,-58.212,7.413,532324825.000
-1.737,0.845,0.004,0.404,-58.180,7.423,532324924.000
-1.737,0.847,0.011,0.432,-58.155,7.405,532325024.000
-1.735,0.841,-0.001,0.368,-58.088,7.396,532325124.000
-1.735,0.843,0.004,0.397,-58.047,7.406,532325224.000
-1.729,0.839,0.006,0.388,-58.077,7.379,532325324.000
-1.731,0.841,0.001,0.382,-58.008,7.370,532325424.000
-1.731,0.841,0.004,0.409,-57.975,7.370,532325524.000
-1.729,0.845,0.004,0.419,-57.964,7.398,532325625.000
-1.729,0.839,0.004,0.388,-57.915,7.353,532325724.000
-1.732,0.838,0.004,0.380,-57.854,7.362,532325825.000
-1.727,0.833,0.001,0.337,-57.888,7.344,532325924.000
-1.725,0.839,0.009,0.388,-57.827,7.354,532326025.000
-1.732,0.840,-0.004,0.382,-57.782,7.344,532326125.000
-1.723,0.840,0.004,0.424,-57.759,7.346,532326225.000
-1.721,0.837,-0.001,0.402,-57.740,7.374,532326325.000
-1.721,0.836,0.001,0.402,-57.756,7.346,532326426.000
-1.726,0.836,-0.001,0.388,-57.642,7.346,532326525.000
-1.724,0.838,0.006,0.395,-57.654,7.337,532326626.000
-1.724,0.835,0.004,0.380,-57.589,7.329,532326726.000
-1.719,0.835,0.004,0.367,-57.591,7.329,532326826.000
-1.717,0.834,-0.001,0.373,-57.596,7.311,532326925.000
-1.722,0.834,0.002,0.359,-57.513,7.311,532327025.000
-1.718,0.834,0.002,0.387,-57.490,7.312,532327125.000
-1.713,0.831,0.002,0.358,-57.491,7.303,532327226.000
-1.716,0.835,0.004,0.395,-57.422,7.331,532327326.000
-1.711,0.832,0.004,0.394,-57.423,7.295,532327425.000
-1.709,0.831,0.002,0.387,-57.420,7.305,532327525.000
-1.711,0.835,-0.003,0.410,-57.375,7.305,532327625.000
-1.714,0.828,0.004,0.370,-57.313,7.268,532327726.000
-1.714,0.833,0.004,0.401,-57.265,7.287,532327826.000
-1.710,0.831,0.002,0.414,-57.274,7.278,532327925.000
-1.708,0.832,-0.001,0.394,-57.222,7.270,532328026.000
-1.708,0.827,-0.001,0.378,-57.198,7.252,532328125.000
-1.708,0.824,-0.001,0.349,-57.174,7.270,532328225.000
-1.706,0.825,0.004,0.370,-57.145,7.262,532328326.000
-1.704,0.829,0.004,0.407,-57.134,7.262,532328425.000
-1.706,0.828,-0.000,0.372,-57.089,7.243,532328526.000
-1.702,0.825,-0.000,0.426,-57.041,7.236,532328625.000
-1.704,0.829,-0.000,0.408,-57.005,7.263,532328726.000
-1.702,0.828,-0.003,0.372,-57.002,7.217,532328826.000
-1.697,0.825,-0.000,0.385,-56.995,7.236,532328926.000
-1.700,0.826,-0.000,0.406,-56.957,7.227,532329026.000
-1.700,0.821,0.005,0.348,-56.893,7.237,532329126.000
-1.696,0.826,-0.000,0.421,-56.910,7.228,532329225.000
-1.696,0.824,0.005,0.405,-56.893,7.219,532329325.000
-1.698,0.828,0.005,0.400,-56.832,7.219,532329425.000
-1.694,0.825,0.005,0.399,-56.833,7.211,532329526.000
-1.698,0.822,0.002,0.383,-56.792,7.201,532329625.000
-1.694,0.820,-0.003,0.369,-56.786,7.193,532329725.000
-1.690,0.822,-0.000,0.371,-56.754,7.203,532329825.000
-1.694,0.822,0.002,0.384,-56.720,7.203,532329925.000
-1.692,0.821,0.002,0.377,-56.685,7.212,532330026.000
-1.692,0.818,-0.003,0.376,-56.677,7.203,532330125.000
-1.690,0.822,0.002,0.371,-56.673,7.203,532330225.000
-1.688,0.818,-0.000,0.403,-56.621,7.177,532330325.000
-1.688,0.823,0.002,0.406,-56.589,7.195,532330425.000
-1.688,0.818,0.007,0.375,-56.572,7.177,532330525.000
-1.686,0.817,0.003,0.368,-56.553,7.159,532330625.000
-1.686,0.819,0.010,0.383,-56.504,7.196,532330725.000
-1.682,0.817,0.000,0.397,-56.514,7.160,532330826.000
-1.684,0.818,-0.002,0.391,-56.461,7.179,532330925.000
-1.682,0.819,0.005,0.412,-56.449,7.170,532331026.000
-1.684,0.815,0.000,0.375,-56.380,7.170,532331126.000
-1.682,0.817,0.000,0.355,-56.393,7.161,532331225.000
-1.684,0.810,-0.005,0.331,-56.372,7.152,532331325.000
-1.678,0.814,-0.005,0.382,-56.362,7.125,532331425.000
-1.680,0.818,-0.007,0.391,-56.309,7.153,532331526.000
-1.680,0.810,0.003,0.359,-56.300,7.153,532331625.000
-1.678,0.814,0.003,0.395,-56.288,7.126,532331726.000
-1.680,0.818,0.000,0.418,-56.211,7.126,532331825.000
-1.676,0.818,0.000,0.419,-56.236,7.127,532331926.000
-1.674,0.809,0.003,0.380,-56.192,7.137,532332025.000
-1.676,0.812,-0.002,0.361,-56.172,7.109,532332126.000
-1.672,0.810,-0.010,0.388,-56.174,7.100,532332225.000
-1.674,0.816,0.000,0.411,-56.103,7.110,532332326.000
-1.674,0.816,0.000,0.397,-56.079,7.110,532332425.000
-1.672,0.815,-0.002,0.404,-56.100,7.119,532332526.000
-1.672,0.812,0.000,0.375,-56.044,7.110,532332625.000
-1.670,0.811,0.000,0.395,-56.056,7.120,532332725.000
-1.670,0.806,-0.005,0.365,-56.024,7.102,532332826.000
-1.664,0.810,-0.007,0.389,-56.046,7.103,532332925.000
-1.670,0.808,0.003,0.393,-55.951,7.084,532333026.000
-1.670,0.811,0.000,0.396,-55.911,7.121,532333125.000
-1.664,0.810,0.003,0.402,-55.940,7.104,532333226.000
-1.668,0.810,-0.002,0.402,-55.883,7.103,532333326.000
-1.668,0.807,-0.004,0.401,-55.843,7.095,532333426.000
-1.668,0.809,-0.007,0.416,-55.827,7.104,532333525.000
-1.664,0.807,-0.002,0.415,-55.860,7.068,532333625.000
-1.662,0.811,0.001,0.424,-55.816,7.096,532333725.000
-1.666,0.805,-0.002,0.393,-55.774,7.077,532333826.000
-1.662,0.808,0.001,0.409,-55.767,7.087,532333926.000
-1.664,0.807,0.006,0.428,-55.737,7.069,532334026.000
-1.667,0.805,-0.004,0.407,-55.685,7.050,532334125.000
-1.658,0.803,-0.004,0.406,-55.712,7.042,532334226.000
-1.656,0.804,-0.009,0.415,-55.693,7.061,532334325.000
-1.656,0.801,-0.002,0.413,-55.668,7.052,532334425.000
-1.663,0.805,0.008,0.434,-55.596,7.052,532334526.000
-1.656,0.804,-0.002,0.442,-55.595,7.034,532334626.000
-1.654,0.805,-0.007,0.436,-55.600,7.053,532334726.000
-1.656,0.807,-0.002,0.430,-55.547,7.071,532334825.000
-1.656,0.801,0.003,0.413,-55.554,7.053,532334925.000
-1.656,0.804,-0.004,0.428,-55.506,7.035,532335026.000
-1.656,0.799,-0.002,0.384,-55.498,7.044,532335126.000
-1.659,0.800,-0.007,0.433,-55.477,7.035,532335225.000
-1.654,0.800,-0.007,0.420,-55.430,7.036,532335325.000
-1.652,0.801,-0.002,0.413,-55.451,7.027,532335425.000
-1.654,0.802,-0.004,0.421,-55.422,7.017,532335526.000
-1.655,0.797,-0.002,0.418,-55.389,7.027,532335625.000
-1.650,0.802,-0.001,0.407,-55.391,7.018,532335725.000
-1.650,0.800,0.001,0.420,-55.358,7.037,532335826.000
-1.653,0.804,0.001,0.456,-55.321,7.010,532335926.000
-1.650,0.800,-0.004,0.393,-55.326,7.037,532336026.000
-1.651,0.802,-0.011,0.450,-55.254,7.020,532336125.000
-1.649,0.798,0.001,0.440,-55.273,6.992,532336225.000
-1.651,0.794,-0.006,0.417,-55.261,6.992,532336324.000
-1.647,0.795,-0.006,0.404,-55.214,7.021,532336426.000
-1.644,0.804,-0.001,0.485,-55.210,7.012,532336525.000
-1.647,0.800,0.004,0.448,-55.205,7.012,532336625.000
-1.647,0.794,-0.001,0.404,-55.149,7.021,532336725.000
-1.642,0.802,0.004,0.449,-55.158,6.994,532336825.000
-1.645,0.798,-0.004,0.427,-55.146,6.994,532336925.000
-1.643,0.797,0.001,0.461,-55.117,7.004,532337026.000
-1.647,0.797,-0.004,0.405,-55.109,6.975,532337126.000
-1.643,0.794,-0.006,0.446,-55.069,6.995,532337225.000
-1.643,0.794,-0.014,0.419,-55.070,6.967,532337326.000
-1.638,0.794,0.001,0.432,-55.070,6.996,532337425.000
-1.645,0.793,-0.006,0.438,-55.008,6.977,532337525.000
-1.638,0.794,-0.004,0.419,-55.014,6.968,532337625.000
-1.641,0.790,-0.001,0.464,-54.992,6.969,532337726.000
-1.641,0.793,-0.009,0.466,-54.969,6.950,532337825.000
-1.637,0.790,-0.001,0.424,-54.945,6.997,532337925.000
-1.636,0.790,-0.009,0.424,-54.946,6.969,532338026.000
-1.639,0.797,-0.001,0.475,-54.908,6.979,532338126.000
-1.639,0.797,-0.004,0.475,-54.892,6.951,532338225.000
-1.637,0.790,-0.009,0.466,-54.873,6.970,532338325.000
-1.637,0.790,-0.004,0.437,-54.856,6.943,532338424.000
-1.635,0.791,-0.006,0.459,-54.877,6.961,532338525.000
-1.637,0.790,-0.009,0.452,-54.800,6.971,532338626.000
-1.635,0.789,-0.006,0.430,-54.805,6.952,532338725.000
-1.635,0.786,-0.003,0.429,-54.796,6.943,532338824.000
-1.633,0.787,-0.006,0.450,-54.769,6.935,532338924.000
-1.628,0.793,-0.006,0.468,-54.770,6.954,532339024.000
-1.635,0.791,-0.003,0.487,-54.699,6.935,532339126.000
-1.631,0.791,-0.008,0.474,-54.717,6.936,532339225.000
-1.633,0.790,-0.001,0.466,-54.704,6.972,532339324.000
-1.631,0.786,-0.001,0.443,-54.668,6.945,532339425.000
-1.629,0.785,-0.003,0.450,-54.689,6.955,532339525.000
-1.629,0.795,-0.003,0.510,-54.640,6.937,532339625.000
-1.631,0.791,-0.011,0.460,-54.628,6.908,532339724.000
-1.631,0.791,-0.003,0.473,-54.603,6.936,532339824.000
-1.631,0.786,-0.008,0.444,-54.571,6.946,532339925.000
-1.627,0.791,-0.008,0.502,-54.597,6.937,532340024.000
-1.629,0.787,-0.003,0.465,-54.543,6.937,532340124.000
-1.629,0.785,-0.008,0.491,-54.535,6.929,532340225.000
-1.629,0.785,-0.006,0.477,-54.527,6.929,532340324.000
-1.627,0.786,-0.011,0.485,-54.508,6.920,532340424.000
-1.623,0.788,-0.006,0.501,-54.517,6.930,532340525.000
-1.625,0.787,-0.001,0.520,-54.487,6.911,532340626.000
-1.625,0.787,-0.003,0.493,-54.471,6.911,532340725.000
-1.618,0.786,-0.003,0.499,-54.485,6.894,532340824.000
-1.623,0.786,-0.008,0.499,-54.428,6.893,532340924.000
-1.623,0.783,0.002,0.470,-54.419,6.940,532341024.000
-1.623,0.783,-0.011,0.485,-54.412,6.912,532341124.000
-1.621,0.782,-0.006,0.477,-54.408,6.894,532341225.000
-1.619,0.781,-0.006,0.470,-54.372,6.931,532341325.000
-1.621,0.784,-0.003,0.506,-54.351,6.904,532341424.000
-1.621,0.784,-0.006,0.506,-54.335,6.904,532341525.000
-1.619,0.783,-0.006,0.485,-54.324,6.913,532341624.000
-1.615,0.780,-0.006,0.456,-54.325,6.905,532341724.000
-1.619,0.788,-0.006,0.557,-54.299,6.905,532341824.000
-1.615,0.780,-0.005,0.470,-54.300,6.877,532341925.000
-1.621,0.782,-0.006,0.491,-54.238,6.895,532342024.000
-1.617,0.784,-0.008,0.534,-54.247,6.905,532342125.000
-1.617,0.782,-0.003,0.491,-54.231,6.896,532342225.000
-1.619,0.783,-0.003,0.526,-54.218,6.887,532342324.000
-1.617,0.782,-0.005,0.519,-54.215,6.896,532342424.000
-1.613,0.776,-0.005,0.489,-54.192,6.879,532342525.000
-1.617,0.782,-0.001,0.505,-54.174,6.897,532342625.000
-1.619,0.780,-0.001,0.497,-54.113,6.878,532342725.000
-1.615,0.778,-0.001,0.482,-54.138,6.897,532342825.000
-1.615,0.778,-0.003,0.510,-54.122,6.898,532342924.000
-1.617,0.781,-0.008,0.533,-54.077,6.870,532343025.000
-1.613,0.776,-0.000,0.502,-54.102,6.880,532343124.000
-1.607,0.780,-0.008,0.526,-54.141,6.853,532343224.000
-1.609,0.776,-0.010,0.490,-54.088,6.853,532343325.000
-1.613,0.779,-0.003,0.490,-54.038,6.862,532343425.000
-1.611,0.780,-0.008,0.499,-54.019,6.880,532343525.000
-1.609,0.773,-0.005,0.502,-54.023,6.844,532343624.000
-1.611,0.777,-0.003,0.497,-54.026,6.871,532343724.000
-1.611,0.775,-0.010,0.537,-53.978,6.863,532343824.000
-1.609,0.776,-0.000,0.517,-53.958,6.854,532343925.000
-1.613,0.779,-0.010,0.546,-53.941,6.863,532344026.000
-1.611,0.775,-0.015,0.523,-53.922,6.835,532344126.000
-1.609,0.776,-0.008,0.531,-53.934,6.854,532344225.000
-1.611,0.777,-0.010,0.538,-53.905,6.845,532344325.000
-1.609,0.776,-0.008,0.545,-53.909,6.855,532344425.000
-1.605,0.773,-0.005,0.516,-53.927,6.846,532344525.000
-1.605,0.776,-0.005,0.559,-53.926,6.827,532344625.000
-1.605,0.771,-0.005,0.501,-53.878,6.865,532344726.000
-1.607,0.775,-0.005,0.509,-53.841,6.837,532344826.000
-1.603,0.775,-0.005,0.565,-53.866,6.838,532344926.000
-1.603,0.780,-0.008,0.541,-53.851,6.856,532345026.000
-1.605,0.776,-0.003,0.559,-53.797,6.856,532345126.000
-1.603,0.772,-0.008,0.536,-53.778,6.829,532345226.000
-1.603,0.769,-0.005,0.480,-53.770,6.847,532345326.000
-1.603,0.772,-0.005,0.509,-53.745,6.829,532345426.000
-1.603,0.772,-0.005,0.509,-53.745,6.829,532345525.000
-1.599,0.772,-0.008,0.523,-53.731,6.830,532345625.000
-1.599,0.775,-0.005,0.525,-53.722,6.839,532345725.000
-1.597,0.771,-0.005,0.516,-53.711,6.812,532345825.000
-1.601,0.773,-0.005,0.544,-53.661,6.821,532345925.000
-1.604,0.774,-0.003,0.538,-53.640,6.839,532346026.000
-1.597,0.773,-0.010,0.531,-53.679,6.821,532346125.000
-1.601,0.770,-0.005,0.515,-53.637,6.812,532346226.000
-1.602,0.765,-0.008,0.513,-53.621,6.821,532346326.000
-1.602,0.770,-0.005,0.501,-53.613,6.812,532346425.000
-1.599,0.769,-0.017,0.495,-53.594,6.794,532346525.000
-1.597,0.770,-0.010,0.530,-53.557,6.813,532346625.000
-1.597,0.768,-0.007,0.514,-53.573,6.804,532346726.000
-1.597,0.768,-0.007,0.542,-53.573,6.804,532346826.000
-1.595,0.772,-0.010,0.551,-53.546,6.804,532346925.000
-1.598,0.768,-0.005,0.542,-53.492,6.805,532347026.000
-1.595,0.774,-0.005,0.594,-53.529,6.814,532347125.000
-1.593,0.770,-0.005,0.558,-53.517,6.814,532347225.000
-1.593,0.768,0.000,0.528,-53.525,6.805,532347326.000
-1.593,0.768,-0.005,0.542,-53.469,6.806,532347426.000
-1.593,0.768,-0.007,0.515,-53.453,6.778,532347525.000
-1.593,0.770,-0.007,0.558,-53.453,6.815,532347626.000
-1.591,0.769,-0.010,0.551,-53.450,6.824,532347725.000
-1.591,0.766,-0.002,0.549,-53.425,6.788,532347825.000
-1.589,0.768,-0.005,0.515,-53.446,6.806,532347925.000
-1.589,0.770,-0.005,0.572,-53.421,6.788,532348025.000
-1.591,0.769,-0.010,0.551,-53.401,6.797,532348125.000
-1.593,0.770,-0.015,0.585,-53.405,6.760,532348225.000
-1.587,0.766,-0.007,0.536,-53.394,6.789,532348325.000
-1.592,0.766,-0.002,0.562,-53.352,6.789,532348426.000
-1.594,0.762,-0.010,0.540,-53.340,6.788,532348526.000
-1.585,0.760,-0.010,0.581,-53.293,6.754,532348626.000
-1.587,0.759,-0.002,0.518,-53.329,6.790,532348725.000
-1.587,0.764,-0.010,0.563,-53.305,6.808,532348825.000
-1.590,0.767,-0.005,0.557,-53.276,6.780,532348926.000
-1.587,0.766,-0.007,0.605,-53.272,6.790,532349025.000
-1.590,0.762,-0.007,0.568,-53.235,6.762,532349125.000
-1.585,0.765,-0.005,0.583,-53.228,6.772,532349225.000
-1.590,0.760,-0.007,0.553,-53.187,6.781,532349326.000
-1.581,0.762,0.000,0.569,-53.237,6.791,532349426.000
-1.588,0.761,-0.012,0.533,-53.168,6.772,532349526.000
-1.581,0.762,-0.007,0.596,-53.189,6.764,532349626.000
-1.586,0.762,-0.007,0.541,-53.164,6.763,532349726.000
-1.586,0.767,0.008,0.612,-53.138,6.782,532349826.000
-1.581,0.760,-0.002,0.567,-53.148,6.783,532349926.000
-1.584,0.761,-0.005,0.561,-53.144,6.773,532350025.000
-1.584,0.761,-0.005,0.547,-53.120,6.746,532350126.000
-1.584,0.761,-0.009,0.616,-53.063,6.747,532350226.000
-1.582,0.757,-0.002,0.566,-53.075,6.747,532350326.000
-1.584,0.761,-0.002,0.629,-53.038,6.747,532350425.000
-1.584,0.758,-0.004,0.587,-53.022,6.738,532350525.000
-1.582,0.762,-0.002,0.582,-53.051,6.738,532350625.000
-1.584,0.758,-0.007,0.587,-53.006,6.766,532350726.000
-1.580,0.758,-0.002,0.588,-53.015,6.766,532350825.000
-1.580,0.758,-0.007,0.574,-53.008,6.738,532350926.000
-1.582,0.759,-0.002,0.623,-53.002,6.785,532351026.000
-1.575,0.761,-0.009,0.617,-53.017,6.748,532351125.000
-1.584,0.755,-0.005,0.558,-52.950,6.757,532351225.000
-1.580,0.761,-0.012,0.603,-52.951,6.748,532351325.000
-1.582,0.762,-0.007,0.624,-52.898,6.767,532351426.000
-1.578,0.759,-0.002,0.609,-52.955,6.758,532351525.000
-1.580,0.758,-0.004,0.615,-52.902,6.740,532351625.000
-1.576,0.761,-0.004,0.617,-52.903,6.749,532351726.000
-1.576,0.758,-0.012,0.602,-52.904,6.740,532351826.000
-1.576,0.761,-0.007,0.645,-52.887,6.750,532351926.000
-1.573,0.757,-0.002,0.608,-52.908,6.750,532352026.000
-1.580,0.755,-0.007,0.600,-52.837,6.731,532352126.000
-1.576,0.755,-0.004,0.600,-52.830,6.732,532352225.000
-1.576,0.755,-0.002,0.600,-52.846,6.731,532352326.000
-1.574,0.757,-0.009,0.609,-52.860,6.750,532352426.000
-1.576,0.755,-0.002,0.614,-52.822,6.759,532352526.000
-1.574,0.759,-0.012,0.652,-52.843,6.732,532352626.000
-1.574,0.754,-0.004,0.607,-52.819,6.741,532352726.000
-1.572,0.755,-0.004,0.656,-52.807,6.733,532352826.000
-1.569,0.757,0.001,0.650,-52.827,6.751,532352926.000
-1.576,0.753,-0.009,0.641,-52.749,6.723,532353025.000
-1.572,0.758,-0.002,0.616,-52.775,6.742,532353125.000
-1.567,0.753,-0.012,0.601,-52.809,6.724,532353225.000
-1.574,0.756,-0.004,0.636,-52.746,6.724,532353325.000
-1.574,0.756,-0.007,0.650,-52.706,6.752,532353426.000
-1.570,0.756,-0.007,0.650,-52.731,6.724,532353526.000
-1.570,0.759,-0.007,0.679,-52.755,6.706,532353625.000
-1.567,0.755,-0.012,0.657,-52.736,6.734,532353725.000
-1.568,0.750,-0.007,0.641,-52.695,6.744,532353826.000
-1.574,0.756,-0.004,0.650,-52.673,6.724,532353925.000
-1.568,0.750,-0.007,0.655,-52.671,6.744,532354025.000
-1.574,0.754,-0.009,0.662,-52.641,6.715,532354125.000
-1.568,0.755,-0.007,0.643,-52.647,6.735,532354226.000
-1.563,0.753,-0.007,0.656,-52.672,6.726,532354326.000
-1.574,0.749,-0.007,0.618,-52.584,6.725,532354425.000
-1.568,0.755,-0.007,0.657,-52.622,6.707,532354525.000
-1.568,0.750,-0.007,0.640,-52.598,6.717,532354625.000
-1.568,0.752,-0.004,0.656,-52.614,6.726,532354726.000
-1.568,0.755,-0.002,0.698,-52.581,6.708,532354825.000
-1.570,0.751,-0.002,0.689,-52.544,6.763,532354926.000
-1.570,0.748,-0.007,0.674,-52.560,6.699,532355025.000
-1.568,0.747,-0.012,0.626,-52.566,6.708,532355125.000
-1.566,0.743,-0.009,0.631,-52.546,6.736,532355225.000
-1.566,0.746,-0.014,0.660,-52.538,6.718,532355325.000
-1.564,0.747,-0.009,0.654,-52.559,6.709,532355425.000
-1.562,0.748,-0.002,0.674,-52.546,6.700,532355526.000
-1.566,0.751,-0.004,0.676,-52.481,6.709,532355626.000
-1.568,0.750,-0.002,0.682,-52.460,6.718,532355725.000
-1.564,0.750,-0.012,0.669,-52.494,6.718,532355825.000
-1.564,0.747,-0.004,0.639,-52.469,6.709,532355925.000
-1.564,0.747,-0.007,0.681,-52.477,6.710,532356026.000
-1.562,0.751,0.001,0.704,-52.441,6.738,532356126.000
-1.566,0.748,-0.002,0.674,-52.424,6.728,532356225.000
-1.564,0.747,-0.009,0.667,-52.437,6.710,532356326.000
-1.562,0.746,-0.004,0.660,-52.433,6.719,532356425.000
-1.564,0.747,0.001,0.680,-52.428,6.710,532356526.000
-1.564,0.744,-0.002,0.652,-52.388,6.701,532356625.000
-1.562,0.748,-0.009,0.689,-52.377,6.701,532356725.000
-1.560,0.747,-0.009,0.696,-52.414,6.711,532356825.000
-1.562,0.746,-0.009,0.646,-52.377,6.692,532356926.000
-1.558,0.748,-0.001,0.689,-52.402,6.702,532357026.000
-1.562,0.748,-0.009,0.703,-52.353,6.702,532357125.000
-1.562,0.746,-0.004,0.687,-52.336,6.693,532357225.000
-1.558,0.743,-0.011,0.687,-52.338,6.712,532357326.000
-1.558,0.743,-0.006,0.673,-52.345,6.684,532357426.000
-1.560,0.749,-0.011,0.711,-52.349,6.693,532357526.000
-1.556,0.747,-0.004,0.696,-52.326,6.712,532357625.000
-1.560,0.747,-0.006,0.696,-52.333,6.712,532357725.000
-1.560,0.747,-0.001,0.681,-52.292,6.712,532357825.000
-1.560,0.747,-0.006,0.696,-52.284,6.712,532357926.000
-1.556,0.742,-0.009,0.666,-52.294,6.694,532358026.000
