0.046,-0.086,-0.090,2.140,1.884,0.274,531295506.000
0.046,-0.086,-0.090,2.140,1.884,0.274,531295606.000
0.048,-0.082,-0.087,2.163,1.856,0.274,531295706.000
0.046,-0.088,-0.085,2.111,1.876,0.293,531295806.000
0.046,-0.086,-0.095,2.127,1.892,0.302,531295907.000
0.046,-0.086,-0.087,2.154,1.893,0.274,531296006.000
0.048,-0.082,-0.087,2.149,1.880,0.274,531296107.000
0.046,-0.088,-0.080,2.111,1.893,0.293,531296207.000
0.048,-0.087,-0.090,2.133,1.872,0.284,531296307.000
0.048,-0.084,-0.085,2.162,1.864,0.293,531296406.000
0.050,-0.083,-0.082,2.128,1.859,0.284,531296507.000
0.042,-0.086,-0.085,2.140,1.926,0.302,531296606.000
0.048,-0.085,-0.090,2.148,1.872,0.265,531296707.000
0.048,-0.084,-0.090,2.135,1.896,0.293,531296807.000
0.048,-0.087,-0.085,2.133,1.888,0.284,531296906.000
0.046,-0.083,-0.087,2.169,1.893,0.284,531297006.000
0.048,-0.085,-0.092,2.162,1.863,0.265,531297107.000
0.046,-0.083,-0.087,2.169,1.893,0.284,531297206.000
0.044,-0.087,-0.092,2.119,1.889,0.283,531297307.000
0.048,-0.082,-0.085,2.149,1.864,0.274,531297406.000
0.048,-0.079,-0.092,2.193,1.912,0.284,531297507.000
0.053,-0.082,-0.090,2.178,1.870,0.275,531297607.000
0.044,-0.087,-0.082,2.105,1.897,0.283,531297706.000
0.048,-0.082,-0.095,2.150,1.879,0.274,531297807.000
0.046,-0.083,-0.087,2.142,1.892,0.283,531297907.000
0.046,-0.083,-0.087,2.142,1.892,0.283,531298006.000
0.048,-0.082,-0.087,2.177,1.880,0.275,531298106.000
0.046,-0.086,-0.085,2.127,1.876,0.302,531298206.000
0.046,-0.086,-0.087,2.099,1.892,0.274,531298306.000
0.048,-0.082,-0.090,2.150,1.896,0.274,531298407.000
0.046,-0.086,-0.082,2.126,1.909,0.302,531298507.000
0.046,-0.083,-0.085,2.155,1.901,0.284,531298607.000
0.050,-0.083,-0.087,2.156,1.891,0.256,531298707.000
0.050,-0.083,-0.080,2.169,1.868,0.284,531298806.000
0.044,-0.082,-0.085,2.135,1.913,0.274,531298906.000
0.050,-0.081,-0.087,2.185,1.867,0.266,531299007.000
0.048,-0.087,-0.090,2.119,1.896,0.256,531299106.000
0.052,-0.085,-0.090,2.149,1.895,0.266,531299206.000
0.046,-0.083,-0.087,2.142,1.892,0.283,531299307.000
0.046,-0.086,-0.092,2.113,1.900,0.274,531299406.000
0.053,-0.082,-0.087,2.150,1.854,0.302,531299507.000
0.046,-0.086,-0.092,2.141,1.900,0.274,531299606.000
0.048,-0.090,-0.087,2.118,1.856,0.274,531299707.000
0.046,-0.086,-0.090,2.140,1.884,0.274,531299807.000
0.046,-0.086,-0.087,2.154,1.893,0.274,531299907.000
0.046,-0.091,-0.077,2.123,1.926,0.284,531300006.000
0.046,-0.088,-0.092,2.126,1.900,0.293,531300107.000
0.042,-0.086,-0.095,2.126,1.917,0.274,531300206.000
0.046,-0.091,-0.087,2.124,1.893,0.284,531300307.000
0.044,-0.090,-0.090,2.131,1.921,0.274,531300407.000
0.046,-0.083,-0.085,2.197,1.877,0.284,531300506.000
0.050,-0.086,-0.092,2.169,1.875,0.275,531300606.000
0.046,-0.083,-0.092,2.142,1.876,0.283,531300707.000
0.046,-0.086,-0.092,2.113,1.900,0.274,531300807.000
0.044,-0.087,-0.085,2.077,1.913,0.283,531300906.000
0.046,-0.086,-0.087,2.127,1.892,0.302,531301006.000
0.044,-0.087,-0.087,2.105,1.929,0.283,531301106.000
0.050,-0.083,-0.090,2.156,1.859,0.284,531301206.000
0.046,-0.086,-0.090,2.140,1.884,0.274,531301307.000
0.048,-0.082,-0.087,2.149,1.880,0.274,531301407.000
0.046,-0.083,-0.092,2.101,1.900,0.283,531301506.000
0.050,-0.086,-0.087,2.127,1.867,0.275,531301606.000
0.048,-0.087,-0.085,2.105,1.888,0.284,531301706.000
0.046,-0.086,-0.090,2.140,1.884,0.274,531301807.000
0.046,-0.086,-0.077,2.126,1.926,0.275,531301907.000
0.046,-0.083,-0.090,2.156,1.884,0.283,531302006.000
0.046,-0.086,-0.080,2.098,1.893,0.274,531302106.000
0.048,-0.085,-0.090,2.148,1.872,0.265,531302206.000
0.046,-0.081,-0.092,2.171,1.900,0.265,531302307.000
0.046,-0.086,-0.090,2.140,1.884,0.274,531302407.000
0.046,-0.086,-0.087,2.154,1.893,0.302,531302507.000
0.044,-0.082,-0.090,2.177,1.921,0.274,531302606.000
0.050,-0.086,-0.085,2.113,1.875,0.275,531302706.000
0.050,-0.086,-0.085,2.127,1.851,0.302,531302806.000
0.046,-0.078,-0.085,2.186,1.901,0.274,531302906.000
0.046,-0.083,-0.087,2.156,1.917,0.284,531303006.000
0.050,-0.083,-0.082,2.156,1.908,0.312,531303107.000
0.050,-0.086,-0.087,2.127,1.867,0.275,531303207.000
0.046,-0.088,-0.092,2.112,1.876,0.292,531303306.000
0.048,-0.085,-0.087,2.134,1.880,0.265,531303406.000
0.044,-0.087,-0.085,2.132,1.914,0.283,531303506.000
0.048,-0.087,-0.087,2.119,1.880,0.256,531303607.000
0.048,-0.082,-0.087,2.136,1.904,0.274,531303706.000
0.048,-0.085,-0.085,2.134,1.864,0.265,531303806.000
0.046,-0.086,-0.092,2.141,1.900,0.274,531303907.000
0.044,-0.085,-0.082,2.161,1.922,0.293,531304006.000
0.046,-0.081,-0.082,2.170,1.885,0.265,531304106.000
0.046,-0.088,-0.092,2.112,1.876,0.265,531304206.000
0.046,-0.086,-0.090,2.140,1.884,0.274,531304306.000
0.046,-0.088,-0.092,2.125,1.900,0.265,531304406.000
0.048,-0.085,-0.095,2.135,1.879,0.265,531304507.000
0.048,-0.084,-0.090,2.135,1.896,0.293,531304607.000
0.048,-0.085,-0.090,2.148,1.872,0.265,531304706.000
0.046,-0.081,-0.087,2.157,1.893,0.265,531304806.000
0.046,-0.083,-0.095,2.142,1.892,0.283,531304906.000
0.046,-0.083,-0.087,2.169,1.893,0.284,531305006.000
0.044,-0.084,-0.092,2.121,1.913,0.292,531305106.000
0.044,-0.087,-0.090,2.119,1.921,0.283,531305207.000
0.048,-0.087,-0.087,2.119,1.880,0.284,531305306.000
0.048,-0.082,-0.087,2.163,1.904,0.275,531305407.000
0.044,-0.087,-0.087,2.146,1.905,0.283,531305507.000
0.050,-0.086,-0.087,2.127,1.867,0.275,531305607.000
0.046,-0.086,-0.090,2.155,1.909,0.302,531305707.000
0.046,-0.083,-0.090,2.142,1.860,0.283,531305806.000
0.046,-0.083,-0.087,2.128,1.868,0.255,531305907.000
0.044,-0.087,-0.087,2.119,1.905,0.283,531306006.000
0.046,-0.086,-0.092,2.127,1.876,0.274,531306107.000
0.046,-0.086,-0.090,2.127,1.908,0.274,531306206.000
0.048,-0.087,-0.090,2.133,1.872,0.256,531306306.000
0.048,-0.085,-0.090,2.162,1.896,0.265,531306406.000
0.044,-0.084,-0.090,2.148,1.897,0.292,531306506.000
0.048,-0.084,-0.090,2.149,1.920,0.293,531306607.000
0.046,-0.083,-0.085,2.128,1.901,0.283,531306707.000
0.044,-0.087,-0.092,2.119,1.889,0.255,531306806.000
0.046,-0.086,-0.090,2.127,1.908,0.274,531306907.000
0.048,-0.084,-0.092,2.149,1.887,0.293,531307007.000
0.050,-0.083,-0.090,2.143,1.883,0.284,531307106.000
0.050,-0.083,-0.085,2.156,1.924,0.284,531307206.000
0.044,-0.085,-0.087,2.162,1.905,0.293,531307306.000
0.050,-0.086,-0.092,2.114,1.874,0.274,531307406.000
0.046,-0.086,-0.095,2.058,1.915,0.246,531307507.000
0.042,-0.088,-0.093,2.001,1.900,0.319,531307606.000
0.059,-0.075,-0.092,1.927,1.821,0.282,531307707.000
0.047,-0.065,-0.093,1.710,1.750,0.231,531307806.000
0.049,-0.063,-0.088,1.496,1.751,0.221,531307906.000
0.045,-0.055,-0.090,1.251,1.620,0.189,531308006.000
0.045,-0.037,-0.091,0.958,1.544,0.194,531308106.000
0.048,-0.024,-0.086,0.584,1.398,0.162,531308206.000
0.046,-0.010,-0.079,0.197,1.261,0.138,531308307.000
0.040,-0.003,-0.089,-0.206,1.117,0.114,531308407.000
0.035,0.022,-0.085,-0.657,0.851,0.096,531308506.000
0.036,0.041,-0.080,-1.049,0.572,0.044,531308606.000
0.031,0.061,-0.091,-1.404,0.184,0.036,531308706.000
0.023,0.078,-0.071,-1.758,-0.285,0.027,531308806.000
0.008,0.096,-0.074,-2.137,-0.826,-0.002,531308906.000
-0.007,0.126,-0.080,-2.552,-1.522,-0.024,531309006.000
-0.022,0.140,-0.068,-2.963,-2.305,-0.019,531309107.000
-0.039,0.165,-0.071,-3.333,-3.125,-0.069,531309207.000
-0.056,0.189,-0.064,-3.718,-3.961,-0.074,531309306.000
-0.082,0.214,-0.068,-4.089,-4.827,-0.071,531309407.000
-0.096,0.236,-0.056,-4.426,-5.706,-0.065,531309507.000
-0.117,0.264,-0.056,-4.823,-6.638,-0.109,531309606.000
-0.130,0.288,-0.047,-5.208,-7.564,-0.085,531309706.000
-0.161,0.322,-0.053,-5.554,-8.521,-0.121,531309807.000
-0.180,0.336,-0.054,-5.951,-9.417,-0.089,531309907.000
-0.203,0.371,-0.049,-6.434,-10.491,-0.126,531310007.000
-0.217,0.399,-0.048,-6.782,-11.477,-0.076,531310107.000
-0.251,0.430,-0.041,-7.166,-12.478,-0.084,531310206.000
-0.274,0.457,-0.032,-7.543,-13.509,-0.092,531310307.000
-0.296,0.482,-0.030,-8.059,-14.615,-0.082,531310407.000
-0.325,0.507,-0.026,-8.445,-15.674,-0.081,531310506.000
-0.348,0.535,-0.025,-8.835,-16.779,-0.034,531310607.000
-0.375,0.567,-0.028,-9.182,-17.802,-0.023,531310707.000
-0.396,0.598,-0.014,-9.605,-18.952,-0.004,531310806.000
-0.423,0.633,-0.020,-10.005,-20.033,0.015,531310906.000
-0.447,0.657,-0.011,-10.502,-21.174,0.034,531311007.000
-0.478,0.692,-0.011,-10.793,-22.260,0.080,531311107.000
-0.503,0.716,-0.010,-11.261,-23.401,0.099,531311206.000
-0.532,0.752,-0.006,-11.724,-24.510,0.135,531311307.000
-0.552,0.776,0.001,-12.179,-25.684,0.155,531311407.000
-0.586,0.812,0.007,-12.559,-26.782,0.163,531311506.000
-0.606,0.841,0.006,-13.038,-27.909,0.229,531311607.000
-0.643,0.885,0.010,-13.373,-29.160,0.291,531311707.000
-0.664,0.911,0.017,-13.867,-30.287,0.319,531311807.000
-0.695,0.941,0.010,-14.367,-31.416,0.373,531311907.000
-0.722,0.969,0.019,-14.758,-32.640,0.419,531312006.000
-0.753,1.004,0.026,-15.283,-33.752,0.491,531312107.000
-0.781,1.041,0.032,-15.705,-34.998,0.527,531312206.000
-0.810,1.069,0.026,-16.143,-36.114,0.563,531312307.000
-0.844,1.103,0.037,-16.621,-37.294,0.645,531312407.000
-0.870,1.134,0.039,-17.010,-38.495,0.727,531312507.000
-0.903,1.170,0.043,-17.445,-39.723,0.790,531312607.000
-0.932,1.204,0.044,-17.880,-40.937,0.872,531312707.000
-0.957,1.236,0.043,-18.302,-42.063,0.973,531312807.000
-0.990,1.265,0.044,-18.783,-43.275,1.008,531312907.000
-1.025,1.300,0.051,-19.156,-44.530,1.108,531313007.000
-1.058,1.337,0.052,-19.701,-45.695,1.198,531313108.000
-1.084,1.372,0.063,-20.075,-46.984,1.270,531313207.000
-1.117,1.406,0.064,-20.552,-48.197,1.351,531313308.000
-1.153,1.439,0.076,-20.844,-49.362,1.471,531313407.000
-1.179,1.472,0.072,-21.328,-50.581,1.534,531313507.000
-1.212,1.511,0.073,-21.803,-51.745,1.633,531313607.000
-1.235,1.534,0.074,-22.277,-52.900,1.744,531313707.000
-1.268,1.573,0.081,-22.710,-54.023,1.844,531313807.000
-1.293,1.588,0.085,-22.824,-55.104,1.950,531313907.000
-1.325,1.605,0.082,-22.778,-56.170,2.074,531314008.000
-1.365,1.617,0.088,-22.654,-57.200,2.208,531314108.000
-1.392,1.623,0.095,-22.282,-58.255,2.355,531314207.000
-1.426,1.614,0.090,-21.856,-59.336,2.493,531314307.000
-1.462,1.615,0.089,-21.350,-60.291,2.677,531314408.000
-1.492,1.617,0.097,-20.808,-61.283,2.799,531314508.000
-1.526,1.609,0.094,-20.410,-62.284,2.964,531314608.000
-1.555,1.611,0.101,-19.951,-63.373,3.112,531314707.000
-1.589,1.608,0.103,-19.564,-64.285,3.241,531314807.000
-1.619,1.610,0.090,-19.117,-65.320,3.416,531314907.000
-1.655,1.603,0.089,-18.781,-66.348,3.544,531315007.000
-1.689,1.608,0.106,-18.309,-67.428,3.672,531315107.000
-1.722,1.607,0.101,-17.893,-68.510,3.809,531315207.000
-1.758,1.611,0.108,-17.524,-69.586,3.974,531315307.000
-1.794,1.609,0.107,-17.101,-70.614,4.148,531315407.000
-1.830,1.610,0.104,-16.760,-71.603,4.303,531315508.000
-1.860,1.612,0.106,-16.356,-72.662,4.450,531315607.000
-1.894,1.609,0.106,-16.011,-73.630,4.579,531315708.000
-1.923,1.616,0.113,-15.646,-74.745,4.716,531315807.000
-1.957,1.618,0.112,-15.284,-75.690,4.863,531315907.000
-1.991,1.618,0.117,-14.909,-76.618,5.001,531316007.000
-2.023,1.619,0.126,-14.583,-77.590,5.157,531316106.000
-2.055,1.625,0.126,-14.225,-78.645,5.275,531316206.000
-2.080,1.624,0.120,-13.918,-79.633,5.414,531316306.000
-2.116,1.628,0.122,-13.576,-80.484,5.579,531316407.000
-2.146,1.627,0.119,-13.201,-81.535,5.717,531316507.000
-2.180,1.632,0.119,-12.906,-82.481,5.845,531316606.000
-2.210,1.629,0.121,-12.587,-83.442,6.001,531316707.000
-2.248,1.631,0.123,-12.268,-84.354,6.120,531316807.000
-2.280,1.634,0.127,-11.939,-85.367,6.257,531316907.000
-2.307,1.641,0.124,-11.622,-86.408,6.431,531317007.000
-2.343,1.644,0.136,-11.267,-87.347,6.569,531317107.000
-2.371,1.640,0.130,-10.997,-88.298,6.707,531317207.000
-2.409,1.642,0.132,-10.663,-89.330,6.825,531317306.000
-2.440,1.651,0.127,-10.317,-90.402,7.007,531317407.000
-2.470,1.653,0.136,-10.010,-91.339,7.127,531317507.000
-2.502,1.651,0.141,-9.712,-92.305,7.274,531317607.000
-2.534,1.660,0.135,-9.408,-93.304,7.429,531317707.000
-2.574,1.663,0.142,-9.095,-94.307,7.565,531317806.000
-2.600,1.660,0.144,-8.858,-95.198,7.722,531317907.000
-2.631,1.666,0.139,-8.556,-96.221,7.785,531318007.000
-2.663,1.667,0.143,-8.284,-97.211,7.968,531318106.000
-2.699,1.673,0.140,-7.954,-98.176,8.114,531318206.000
-2.725,1.675,0.144,-7.660,-99.083,8.262,531318306.000
-2.761,1.679,0.159,-7.416,-99.990,8.343,531318407.000
-2.791,1.686,0.153,-7.105,-100.978,8.508,531318507.000
-2.815,1.682,0.163,-6.932,-101.736,8.620,531318607.000
-2.831,1.684,0.150,-6.697,-102.134,8.681,531318706.000
-2.841,1.683,0.150,-6.623,-102.361,8.715,531318807.000
-2.839,1.682,0.155,-6.575,-102.163,8.727,531318906.000
-2.823,1.674,0.150,-6.632,-101.820,8.676,531319006.000
-2.814,1.669,0.155,-6.709,-101.286,8.626,531319107.000
-2.798,1.669,0.153,-6.666,-100.862,8.550,531319206.000
-2.784,1.654,0.151,-6.775,-100.499,8.518,531319306.000
-2.772,1.659,0.144,-6.743,-100.139,8.485,531319406.000
-2.764,1.658,0.149,-6.756,-99.810,8.434,531319506.000
-2.754,1.647,0.152,-6.823,-99.453,8.411,531319607.000
-2.746,1.646,0.150,-6.836,-99.172,8.386,531319707.000
-2.743,1.643,0.152,-6.850,-98.874,8.352,531319807.000
-2.731,1.640,0.143,-6.850,-98.571,8.292,531319907.000
-2.723,1.632,0.143,-6.894,-98.331,8.268,531320006.000
-2.715,1.634,0.141,-6.823,-98.074,8.225,531320107.000
-2.707,1.629,0.146,-6.894,-97.842,8.210,531320207.000
-2.701,1.628,0.136,-6.900,-97.623,8.194,531320307.000
-2.693,1.622,0.143,-6.903,-97.382,8.151,531320406.000
-2.687,1.618,0.136,-6.882,-97.153,8.154,531320506.000
-2.682,1.611,0.146,-6.907,-96.940,8.120,531320606.000
-2.678,1.611,0.139,-6.919,-96.699,8.123,531320707.000
-2.668,1.610,0.142,-6.926,-96.536,8.079,531320807.000
-2.664,1.612,0.142,-6.882,-96.319,8.064,531320907.000
-2.656,1.601,0.147,-6.901,-96.134,8.058,531321007.000
-2.652,1.601,0.139,-6.914,-95.942,8.032,531321106.000
-2.650,1.600,0.137,-6.907,-95.721,8.016,531321207.000
-2.642,1.599,0.140,-6.892,-95.569,7.990,531321307.000
-2.638,1.594,0.135,-6.908,-95.393,7.974,531321406.000
-2.635,1.589,0.140,-6.911,-95.207,7.958,531321506.000
-2.631,1.588,0.138,-6.910,-94.974,7.933,531321606.000
-2.623,1.588,0.140,-6.881,-94.895,7.935,531321706.000
-2.621,1.584,0.140,-6.863,-94.689,7.910,531321806.000
-2.613,1.584,0.138,-6.847,-94.555,7.912,531321907.000
-2.611,1.580,0.138,-6.898,-94.373,7.886,531322006.000
-2.605,1.576,0.133,-6.906,-94.258,7.860,531322107.000
-2.599,1.577,0.131,-6.869,-94.086,7.854,531322206.000
-2.597,1.576,0.131,-6.863,-93.929,7.809,531322307.000
-2.589,1.573,0.131,-6.863,-93.810,7.830,531322407.000
-2.585,1.568,0.134,-6.893,-93.657,7.813,531322507.000
-2.588,1.566,0.134,-6.860,-93.475,7.796,531322606.000
-2.580,1.566,0.126,-6.844,-93.356,7.771,531322706.000
-2.578,1.565,0.139,-6.852,-93.206,7.809,531322806.000
-2.570,1.562,0.137,-6.811,-93.095,7.747,531322907.000
-2.563,1.560,0.129,-6.818,-92.988,7.731,531323006.000
-2.564,1.560,0.132,-6.818,-92.810,7.732,531323106.000
-2.560,1.552,0.134,-6.849,-92.730,7.734,531323206.000
-2.558,1.551,0.132,-6.856,-92.582,7.717,531323306.000
-2.550,1.551,0.130,-6.800,-92.470,7.692,531323407.000
-2.550,1.548,0.137,-6.816,-92.324,7.684,531323507.000
-2.544,1.547,0.130,-6.822,-92.217,7.667,531323607.000
-2.542,1.543,0.125,-6.830,-92.125,7.668,531323706.000
-2.543,1.545,0.132,-6.802,-91.955,7.651,531323806.000
-2.541,1.546,0.135,-6.766,-91.838,7.671,531323907.000
-2.532,1.536,0.132,-6.812,-91.751,7.636,531324007.000
-2.535,1.537,0.135,-6.777,-91.609,7.656,531324107.000
-2.529,1.535,0.130,-6.783,-91.518,7.639,531324207.000
-2.520,1.533,0.125,-6.770,-91.440,7.604,531324306.000
-2.519,1.536,0.128,-6.733,-91.299,7.606,531324407.000
-2.517,1.535,0.133,-6.741,-91.198,7.588,531324506.000
-2.513,1.530,0.133,-6.770,-91.078,7.599,531324607.000
-2.513,1.527,0.123,-6.758,-90.965,7.563,531324706.000
-2.509,1.524,0.128,-6.758,-90.852,7.583,531324807.000
-2.507,1.525,0.133,-6.724,-90.751,7.548,531324906.000
-2.503,1.525,0.126,-6.723,-90.680,7.521,531325007.000
-2.501,1.521,0.123,-6.717,-90.531,7.523,531325106.000
-2.495,1.517,0.133,-6.712,-90.487,7.525,531325207.000
-2.493,1.519,0.129,-6.704,-90.371,7.517,531325306.000
-2.492,1.517,0.129,-6.670,-90.214,7.500,531325406.000
-2.485,1.513,0.124,-6.746,-90.172,7.529,531325506.000
-2.481,1.511,0.124,-6.706,-90.100,7.493,531325606.000
-2.484,1.514,0.126,-6.643,-89.982,7.494,531325706.000
-2.482,1.513,0.129,-6.664,-89.889,7.477,531325807.000
-2.476,1.506,0.126,-6.673,-89.814,7.469,531325906.000
-2.472,1.506,0.129,-6.673,-89.710,7.471,531326006.000
-2.472,1.503,0.127,-6.674,-89.621,7.463,531326106.000
-2.472,1.501,0.124,-6.689,-89.508,7.454,531326206.000
-2.464,1.496,0.134,-6.692,-89.429,7.438,531326307.000
-2.468,1.503,0.129,-6.605,-89.298,7.439,531326407.000
-2.462,1.499,0.127,-6.627,-89.223,7.413,531326506.000
-2.460,1.498,0.127,-6.634,-89.187,7.395,531326606.000
-2.456,1.498,0.120,-6.578,-89.068,7.397,531326706.000
-2.458,1.496,0.120,-6.599,-88.982,7.406,531326807.000
-2.450,1.491,0.122,-6.629,-88.952,7.389,531326907.000
-2.452,1.490,0.125,-6.637,-88.810,7.399,531327006.000
-2.448,1.489,0.120,-6.622,-88.730,7.373,531327107.000
-2.446,1.488,0.122,-6.629,-88.662,7.383,531327206.000
-2.445,1.487,0.127,-6.582,-88.561,7.366,531327306.000
-2.440,1.487,0.125,-6.595,-88.498,7.367,531327407.000
-2.436,1.481,0.120,-6.583,-88.418,7.350,531327507.000
-2.439,1.483,0.120,-6.589,-88.333,7.369,531327606.000
-2.432,1.481,0.125,-6.583,-88.281,7.352,531327706.000
-2.433,1.484,0.128,-6.554,-88.176,7.362,531327806.000
-2.433,1.478,0.120,-6.584,-88.080,7.345,531327906.000
-2.429,1.476,0.123,-6.585,-87.999,7.337,531328006.000
-2.425,1.473,0.118,-6.544,-87.944,7.301,531328106.000
-2.423,1.474,0.125,-6.536,-87.859,7.349,531328206.000
-2.421,1.470,0.120,-6.559,-87.791,7.322,531328306.000
-2.425,1.478,0.123,-6.486,-87.685,7.322,531328406.000
-2.415,1.471,0.118,-6.523,-87.668,7.287,531328507.000
-2.417,1.470,0.123,-6.517,-87.566,7.324,531328606.000
-2.413,1.467,0.126,-6.504,-87.510,7.317,531328706.000
-2.413,1.462,0.118,-6.589,-87.414,7.298,531328806.000
-2.407,1.466,0.121,-6.511,-87.370,7.272,531328906.000
-2.407,1.468,0.118,-6.454,-87.281,7.255,531329007.000
-2.405,1.467,0.123,-6.462,-87.229,7.265,531329107.000
-2.403,1.461,0.118,-6.499,-87.161,7.257,531329207.000
-2.401,1.462,0.118,-6.491,-87.077,7.248,531329307.000
-2.402,1.464,0.126,-6.407,-87.003,7.259,531329407.000
-2.398,1.456,0.121,-6.480,-86.948,7.232,531329507.000
-2.398,1.459,0.116,-6.464,-86.868,7.242,531329607.000
-2.394,1.459,0.114,-6.436,-86.780,7.216,531329707.000
-2.392,1.457,0.121,-6.457,-86.719,7.226,531329807.000
-2.392,1.455,0.111,-6.444,-86.656,7.245,531329907.000
-2.390,1.456,0.119,-6.409,-86.619,7.236,531330008.000
-2.388,1.452,0.119,-6.432,-86.534,7.210,531330108.000
-2.386,1.451,0.121,-6.440,-86.466,7.192,531330207.000
-2.380,1.452,0.121,-6.376,-86.407,7.212,531330307.000
-2.382,1.448,0.121,-6.427,-86.346,7.185,531330407.000
-2.382,1.450,0.119,-6.397,-86.257,7.195,531330507.000
-2.382,1.445,0.119,-6.427,-86.160,7.205,531330608.000
-2.376,1.449,0.122,-6.390,-86.141,7.206,531330708.000
-2.372,1.446,0.117,-6.363,-86.110,7.170,531330808.000
-2.374,1.445,0.114,-6.385,-86.009,7.152,531330907.000
-2.370,1.445,0.122,-6.385,-85.936,7.154,531331007.000
-2.370,1.440,0.114,-6.387,-85.888,7.163,531331107.000
-2.364,1.436,0.122,-6.423,-85.853,7.165,531331207.000
-2.364,1.438,0.119,-6.367,-85.813,7.147,531331307.000
-2.364,1.438,0.117,-6.339,-85.699,7.148,531331407.000
-2.362,1.439,0.117,-6.345,-85.640,7.139,531331507.000
-2.360,1.435,0.112,-6.380,-85.596,7.140,531331607.000
-2.358,1.439,0.122,-6.317,-85.551,7.141,531331708.000
-2.356,1.433,0.117,-6.354,-85.483,7.105,531331807.000
-2.357,1.435,0.122,-6.298,-85.442,7.115,531331907.000
-2.352,1.435,0.110,-6.283,-85.364,7.116,531332007.000
-2.355,1.431,0.112,-6.347,-85.294,7.116,531332107.000
-2.353,1.432,0.117,-6.257,-85.241,7.136,531332207.000
-2.349,1.432,0.112,-6.297,-85.211,7.109,531332308.000
-2.347,1.431,0.115,-6.278,-85.142,7.091,531332408.000
-2.345,1.430,0.115,-6.298,-85.082,7.101,531332507.000
-2.345,1.424,0.108,-6.315,-85.010,7.083,531332607.000
-2.347,1.426,0.113,-6.280,-84.932,7.075,531332708.000
-2.345,1.427,0.110,-6.272,-84.880,7.066,531332808.000
-2.345,1.427,0.120,-6.259,-84.823,7.095,531332908.000
-2.341,1.424,0.113,-6.287,-84.776,7.086,531333007.000
-2.337,1.424,0.115,-6.272,-84.745,7.087,531333108.000
-2.335,1.423,0.115,-6.252,-84.709,7.070,531333207.000
-2.333,1.419,0.110,-6.274,-84.641,7.070,531333307.000
-2.335,1.420,0.115,-6.267,-84.563,7.061,531333407.000
-2.333,1.416,0.113,-6.248,-84.535,7.062,531333507.000
-2.327,1.425,0.115,-6.181,-84.468,7.055,531333608.000
-2.329,1.416,0.115,-6.248,-84.431,7.064,531333708.000
-2.325,1.413,0.115,-6.235,-84.359,7.056,531333807.000
-2.328,1.422,0.115,-6.196,-84.274,7.047,531333907.000
-2.323,1.412,0.106,-6.241,-84.260,7.039,531334007.000
-2.323,1.414,0.111,-6.199,-84.194,7.049,531334107.000
-2.317,1.411,0.111,-6.221,-84.184,7.050,531334208.000
-2.322,1.408,0.108,-6.237,-84.094,7.013,531334307.000
-2.315,1.412,0.113,-6.186,-84.067,7.014,531334408.000
-2.315,1.412,0.116,-6.200,-84.010,7.015,531334507.000
-2.313,1.408,0.113,-6.181,-83.934,7.016,531334607.000
-2.311,1.404,0.108,-6.230,-83.915,7.016,531334708.000
-2.309,1.408,0.111,-6.194,-83.871,6.989,531334807.000
-2.312,1.409,0.113,-6.159,-83.777,7.008,531334907.000
-2.308,1.406,0.113,-6.146,-83.753,7.000,531335007.000
-2.308,1.406,0.111,-6.160,-83.713,7.000,531335107.000
-2.312,1.403,0.118,-6.162,-83.614,6.991,531335207.000
-2.306,1.405,0.116,-6.153,-83.588,7.011,531335307.000
-2.308,1.398,0.111,-6.164,-83.543,7.002,531335407.000
-2.306,1.402,0.109,-6.140,-83.491,7.003,531335508.000
-2.304,1.403,0.114,-6.133,-83.439,6.994,531335607.000
-2.300,1.401,0.111,-6.147,-83.400,6.986,531335707.000
-2.298,1.399,0.111,-6.127,-83.364,6.996,531335807.000
-2.296,1.400,0.104,-6.119,-83.329,6.960,531335908.000
-2.298,1.402,0.111,-6.085,-83.267,6.951,531336008.000
-2.296,1.398,0.111,-6.121,-83.207,6.952,531336108.000
-2.294,1.391,0.106,-6.158,-83.188,6.943,531336208.000
-2.294,1.396,0.114,-6.087,-83.114,6.962,531336308.000
-2.290,1.394,0.109,-6.088,-83.083,6.926,531336407.000
-2.290,1.394,0.109,-6.074,-83.010,6.927,531336507.000
-2.293,1.392,0.114,-6.096,-82.957,6.936,531336608.000
-2.288,1.390,0.104,-6.096,-82.942,6.928,531336707.000
-2.288,1.392,0.102,-6.081,-82.878,6.910,531336808.000
-2.284,1.390,0.109,-6.137,-82.830,6.929,531336907.000
-2.280,1.392,0.109,-6.080,-82.831,6.912,531337008.000
-2.284,1.387,0.104,-6.096,-82.749,6.921,531337108.000
-2.282,1.391,0.109,-6.033,-82.721,6.894,531337207.000
-2.278,1.383,0.104,-6.104,-82.666,6.923,531337308.000
-2.281,1.387,0.102,-6.068,-82.613,6.923,531337407.000
-2.276,1.384,0.107,-6.055,-82.573,6.915,531337508.000
-2.272,1.382,0.107,-6.028,-82.574,6.934,531337608.000
-2.277,1.381,0.107,-6.057,-82.452,6.907,531337707.000
-2.275,1.383,0.104,-6.049,-82.449,6.898,531337807.000
-2.275,1.385,0.107,-5.992,-82.391,6.908,531337907.000
-2.270,1.380,0.104,-6.063,-82.377,6.917,531338008.000
-2.266,1.385,0.105,-5.991,-82.329,6.882,531338108.000
-2.266,1.377,0.105,-6.023,-82.305,6.882,531338208.000
-2.264,1.378,0.105,-6.001,-82.245,6.874,531338308.000
-2.267,1.375,0.112,-6.025,-82.183,6.902,531338408.000
-2.269,1.378,0.105,-6.016,-82.147,6.874,531338508.000
-2.265,1.378,0.105,-5.987,-82.123,6.875,531338607.000
-2.263,1.374,0.105,-6.010,-82.088,6.848,531338707.000
-2.267,1.374,0.105,-6.025,-81.989,6.848,531338808.000
-2.261,1.376,0.105,-5.988,-81.979,6.868,531338908.000
-2.263,1.377,0.110,-5.940,-81.925,6.859,531339007.000
-2.259,1.372,0.107,-5.984,-81.910,6.841,531339108.000
-2.259,1.377,0.107,-5.925,-81.813,6.861,531339208.000
-2.261,1.375,0.107,-5.961,-81.801,6.869,531339307.000
-2.257,1.370,0.107,-6.004,-81.753,6.852,531339408.000
-2.255,1.364,0.107,-5.973,-81.741,6.871,531339508.000
-2.255,1.371,0.107,-5.955,-81.693,6.844,531339607.000
-2.253,1.365,0.107,-6.006,-81.633,6.863,531339707.000
-2.251,1.366,0.107,-5.957,-81.621,6.854,531339808.000
-2.249,1.367,0.110,-5.950,-81.601,6.846,531339906.000
-2.249,1.362,0.105,-5.966,-81.545,6.828,531340007.000
-2.249,1.365,0.100,-5.950,-81.513,6.837,531340107.000
-2.247,1.363,0.110,-5.972,-81.469,6.847,531340207.000
-2.245,1.362,0.108,-5.952,-81.417,6.830,531340308.000
-2.243,1.361,0.100,-5.958,-81.382,6.839,531340407.000
-2.245,1.362,0.105,-5.924,-81.352,6.803,531340507.000
-2.246,1.362,0.105,-5.910,-81.279,6.803,531340608.000
-2.241,1.357,0.095,-5.953,-81.265,6.785,531340707.000
-2.239,1.360,0.105,-5.904,-81.244,6.786,531340807.000
-2.237,1.359,0.105,-5.910,-81.208,6.824,531340908.000
-2.239,1.358,0.100,-5.918,-81.164,6.778,531341008.000
-2.240,1.363,0.110,-5.861,-81.082,6.797,531341108.000
-2.238,1.359,0.108,-5.897,-81.054,6.797,531341207.000
-2.238,1.354,0.108,-5.913,-81.030,6.807,531341308.000
-2.236,1.355,0.100,-5.905,-80.995,6.798,531341407.000
-2.236,1.355,0.105,-5.891,-80.954,6.799,531341506.000
-2.236,1.358,0.105,-5.876,-80.906,6.808,531341606.000
-2.232,1.355,0.101,-5.863,-80.899,6.800,531341707.000
-2.234,1.351,0.105,-5.886,-80.821,6.800,531341807.000
-2.225,1.351,0.103,-5.899,-80.832,6.774,531341907.000
-2.230,1.351,0.101,-5.871,-80.742,6.802,531342008.000
-2.230,1.354,0.103,-5.857,-80.758,6.783,531342106.000
-2.224,1.347,0.106,-5.866,-80.714,6.803,531342207.000
-2.224,1.350,0.101,-5.879,-80.683,6.757,531342307.000
-2.226,1.351,0.103,-5.830,-80.613,6.776,531342406.000
-2.224,1.347,0.101,-5.852,-80.610,6.776,531342507.000
-2.224,1.344,0.106,-5.868,-80.544,6.768,531342606.000
-2.220,1.352,0.103,-5.808,-80.530,6.768,531342706.000
-2.220,1.349,0.103,-5.809,-80.505,6.787,531342807.000
-2.220,1.349,0.101,-5.795,-80.465,6.788,531342906.000
-2.220,1.344,0.098,-5.812,-80.425,6.742,531343006.000
-2.218,1.340,0.108,-5.848,-80.380,6.770,531343106.000
-2.218,1.343,0.101,-5.819,-80.356,6.780,531343207.000
-2.218,1.345,0.096,-5.789,-80.300,6.762,531343306.000
-2.216,1.347,0.099,-5.782,-80.280,6.753,531343406.000
-2.212,1.341,0.106,-5.812,-80.256,6.763,531343507.000
-2.214,1.343,0.101,-5.791,-80.187,6.754,531343607.000
-2.214,1.345,0.104,-5.776,-80.155,6.736,531343706.000
-2.212,1.341,0.099,-5.784,-80.111,6.709,531343806.000
-2.210,1.337,0.101,-5.765,-80.115,6.738,531343907.000
-2.208,1.341,0.104,-5.756,-80.071,6.738,531344006.000
-2.206,1.337,0.096,-5.792,-80.061,6.738,531344106.000
-2.206,1.340,0.101,-5.749,-79.995,6.748,531344206.000
-2.211,1.337,0.099,-5.779,-79.930,6.739,531344307.000
-2.204,1.338,0.096,-5.729,-79.927,6.731,531344406.000
-2.204,1.336,0.099,-5.772,-79.895,6.694,531344506.000
-2.202,1.337,0.094,-5.736,-79.876,6.713,531344607.000
-2.205,1.338,0.104,-5.730,-79.830,6.704,531344706.000
-2.202,1.332,0.099,-5.753,-79.835,6.695,531344806.000
-2.203,1.332,0.099,-5.739,-79.762,6.696,531344906.000
-2.200,1.336,0.094,-5.716,-79.743,6.724,531345006.000
-2.196,1.333,0.099,-5.731,-79.703,6.716,531345107.000
-2.203,1.329,0.096,-5.740,-79.624,6.716,531345206.000
-2.194,1.326,0.102,-5.755,-79.659,6.680,531345306.000
-2.194,1.334,0.099,-5.709,-79.594,6.708,531345406.000
-2.199,1.329,0.099,-5.713,-79.568,6.689,531345507.000
-2.195,1.331,0.097,-5.710,-79.554,6.699,531345607.000
-2.195,1.331,0.097,-5.683,-79.505,6.700,531345707.000
-2.193,1.327,0.099,-5.719,-79.461,6.700,531345807.000
-2.191,1.326,0.104,-5.699,-79.457,6.710,531345906.000
-2.191,1.329,0.097,-5.683,-79.409,6.692,531346007.000
-2.191,1.326,0.099,-5.699,-79.376,6.655,531346106.000
-2.191,1.326,0.102,-5.671,-79.344,6.684,531346206.000
-2.189,1.325,0.099,-5.706,-79.292,6.693,531346307.000
-2.191,1.323,0.099,-5.700,-79.255,6.675,531346407.000
-2.189,1.325,0.097,-5.651,-79.227,6.667,531346506.000
-2.185,1.325,0.097,-5.650,-79.204,6.667,531346607.000
-2.185,1.330,0.097,-5.634,-79.180,6.658,531346707.000
-2.185,1.324,0.102,-5.651,-79.139,6.668,531346807.000
-2.183,1.321,0.094,-5.687,-79.128,6.640,531346907.000
-2.185,1.319,0.094,-5.653,-79.043,6.678,531347006.000
-2.183,1.323,0.094,-5.644,-79.031,6.651,531347107.000
-2.183,1.323,0.097,-5.644,-78.999,6.651,531347206.000
-2.181,1.322,0.095,-5.609,-78.971,6.661,531347308.000
-2.177,1.317,0.102,-5.640,-78.947,6.671,531347407.000
-2.181,1.314,0.104,-5.642,-78.913,6.662,531347507.000
-2.177,1.319,0.102,-5.597,-78.898,6.653,531347607.000
-2.179,1.315,0.097,-5.661,-78.830,6.653,531347708.000
-2.175,1.315,0.095,-5.633,-78.839,6.626,531347807.000
-2.177,1.319,0.102,-5.610,-78.777,6.682,531347907.000
-2.177,1.314,0.097,-5.613,-78.745,6.664,531348008.000
-2.175,1.312,0.095,-5.620,-78.693,6.646,531348107.000
-2.171,1.312,0.100,-5.634,-78.726,6.646,531348208.000
-2.173,1.314,0.102,-5.599,-78.632,6.638,531348307.000
-2.169,1.311,0.097,-5.599,-78.650,6.657,531348407.000
-2.165,1.311,0.095,-5.599,-78.611,6.630,531348507.000
-2.172,1.310,0.097,-5.621,-78.565,6.639,531348607.000
-2.174,1.316,0.095,-5.556,-78.536,6.620,531348707.000
-2.167,1.312,0.105,-5.564,-78.516,6.649,531348807.000
-2.165,1.308,0.097,-5.559,-78.481,6.622,531348908.000
-2.170,1.311,0.095,-5.544,-78.440,6.631,531349007.000
-2.168,1.312,0.100,-5.537,-78.436,6.622,531349107.000
-2.161,1.306,0.097,-5.574,-78.409,6.614,531349207.000
-2.163,1.307,0.095,-5.580,-78.357,6.605,531349308.000
-2.164,1.304,0.102,-5.540,-78.307,6.625,531349408.000
-2.164,1.304,0.093,-5.554,-78.316,6.597,531349507.000
-2.159,1.304,0.095,-5.581,-78.309,6.625,531349607.000
-2.159,1.307,0.098,-5.538,-78.276,6.607,531349708.000
-2.162,1.310,0.093,-5.488,-78.231,6.607,531349808.000
-2.155,1.304,0.093,-5.552,-78.221,6.626,531349908.000
-2.160,1.301,0.100,-5.541,-78.147,6.617,531350008.000
-2.156,1.301,0.098,-5.540,-78.156,6.618,531350107.000
-2.158,1.303,0.100,-5.506,-78.110,6.609,531350208.000
-2.156,1.304,0.093,-5.511,-78.100,6.600,531350307.000
-2.158,1.302,0.093,-5.477,-78.062,6.609,531350407.000
-2.156,1.299,0.098,-5.542,-78.035,6.582,531350507.000
-2.154,1.300,0.095,-5.520,-78.007,6.601,531350607.000
-2.154,1.300,0.095,-5.493,-77.958,6.574,531350708.000
-2.154,1.302,0.103,-5.464,-77.933,6.584,531350807.000
-2.147,1.301,0.095,-5.484,-77.948,6.594,531350907.000
-2.150,1.297,0.100,-5.493,-77.894,6.594,531351008.000
-2.150,1.300,0.093,-5.477,-77.846,6.603,531351107.000
-2.148,1.296,0.098,-5.501,-77.842,6.576,531351207.000
-2.146,1.294,0.095,-5.494,-77.815,6.586,531351307.000
-2.150,1.294,0.098,-5.495,-77.757,6.586,531351407.000
-2.150,1.294,0.098,-5.481,-77.732,6.586,531351507.000
-2.144,1.298,0.100,-5.416,-77.713,6.588,531351608.000
-2.144,1.298,0.095,-5.457,-77.706,6.587,531351708.000
-2.148,1.293,0.093,-5.488,-77.665,6.568,531351808.000
-2.148,1.298,0.096,-5.416,-77.608,6.560,531351908.000
-2.144,1.298,0.098,-5.429,-77.625,6.588,531352007.000
-2.140,1.295,0.098,-5.417,-77.601,6.552,531352107.000
-2.144,1.290,0.095,-5.447,-77.560,6.589,531352207.000
-2.138,1.292,0.091,-5.438,-77.566,6.580,531352308.000
-2.140,1.293,0.093,-5.418,-77.497,6.544,531352407.000
-2.138,1.289,0.091,-5.440,-77.494,6.572,531352508.000
-2.142,1.291,0.093,-5.412,-77.460,6.526,531352608.000
-2.140,1.293,0.093,-5.418,-77.400,6.545,531352707.000
-2.140,1.290,0.093,-5.405,-77.399,6.563,531352807.000
-2.136,1.290,0.093,-5.391,-77.400,6.536,531352907.000
-2.138,1.289,0.101,-5.427,-77.339,6.573,531353007.000
-2.134,1.289,0.098,-5.398,-77.348,6.574,531353108.000
-2.132,1.285,0.096,-5.407,-77.321,6.547,531353207.000
-2.134,1.286,0.096,-5.400,-77.259,6.538,531353308.000
-2.134,1.286,0.088,-5.386,-77.236,6.538,531353407.000
-2.132,1.287,0.088,-5.392,-77.224,6.529,531353507.000
-2.135,1.286,0.093,-5.386,-77.170,6.539,531353607.000
-2.130,1.286,0.093,-5.399,-77.172,6.539,531353708.000
-2.133,1.287,0.093,-5.364,-77.110,6.558,531353807.000
-2.130,1.281,0.091,-5.415,-77.132,6.549,531353907.000
-2.131,1.281,0.093,-5.402,-77.075,6.550,531354008.000
-2.131,1.286,0.096,-5.357,-77.066,6.568,531354107.000
-2.126,1.283,0.096,-5.372,-77.043,6.560,531354208.000
-2.126,1.283,0.093,-5.358,-77.003,6.533,531354307.000
-2.124,1.282,0.084,-5.365,-77.000,6.514,531354407.000
-2.127,1.283,0.094,-5.331,-76.954,6.506,531354507.000
-2.125,1.279,0.093,-5.381,-76.918,6.534,531354608.000
-2.127,1.283,0.101,-5.304,-76.904,6.534,531354708.000
-2.122,1.278,0.091,-5.388,-76.915,6.515,531354807.000
-2.120,1.277,0.094,-5.368,-76.847,6.526,531354907.000
-2.121,1.274,0.091,-5.383,-76.831,6.517,531355007.000
-2.123,1.278,0.091,-5.319,-76.793,6.517,531355107.000
-2.121,1.276,0.091,-5.354,-76.758,6.499,531355207.000
-2.119,1.278,0.086,-5.304,-76.762,6.518,531355308.000
-2.119,1.275,0.101,-5.321,-76.713,6.509,531355407.000
-2.119,1.278,0.096,-5.305,-76.681,6.519,531355508.000
-2.119,1.275,0.094,-5.320,-76.665,6.510,531355607.000
-2.117,1.279,0.091,-5.297,-76.662,6.510,531355708.000
-2.117,1.276,0.089,-5.312,-76.646,6.501,531355808.000
-2.115,1.277,0.091,-5.277,-76.625,6.492,531355908.000
-2.117,1.276,0.084,-5.298,-76.589,6.501,531356007.000
-2.115,1.270,0.091,-5.308,-76.553,6.493,531356107.000
-2.113,1.274,0.094,-5.299,-76.557,6.493,531356207.000
-2.113,1.276,0.094,-5.256,-76.508,6.503,531356308.000
-2.115,1.272,0.094,-5.293,-76.472,6.531,531356407.000
-2.117,1.268,0.089,-5.330,-76.451,6.503,531356508.000
-2.109,1.273,0.096,-5.244,-76.452,6.495,531356607.000
-2.115,1.269,0.091,-5.281,-76.407,6.494,531356707.000
-2.111,1.267,0.096,-5.309,-76.392,6.514,531356807.000
-2.111,1.272,0.094,-5.251,-76.375,6.505,531356908.000
-2.109,1.273,0.094,-5.216,-76.388,6.496,531357008.000
-2.109,1.268,0.091,-5.274,-76.324,6.478,531357108.000
-2.109,1.266,0.089,-5.261,-76.307,6.496,531357208.000
-2.105,1.271,0.089,-5.244,-76.309,6.488,531357307.000
-2.107,1.269,0.087,-5.265,-76.256,6.497,531357408.000
-2.107,1.267,0.092,-5.253,-76.239,6.488,531357507.000
-2.103,1.269,0.089,-5.278,-76.225,6.498,531357608.000
-2.105,1.268,0.092,-5.231,-76.179,6.507,531357707.000
-2.103,1.267,0.094,-5.212,-76.207,6.462,531357808.000
-2.105,1.265,0.092,-5.261,-76.155,6.471,531357908.000
-2.101,1.265,0.089,-5.259,-76.164,6.499,531358007.000
-2.101,1.263,0.092,-5.275,-76.132,6.490,531358108.000
-2.101,1.268,0.089,-5.231,-76.091,6.481,531358208.000
-2.101,1.263,0.092,-5.261,-76.059,6.463,531358307.000
-2.097,1.260,0.087,-5.262,-76.076,6.427,531358407.000
-2.101,1.260,0.087,-5.263,-76.003,6.454,531358507.000
-2.099,1.259,0.094,-5.256,-75.990,6.464,531358608.000
-2.097,1.260,0.092,-5.249,-75.987,6.455,531358708.000
-2.097,1.265,0.084,-5.231,-75.964,6.474,531358808.000
-2.097,1.263,0.087,-5.219,-75.931,6.465,531358907.000
-2.097,1.265,0.094,-5.190,-75.906,6.474,531359007.000
-2.095,1.259,0.092,-5.228,-75.902,6.438,531359108.000
-2.097,1.257,0.089,-5.222,-75.849,6.447,531359208.000
-2.095,1.256,0.089,-5.271,-75.838,6.457,531359307.000
-2.095,1.264,0.087,-5.170,-75.822,6.430,531359408.000
-2.095,1.261,0.084,-5.212,-75.758,6.448,531359508.000
-2.095,1.261,0.092,-5.199,-75.781,6.476,531359607.000
-2.091,1.259,0.099,-5.242,-75.758,6.467,531359708.000
-2.093,1.255,0.092,-5.209,-75.745,6.468,531359808.000
-2.091,1.256,0.089,-5.201,-75.693,6.459,531359908.000
-2.094,1.260,0.087,-5.165,-75.689,6.431,531360007.000
-2.092,1.258,0.094,-5.186,-75.677,6.441,531360107.000
-2.092,1.253,0.094,-5.217,-75.628,6.450,531360207.000
-2.090,1.252,0.092,-5.196,-75.625,6.432,531360308.000
-2.092,1.256,0.089,-5.201,-75.596,6.432,531360408.000
-2.088,1.253,0.092,-5.202,-75.565,6.452,531360507.000
-2.088,1.248,0.085,-5.246,-75.541,6.433,531360608.000
-2.085,1.254,0.092,-5.180,-75.553,6.443,531360708.000
-2.083,1.256,0.087,-5.159,-75.558,6.406,531360808.000
-2.088,1.256,0.094,-5.145,-75.459,6.462,531360907.000
-2.088,1.253,0.082,-5.174,-75.501,6.425,531361007.000
-2.086,1.257,0.087,-5.151,-75.448,6.425,531361107.000
-2.081,1.254,0.090,-5.152,-75.465,6.444,531361208.000
-2.084,1.255,0.087,-5.117,-75.436,6.435,531361307.000
-2.084,1.253,0.092,-5.161,-75.371,6.399,531361407.000
-2.082,1.251,0.087,-5.167,-75.401,6.408,531361507.000
-2.086,1.257,0.087,-5.096,-75.302,6.427,531361608.000
-2.086,1.254,0.082,-5.125,-75.295,6.418,531361708.000
-2.082,1.249,0.090,-5.155,-75.320,6.427,531361807.000
-2.082,1.251,0.092,-5.153,-75.263,6.437,531361907.000
-2.080,1.250,0.090,-5.133,-75.259,6.419,531362007.000
-2.080,1.247,0.085,-5.162,-75.252,6.410,531362107.000
-2.080,1.250,0.092,-5.133,-75.227,6.419,531362208.000
-2.078,1.249,0.092,-5.127,-75.215,6.401,531362308.000
-2.080,1.247,0.082,-5.148,-75.163,6.411,531362408.000
-2.078,1.251,0.090,-5.125,-75.175,6.411,531362508.000
-2.080,1.245,0.090,-5.136,-75.114,6.430,531362608.000
-2.076,1.245,0.087,-5.135,-75.123,6.403,531362707.000
-2.074,1.246,0.092,-5.155,-75.120,6.421,531362807.000
-2.072,1.247,0.087,-5.133,-75.076,6.413,531362907.000
-2.078,1.246,0.090,-5.142,-75.005,6.366,531363008.000
-2.074,1.243,0.090,-5.129,-75.030,6.413,531363108.000
-2.076,1.245,0.087,-5.108,-74.977,6.404,531363208.000
-2.076,1.247,0.090,-5.106,-74.969,6.413,531363308.000
-2.072,1.247,0.085,-5.078,-74.963,6.414,531363407.000
-2.072,1.242,0.087,-5.095,-74.954,6.396,531363507.000
-2.072,1.245,0.080,-5.106,-74.955,6.405,531363608.000
-2.070,1.243,0.087,-5.086,-74.918,6.415,531363707.000
-2.070,1.248,0.080,-5.111,-74.919,6.377,531363807.000
-2.070,1.241,0.090,-5.129,-74.886,6.406,531363907.000
-2.070,1.243,0.088,-5.087,-74.870,6.388,531364008.000
-2.068,1.242,0.090,-5.095,-74.850,6.370,531364107.000
-2.066,1.243,0.088,-5.086,-74.847,6.388,531364207.000
-2.068,1.247,0.088,-5.064,-74.785,6.388,531364307.000
-2.064,1.242,0.090,-5.080,-74.802,6.371,531364407.000
-2.066,1.240,0.083,-5.060,-74.742,6.380,531364508.000
-2.064,1.244,0.088,-5.037,-74.738,6.381,531364607.000
-2.064,1.239,0.093,-5.095,-74.721,6.390,531364707.000
-2.064,1.239,0.088,-5.081,-74.714,6.362,531364809.000
-2.062,1.240,0.080,-5.045,-74.678,6.354,531364909.000
-2.064,1.239,0.085,-5.067,-74.673,6.390,531365009.000
-2.064,1.236,0.095,-5.069,-74.616,6.382,531365109.000
-2.062,1.233,0.083,-5.091,-74.646,6.382,531365208.000
-2.062,1.240,0.085,-5.046,-74.613,6.354,531365308.000
-2.060,1.239,0.088,-5.081,-74.594,6.364,531365408.000
-2.058,1.235,0.090,-5.062,-74.598,6.365,531365509.000
-2.060,1.236,0.085,-5.068,-74.529,6.355,531365608.000
-2.060,1.239,0.090,-5.053,-74.512,6.365,531365709.000
-2.060,1.231,0.083,-5.098,-74.464,6.337,531365808.000
-2.063,1.232,0.088,-5.064,-74.483,6.356,531365908.000
-2.063,1.238,0.085,-5.047,-74.443,6.374,531366009.000
-2.061,1.234,0.088,-5.070,-74.423,6.347,531366109.000
-2.058,1.232,0.085,-5.077,-74.420,6.329,531366209.000
-2.052,1.234,0.085,-5.027,-74.385,6.349,531366309.000
-2.054,1.235,0.085,-5.047,-74.373,6.339,531366408.000
-2.056,1.236,0.085,-5.040,-74.360,6.358,531366508.000
-2.052,1.234,0.085,-5.041,-74.361,6.349,531366609.000
-2.057,1.233,0.083,-5.041,-74.320,6.321,531366708.000
-2.057,1.233,0.090,-5.042,-74.271,6.349,531366809.000
-2.055,1.232,0.088,-5.021,-74.267,6.331,531366908.000
-2.055,1.232,0.088,-5.049,-74.267,6.331,531367009.000
-2.053,1.236,0.083,-5.011,-74.224,6.359,531367109.000
-2.053,1.231,0.086,-5.042,-74.191,6.341,531367208.000
-2.048,1.228,0.088,-5.043,-74.208,6.333,531367308.000
-2.053,1.231,0.090,-5.001,-74.150,6.370,531367408.000
-2.048,1.231,0.086,-5.028,-74.144,6.342,531367507.000
-2.049,1.231,0.088,-5.000,-74.111,6.343,531367608.000
-2.046,1.229,0.081,-4.980,-74.124,6.325,531367707.000
-2.049,1.236,0.083,-4.997,-74.079,6.334,531367808.000
-2.049,1.225,0.078,-5.044,-74.071,6.297,531367908.000
-2.049,1.228,0.091,-5.002,-74.054,6.307,531368007.000
-2.047,1.227,0.088,-5.037,-74.051,6.316,531368108.000
-2.047,1.229,0.086,-4.980,-74.010,6.326,531368208.000
-2.045,1.225,0.088,-5.058,-73.991,6.326,531368308.000
-2.042,1.224,0.081,-5.023,-74.028,6.308,531368407.000
-2.043,1.227,0.088,-5.022,-73.955,6.317,531368507.000
-2.045,1.225,0.083,-5.002,-73.959,6.299,531368609.000
-2.036,1.228,0.083,-5.014,-73.961,6.309,531368707.000
-2.043,1.227,0.081,-5.008,-73.883,6.318,531368808.000
-2.043,1.232,0.083,-4.950,-73.898,6.309,531368908.000
-2.045,1.220,0.091,-5.033,-73.813,6.337,531369008.000
-2.038,1.226,0.088,-4.994,-73.883,6.291,531369108.000
-2.043,1.226,0.086,-4.981,-73.817,6.291,531369207.000
-2.043,1.224,0.083,-4.996,-73.801,6.282,531369308.000
-2.041,1.220,0.086,-5.019,-73.782,6.283,531369407.000
-2.039,1.219,0.093,-5.012,-73.769,6.320,531369507.000
-2.041,1.225,0.083,-4.960,-73.765,6.301,531369608.000
-2.041,1.222,0.083,-4.989,-73.693,6.293,531369707.000
-2.039,1.224,0.081,-4.981,-73.690,6.311,531369807.000
-2.039,1.221,0.081,-4.997,-73.690,6.275,531369907.000
-2.037,1.222,0.088,-4.975,-73.677,6.294,531370007.000
-2.035,1.224,0.091,-4.967,-73.657,6.312,531370108.000
-2.035,1.218,0.088,-4.998,-73.641,6.294,531370207.000
-2.035,1.224,0.088,-4.967,-73.593,6.285,531370307.000
-2.033,1.217,0.084,-5.019,-73.598,6.276,531370407.000
-2.033,1.222,0.084,-4.947,-73.574,6.295,531370507.000
-2.033,1.214,0.081,-4.978,-73.533,6.268,531370607.000
-2.033,1.217,0.086,-5.004,-73.541,6.304,531370707.000
-2.035,1.218,0.081,-4.983,-73.521,6.295,531370808.000
-2.029,1.217,0.079,-5.004,-73.519,6.278,531370908.000
-2.029,1.217,0.089,-4.977,-73.485,6.278,531371007.000
-2.029,1.217,0.081,-4.962,-73.462,6.278,531371108.000
-2.027,1.218,0.089,-4.955,-73.474,6.269,531371208.000
-2.031,1.213,0.084,-4.958,-73.416,6.279,531371308.000
-2.029,1.217,0.079,-4.962,-73.397,6.279,531371408.000
-2.027,1.216,0.084,-4.970,-73.393,6.288,531371507.000
-2.034,1.217,0.086,-4.963,-73.323,6.279,531371607.000
-2.031,1.215,0.081,-4.984,-73.328,6.261,531371708.000
-2.027,1.218,0.089,-4.941,-73.352,6.271,531371808.000
-2.027,1.215,0.079,-4.942,-73.313,6.262,531371908.000
-2.025,1.219,0.084,-4.919,-73.309,6.262,531372007.000
-2.025,1.214,0.084,-4.935,-73.285,6.299,531372108.000
-2.025,1.212,0.084,-4.979,-73.236,6.263,531372207.000
-2.025,1.214,0.086,-4.950,-73.276,6.272,531372307.000
-2.027,1.213,0.084,-4.944,-73.223,6.253,531372407.000
-2.021,1.217,0.086,-4.893,-73.228,6.254,531372507.000
-2.030,1.214,0.084,-4.936,-73.162,6.272,531372607.000
-2.019,1.213,0.081,-4.943,-73.210,6.255,531372708.000
-2.023,1.213,0.091,-4.943,-73.151,6.282,531372807.000
-2.021,1.211,0.081,-4.936,-73.124,6.264,531372908.000
-2.021,1.209,0.081,-4.952,-73.124,6.255,531373007.000
-2.021,1.217,0.081,-4.920,-73.148,6.255,531373108.000
-2.023,1.210,0.089,-4.931,-73.086,6.246,531373207.000
-2.021,1.211,0.086,-4.923,-73.083,6.265,531373308.000
-2.019,1.210,0.086,-4.917,-73.071,6.247,531373408.000
-2.019,1.210,0.079,-4.916,-73.024,6.247,531373507.000
-2.019,1.210,0.086,-4.930,-72.999,6.247,531373608.000
-2.022,1.211,0.081,-4.922,-72.954,6.266,531373707.000
-2.017,1.214,0.084,-4.907,-72.995,6.248,531373807.000
-2.017,1.209,0.086,-4.924,-72.938,6.230,531373908.000
-2.020,1.210,0.086,-4.889,-72.926,6.248,531374007.000
-2.018,1.206,0.082,-4.925,-72.882,6.221,531374107.000
-2.013,1.209,0.087,-4.910,-72.940,6.231,531374207.000
-2.013,1.206,0.084,-4.911,-72.899,6.249,531374308.000
-2.018,1.203,0.087,-4.927,-72.841,6.212,531374408.000
-2.016,1.205,0.084,-4.932,-72.863,6.259,531374507.000
-2.016,1.205,0.081,-4.918,-72.822,6.259,531374608.000
-2.016,1.210,0.087,-4.861,-72.805,6.222,531374708.000
-2.013,1.211,0.079,-4.880,-72.819,6.241,531374807.000
-2.016,1.205,0.086,-4.933,-72.781,6.232,531374907.000
-2.014,1.206,0.079,-4.910,-72.770,6.223,531375008.000
-2.009,1.208,0.082,-4.867,-72.763,6.233,531375107.000
-2.009,1.206,0.077,-4.910,-72.731,6.224,531375207.000
-2.014,1.203,0.079,-4.912,-72.697,6.214,531375307.000
-2.012,1.207,0.084,-4.889,-72.694,6.242,531375407.000
-2.010,1.206,0.079,-4.896,-72.674,6.224,531375507.000
-2.010,1.206,0.084,-4.883,-72.633,6.197,531375608.000
-2.014,1.203,0.087,-4.871,-72.624,6.215,531375707.000
-2.010,1.203,0.079,-4.911,-72.626,6.215,531375807.000
-2.012,1.199,0.087,-4.921,-72.588,6.216,531375908.000
-2.010,1.200,0.079,-4.885,-72.601,6.207,531376007.000
-2.008,1.199,0.077,-4.906,-72.574,6.216,531376107.000
-2.008,1.202,0.082,-4.877,-72.533,6.226,531376207.000
-2.006,1.200,0.082,-4.870,-72.521,6.236,531376307.000
-2.004,1.207,0.082,-4.833,-72.534,6.218,531376408.000
-2.006,1.200,0.087,-4.913,-72.529,6.208,531376507.000
-2.004,1.204,0.079,-4.861,-72.494,6.209,531376608.000
-2.006,1.200,0.082,-4.857,-72.448,6.181,531376707.000
-2.008,1.199,0.082,-4.865,-72.436,6.190,531376807.000
-2.002,1.198,0.084,-4.844,-72.441,6.201,531376908.000
-2.002,1.200,0.084,-4.870,-72.417,6.210,531377007.000
-2.004,1.201,0.082,-4.822,-72.412,6.200,531377107.000
-2.000,1.204,0.079,-4.819,-72.398,6.210,531377207.000
-2.002,1.198,0.074,-4.871,-72.378,6.201,531377307.000
-2.002,1.195,0.084,-4.887,-72.344,6.192,531377408.000
-2.000,1.201,0.077,-4.835,-72.333,6.174,531377507.000
-2.006,1.198,0.082,-4.858,-72.327,6.201,531377607.000
-2.002,1.197,0.084,-4.844,-72.295,6.202,531377708.000
-2.002,1.197,0.087,-4.844,-72.263,6.202,531377808.000
-2.000,1.196,0.082,-4.838,-72.268,6.184,531377908.000
-2.002,1.197,0.082,-4.844,-72.231,6.202,531378008.000
-1.998,1.195,0.079,-4.845,-72.216,6.194,531378108.000
-1.998,1.197,0.077,-4.843,-72.225,6.203,531378207.000
-1.998,1.197,0.082,-4.844,-72.208,6.175,531378307.000
-1.996,1.196,0.085,-4.823,-72.188,6.185,531378407.000
-1.996,1.199,0.080,-4.794,-72.180,6.167,531378508.000
-1.992,1.196,0.072,-4.822,-72.182,6.186,531378608.000
-1.996,1.196,0.087,-4.796,-72.155,6.186,531378707.000
-1.994,1.195,0.080,-4.803,-72.120,6.168,531378808.000
-1.998,1.195,0.077,-4.831,-72.079,6.167,531378908.000
-1.992,1.193,0.080,-4.824,-72.109,6.177,531379007.000
-1.996,1.193,0.082,-4.825,-72.051,6.177,531379108.000
-1.990,1.195,0.080,-4.802,-72.097,6.169,531379207.000
-1.992,1.193,0.077,-4.810,-72.068,6.178,531379308.000
-1.994,1.195,0.080,-4.803,-72.023,6.169,531379408.000
-1.994,1.192,0.077,-4.859,-71.983,6.159,531379507.000
-1.990,1.195,0.080,-4.788,-72.024,6.169,531379608.000
-1.994,1.192,0.082,-4.832,-71.966,6.188,531379707.000
-1.992,1.193,0.080,-4.796,-71.914,6.179,531379807.000
-1.992,1.193,0.077,-4.823,-71.947,6.179,531379907.000
-1.995,1.187,0.082,-4.848,-71.893,6.170,531380008.000
-1.992,1.190,0.085,-4.798,-71.873,6.143,531380107.000
-1.988,1.193,0.082,-4.796,-71.907,6.152,531380207.000
-1.988,1.188,0.072,-4.839,-71.868,6.162,531380307.000
-1.984,1.188,0.077,-4.798,-71.900,6.162,531380408.000
-1.984,1.185,0.080,-4.840,-71.868,6.181,531380507.000
-1.993,1.188,0.075,-4.812,-71.810,6.162,531380608.000
-1.986,1.189,0.082,-4.805,-71.847,6.153,531380707.000
-1.991,1.189,0.077,-4.805,-71.790,6.153,531380807.000
-1.986,1.189,0.077,-4.804,-71.767,6.181,531380907.000
-1.989,1.188,0.087,-4.799,-71.745,6.163,531381008.000
-1.986,1.181,0.085,-4.850,-71.766,6.154,531381107.000
-1.984,1.185,0.077,-4.799,-71.731,6.155,531381207.000
-1.984,1.185,0.082,-4.786,-71.738,6.155,531381308.000
-1.987,1.186,0.080,-4.778,-71.661,6.173,531381407.000
-1.984,1.183,0.080,-4.814,-71.698,6.146,531381508.000
-1.984,1.188,0.080,-4.798,-71.674,6.137,531381607.000
-1.980,1.183,0.075,-4.800,-71.667,6.147,531381707.000
-1.982,1.189,0.082,-4.763,-71.654,6.156,531381807.000
-1.982,1.181,0.072,-4.793,-71.663,6.156,531381907.000
-1.982,1.186,0.077,-4.736,-71.597,6.147,531382007.000
-1.978,1.186,0.082,-4.763,-71.606,6.148,531382107.000
-1.982,1.186,0.080,-4.778,-71.589,6.147,531382208.000
-1.978,1.184,0.075,-4.792,-71.583,6.138,531382309.000
-1.980,1.182,0.080,-4.772,-71.553,6.148,531382409.000
-1.978,1.181,0.080,-4.779,-71.518,6.158,531382509.000
-1.981,1.180,0.077,-4.815,-71.489,6.139,531382609.000
-1.978,1.184,0.073,-4.764,-71.518,6.139,531382708.000
-1.981,1.182,0.080,-4.786,-71.481,6.148,531382808.000
-1.981,1.185,0.080,-4.757,-71.456,6.158,531382908.000
-1.979,1.181,0.080,-4.766,-71.445,6.158,531383008.000
-1.981,1.177,0.075,-4.788,-71.400,6.158,531383108.000
-1.981,1.182,0.075,-4.772,-71.424,6.149,531383208.000
-1.972,1.182,0.078,-4.771,-71.443,6.150,531383309.000
-1.979,1.178,0.082,-4.781,-71.364,6.150,531383409.000
-1.975,1.181,0.080,-4.793,-71.373,6.132,531383509.000
-1.975,1.176,0.080,-4.768,-71.373,6.114,531383609.000
-1.975,1.178,0.078,-4.780,-71.357,6.123,531383708.000
-1.975,1.181,0.085,-4.724,-71.332,6.133,531383809.000
-1.975,1.181,0.080,-4.765,-71.276,6.133,531383909.000
-1.975,1.178,0.078,-4.725,-71.308,6.151,531384009.000
-1.970,1.181,0.073,-4.723,-71.326,6.133,531384108.000
-1.973,1.179,0.083,-4.732,-71.280,6.115,531384208.000
-1.979,1.183,0.078,-4.696,-71.234,6.114,531384309.000
-1.970,1.181,0.075,-4.709,-71.269,6.134,531384408.000
-1.973,1.180,0.085,-4.731,-71.248,6.143,531384508.000
-1.973,1.177,0.083,-4.733,-71.207,6.134,531384609.000
-1.973,1.182,0.083,-4.716,-71.183,6.125,531384708.000
-1.971,1.183,0.075,-4.708,-71.196,6.116,531384808.000
-1.971,1.181,0.080,-4.709,-71.155,6.135,531384909.000
-1.966,1.178,0.073,-4.696,-71.181,6.126,531385008.000
-1.971,1.178,0.085,-4.670,-71.138,6.126,531385109.000
-1.969,1.179,0.070,-4.716,-71.153,6.116,531385208.000
-1.969,1.174,0.078,-4.720,-71.103,6.099,531385309.000
-1.969,1.177,0.078,-4.704,-71.103,6.108,531385409.000
-1.969,1.177,0.080,-4.705,-71.071,6.108,531385508.000
-1.969,1.172,0.078,-4.762,-71.055,6.117,531385609.000
-1.967,1.178,0.080,-4.696,-71.035,6.127,531385708.000
-1.967,1.178,0.078,-4.697,-71.068,6.099,531385808.000
-1.969,1.177,0.078,-4.704,-71.006,6.109,531385908.000
-1.967,1.173,0.078,-4.727,-71.019,6.109,531386008.000
-1.967,1.173,0.073,-4.740,-70.963,6.109,531386108.000
-1.967,1.173,0.073,-4.726,-70.987,6.109,531386208.000
-1.961,1.177,0.078,-4.676,-71.009,6.110,531386308.000
-1.965,1.171,0.075,-4.720,-70.943,6.092,531386409.000
-1.963,1.175,0.078,-4.683,-70.947,6.120,531386508.000
-1.965,1.171,0.075,-4.720,-70.943,6.092,531386608.000
-1.965,1.174,0.078,-4.677,-70.910,6.129,531386708.000
-1.965,1.171,0.080,-4.665,-70.877,6.120,531386808.000
-1.963,1.175,0.076,-4.656,-70.883,6.093,531386908.000
-1.963,1.170,0.078,-4.673,-70.874,6.074,531387008.000
-1.961,1.169,0.080,-4.707,-70.855,6.112,531387108.000
-1.959,1.167,0.076,-4.714,-70.884,6.093,531387208.000
-1.959,1.172,0.076,-4.643,-70.859,6.084,531387308.000
-1.959,1.173,0.076,-4.698,-70.860,6.084,531387408.000
-1.961,1.171,0.078,-4.665,-70.790,6.066,531387509.000
-1.957,1.169,0.081,-4.693,-70.807,6.085,531387608.000
-1.959,1.170,0.083,-4.672,-70.786,6.103,531387708.000
-1.959,1.167,0.078,-4.687,-70.754,6.094,531387808.000
-1.961,1.169,0.078,-4.679,-70.741,6.113,531387909.000
-1.955,1.170,0.078,-4.685,-70.755,6.077,531388009.000
-1.957,1.166,0.073,-4.694,-70.735,6.076,531388108.000
-1.959,1.170,0.078,-4.672,-70.706,6.076,531388209.000
-1.955,1.170,0.078,-4.644,-70.682,6.077,531388309.000
-1.961,1.171,0.078,-4.651,-70.669,6.095,531388408.000
-1.955,1.167,0.076,-4.714,-70.667,6.068,531388508.000
-1.953,1.168,0.073,-4.665,-70.687,6.059,531388608.000
-1.953,1.171,0.081,-4.609,-70.662,6.069,531388709.000
-1.957,1.168,0.086,-4.652,-70.620,6.087,531388808.000
-1.953,1.166,0.081,-4.653,-70.638,6.078,531388908.000
-1.953,1.166,0.078,-4.694,-70.598,6.078,531389009.000
-1.955,1.170,0.081,-4.644,-70.601,6.078,531389108.000
-1.955,1.162,0.076,-4.689,-70.569,6.051,531389208.000
-1.953,1.168,0.083,-4.637,-70.557,6.088,531389309.000
-1.955,1.167,0.076,-4.658,-70.521,6.097,531389409.000
-1.951,1.170,0.071,-4.615,-70.563,6.052,531389508.000
-1.955,1.164,0.078,-4.660,-70.512,6.088,531389609.000
-1.951,1.167,0.083,-4.617,-70.521,6.071,531389709.000
-1.951,1.167,0.078,-4.645,-70.489,6.071,531389808.000
-1.951,1.159,0.086,-4.691,-70.489,6.071,531389908.000
-1.951,1.159,0.081,-4.676,-70.432,6.071,531390009.000
-1.951,1.167,0.073,-4.644,-70.409,6.071,531390108.000
-1.947,1.162,0.078,-4.647,-70.466,6.081,531390208.000
-1.949,1.160,0.073,-4.682,-70.422,6.034,531390308.000
-1.951,1.169,0.078,-4.588,-70.368,6.053,531390408.000
-1.952,1.162,0.078,-4.647,-70.344,6.053,531390509.000
-1.945,1.163,0.073,-4.625,-70.374,6.045,531390608.000
-1.949,1.165,0.078,-4.611,-70.332,6.054,531390708.000
-1.950,1.163,0.078,-4.612,-70.308,6.073,531390808.000
-1.947,1.161,0.076,-4.619,-70.353,6.027,531390909.000
-1.945,1.165,0.076,-4.596,-70.317,6.055,531391009.000
-1.947,1.164,0.078,-4.632,-70.320,6.036,531391108.000
-1.947,1.164,0.076,-4.590,-70.280,6.064,531391208.000
-1.945,1.158,0.073,-4.655,-70.277,6.027,531391308.000
-1.948,1.159,0.076,-4.662,-70.256,6.046,531391408.000
-1.941,1.165,0.076,-4.582,-70.269,6.028,531391508.000
-1.943,1.162,0.078,-4.646,-70.249,6.055,531391608.000
-1.945,1.163,0.081,-4.598,-70.227,6.019,531391708.000
-1.946,1.160,0.081,-4.626,-70.203,6.065,531391808.000
-1.941,1.160,0.076,-4.612,-70.221,6.038,531391909.000
-1.946,1.163,0.078,-4.584,-70.187,6.047,531392008.000
-1.944,1.159,0.076,-4.592,-70.160,6.048,531392108.000
-1.939,1.159,0.076,-4.647,-70.185,6.020,531392208.000
-1.937,1.155,0.071,-4.641,-70.166,6.048,531392308.000
-1.941,1.157,0.081,-4.614,-70.131,6.030,531392408.000
-1.944,1.159,0.076,-4.606,-70.087,6.048,531392509.000
-1.939,1.156,0.076,-4.634,-70.088,6.039,531392607.000
-1.941,1.157,0.073,-4.627,-70.108,6.057,531392708.000
-1.939,1.156,0.079,-4.593,-70.080,6.040,531392807.000
-1.939,1.159,0.074,-4.578,-70.096,6.021,531392909.000
-1.942,1.155,0.076,-4.615,-70.027,6.021,531393009.000
-1.940,1.156,0.076,-4.607,-70.040,6.040,531393108.000
-1.940,1.159,0.081,-4.592,-70.023,6.049,531393208.000
-1.938,1.157,0.079,-4.585,-69.995,6.031,531393307.000
-1.935,1.153,0.084,-4.609,-69.991,6.004,531393409.000
-1.940,1.156,0.074,-4.593,-69.999,6.013,531393508.000
-1.940,1.158,0.081,-4.565,-69.926,6.023,531393607.000
-1.935,1.159,0.074,-4.563,-69.952,6.023,531393709.000
-1.933,1.152,0.079,-4.601,-69.948,6.042,531393808.000
-1.936,1.156,0.071,-4.565,-69.911,6.014,531393908.000
-1.940,1.153,0.074,-4.608,-69.854,6.005,531394008.000
-1.940,1.151,0.084,-4.624,-69.820,5.996,531394108.000
-1.936,1.156,0.076,-4.579,-69.871,6.014,531394208.000
-1.936,1.156,0.079,-4.593,-69.862,6.014,531394308.000
-1.936,1.148,0.069,-4.637,-69.847,6.015,531394407.000
-1.931,1.156,0.071,-4.564,-69.840,6.015,531394507.000
-1.929,1.152,0.081,-4.573,-69.843,6.016,531394607.000
-1.934,1.152,0.079,-4.588,-69.826,6.015,531394708.000
-1.934,1.149,0.074,-4.575,-69.794,6.007,531394807.000
-1.932,1.148,0.076,-4.596,-69.750,6.016,531394907.000
-1.934,1.152,0.074,-4.560,-69.794,6.016,531395008.000
-1.930,1.147,0.076,-4.617,-69.787,6.025,531395108.000
-1.930,1.152,0.081,-4.601,-69.747,6.016,531395208.000
-1.934,1.147,0.076,-4.631,-69.689,6.025,531395307.000
-1.930,1.152,0.071,-4.573,-69.731,6.017,531395408.000
-1.932,1.153,0.081,-4.566,-69.685,6.008,531395507.000
-1.930,1.149,0.074,-4.574,-69.674,6.008,531395607.000
-1.932,1.153,0.069,-4.579,-69.678,6.007,531395708.000
-1.928,1.153,0.076,-4.551,-69.703,6.008,531395807.000
-1.932,1.150,0.081,-4.581,-69.637,5.999,531395908.000
-1.930,1.149,0.074,-4.574,-69.626,6.008,531396007.000
-1.930,1.152,0.071,-4.559,-69.610,6.018,531396108.000
-1.930,1.146,0.081,-4.576,-69.601,6.000,531396208.000
