0.039,-0.096,-0.077,2.553,1.993,0.204,530991000.000
0.037,-0.094,-0.077,2.533,2.006,0.195,530991100.000
0.041,-0.094,-0.079,2.561,1.996,0.196,530991200.000
0.039,-0.096,-0.087,2.512,1.984,0.176,530991301.000
0.037,-0.097,-0.082,2.518,1.989,0.185,530991400.000
0.039,-0.096,-0.089,2.526,1.976,0.176,530991500.000
0.041,-0.097,-0.082,2.519,2.012,0.186,530991600.000
0.039,-0.091,-0.079,2.584,1.961,0.195,530991700.000
0.041,-0.094,-0.087,2.507,1.995,0.195,530991800.000
0.037,-0.100,-0.084,2.517,2.029,0.177,530991900.000
0.041,-0.099,-0.082,2.490,1.988,0.204,530992000.000
0.037,-0.094,-0.077,2.547,2.030,0.195,530992101.000
0.041,-0.094,-0.079,2.548,1.972,0.195,530992200.000
0.039,-0.096,-0.079,2.567,1.985,0.204,530992300.000
0.039,-0.096,-0.087,2.540,1.984,0.177,530992401.000
0.037,-0.092,-0.089,2.563,2.013,0.176,530992501.000
0.037,-0.094,-0.079,2.561,2.022,0.195,530992600.000
0.037,-0.102,-0.082,2.502,2.013,0.195,530992700.000
0.035,-0.096,-0.077,2.525,2.018,0.204,530992800.000
0.035,-0.096,-0.084,2.539,1.994,0.176,530992901.000
0.037,-0.097,-0.092,2.546,2.004,0.186,530993001.000
0.041,-0.094,-0.089,2.548,1.987,0.195,530993101.000
0.037,-0.097,-0.084,2.532,1.981,0.185,530993201.000
0.037,-0.094,-0.077,2.561,2.006,0.195,530993300.000
0.037,-0.095,-0.082,2.547,2.013,0.167,530993401.000
0.039,-0.096,-0.082,2.526,1.976,0.204,530993500.000
0.041,-0.097,-0.082,2.532,1.988,0.186,530993600.000
0.037,-0.094,-0.074,2.588,1.990,0.195,530993700.000
0.039,-0.098,-0.082,2.525,2.001,0.195,530993801.000
0.037,-0.097,-0.084,2.518,2.005,0.186,530993901.000
0.037,-0.097,-0.087,2.546,2.021,0.186,530994000.000
0.037,-0.102,-0.082,2.502,2.013,0.195,530994101.000
0.039,-0.096,-0.084,2.554,1.993,0.177,530994200.000
0.039,-0.098,-0.089,2.525,2.000,0.195,530994301.000
0.039,-0.096,-0.082,2.540,2.001,0.177,530994401.000
0.035,-0.098,-0.084,2.538,2.018,0.167,530994500.000
0.039,-0.101,-0.079,2.509,1.985,0.186,530994600.000
0.037,-0.100,-0.077,2.544,2.030,0.177,530994700.000
0.037,-0.100,-0.087,2.517,1.997,0.176,530994800.000
0.037,-0.100,-0.084,2.517,2.029,0.204,530994901.000
0.037,-0.094,-0.079,2.561,2.022,0.195,530995000.000
0.037,-0.097,-0.084,2.505,2.029,0.186,530995100.000
0.039,-0.093,-0.084,2.541,1.992,0.186,530995200.000
0.039,-0.096,-0.084,2.540,2.017,0.177,530995300.000
0.039,-0.098,-0.077,2.524,2.017,0.195,530995400.000
0.039,-0.098,-0.077,2.538,1.993,0.195,530995500.000
0.033,-0.094,-0.082,2.533,2.014,0.194,530995601.000
0.037,-0.097,-0.087,2.504,1.997,0.158,530995700.000
0.039,-0.088,-0.079,2.599,2.009,0.177,530995801.000
0.041,-0.100,-0.089,2.490,1.987,0.177,530995900.000
0.042,-0.097,-0.084,2.533,1.955,0.186,530996000.000
0.035,-0.096,-0.079,2.539,2.010,0.176,530996101.000
0.037,-0.097,-0.082,2.532,2.013,0.186,530996200.000
0.039,-0.096,-0.084,2.526,1.992,0.177,530996300.000
0.039,-0.093,-0.082,2.555,2.001,0.186,530996400.000
0.039,-0.096,-0.084,2.554,1.993,0.177,530996501.000
0.042,-0.097,-0.089,2.519,1.963,0.186,530996600.000
0.041,-0.097,-0.082,2.532,1.988,0.186,530996700.000
0.039,-0.096,-0.087,2.554,2.008,0.177,530996800.000
0.039,-0.096,-0.087,2.540,1.984,0.177,530996901.000
0.041,-0.097,-0.084,2.519,1.979,0.186,530997000.000
0.039,-0.096,-0.082,2.553,1.977,0.177,530997101.000
0.039,-0.098,-0.077,2.510,1.993,0.167,530997200.000
0.037,-0.097,-0.087,2.518,2.021,0.158,530997300.000
0.039,-0.093,-0.089,2.555,2.000,0.158,530997401.000
0.042,-0.097,-0.087,2.519,1.947,0.186,530997500.000
0.037,-0.094,-0.084,2.534,2.005,0.195,530997601.000
0.044,-0.090,-0.077,2.557,1.967,0.195,530997701.000
0.037,-0.094,-0.077,2.533,2.006,0.195,530997802.000
0.035,-0.098,-0.089,2.525,2.025,0.195,530997901.000
0.039,-0.096,-0.082,2.526,1.976,0.176,530998002.000
0.042,-0.097,-0.084,2.532,1.955,0.158,530998102.000
0.041,-0.097,-0.079,2.546,1.996,0.186,530998201.000
0.041,-0.094,-0.079,2.561,1.996,0.196,530998301.000
0.039,-0.098,-0.087,2.511,2.008,0.195,530998401.000
0.042,-0.094,-0.087,2.548,1.971,0.168,530998501.000
0.039,-0.098,-0.082,2.497,2.000,0.167,530998602.000
0.037,-0.097,-0.084,2.518,2.005,0.186,530998701.000
0.039,-0.098,-0.079,2.524,1.985,0.195,530998801.000
0.037,-0.094,-0.082,2.520,2.013,0.195,530998902.000
0.037,-0.100,-0.087,2.476,2.021,0.176,530999002.000
0.039,-0.093,-0.089,2.555,2.000,0.186,530999102.000
0.044,-0.098,-0.084,2.525,1.991,0.168,530999202.000
0.037,-0.097,-0.084,2.532,1.981,0.185,530999302.000
0.037,-0.094,-0.079,2.547,1.997,0.195,530999401.000
0.039,-0.093,-0.077,2.541,1.993,0.186,530999502.000
0.037,-0.095,-0.084,2.533,2.005,0.167,530999601.000
0.039,-0.096,-0.089,2.513,2.000,0.176,530999701.000
0.037,-0.097,-0.087,2.505,1.996,0.185,530999802.000
0.039,-0.093,-0.084,2.528,2.016,0.186,530999902.000
0.037,-0.097,-0.084,2.518,2.005,0.186,531000002.000
0.035,-0.093,-0.089,2.541,2.001,0.185,531000101.000
0.039,-0.096,-0.079,2.540,1.985,0.204,531000201.000
0.044,-0.096,-0.087,2.513,1.958,0.177,531000302.000
0.037,-0.092,-0.087,2.521,2.021,0.149,531000401.000
0.039,-0.098,-0.084,2.484,1.992,0.195,531000501.000
0.037,-0.092,-0.079,2.562,1.997,0.204,531000601.000
0.039,-0.096,-0.082,2.540,2.001,0.177,531000701.000
0.039,-0.091,-0.082,2.543,2.000,0.195,531000802.000
0.039,-0.096,-0.084,2.512,2.016,0.177,531000902.000
0.037,-0.094,-0.089,2.506,1.988,0.167,531001001.000
0.039,-0.096,-0.087,2.499,2.008,0.176,531001101.000
0.037,-0.094,-0.082,2.520,2.013,0.195,531001202.000
0.041,-0.094,-0.079,2.520,1.972,0.167,531001302.000
0.037,-0.094,-0.084,2.506,2.005,0.195,531001401.000
0.035,-0.096,-0.082,2.484,2.026,0.203,531001502.000
0.039,-0.096,-0.089,2.485,1.999,0.204,531001601.000
0.037,-0.089,-0.082,2.508,1.989,0.157,531001701.000
0.037,-0.097,-0.077,2.490,2.005,0.185,531001801.000
0.037,-0.094,-0.079,2.519,1.997,0.167,531001902.000
0.037,-0.097,-0.084,2.477,1.980,0.185,531002001.000
0.037,-0.092,-0.082,2.521,1.989,0.176,531002102.000
0.037,-0.094,-0.089,2.506,1.988,0.167,531002201.000
0.041,-0.092,-0.087,2.522,1.995,0.204,531002301.000
0.037,-0.097,-0.084,2.463,2.004,0.157,531002402.000
0.037,-0.094,-0.084,2.478,2.004,0.194,531002502.000
0.039,-0.096,-0.092,2.471,1.991,0.176,531002601.000
0.041,-0.089,-0.079,2.523,1.971,0.186,531002701.000
0.037,-0.097,-0.087,2.436,2.020,0.185,531002801.000
0.037,-0.094,-0.084,2.478,2.004,0.167,531002902.000
0.041,-0.092,-0.074,2.507,1.988,0.177,531003001.000
0.037,-0.097,-0.084,2.477,1.980,0.185,531003102.000
0.037,-0.092,-0.079,2.479,1.997,0.176,531003202.000
0.039,-0.096,-0.082,2.471,1.976,0.176,531003302.000
0.037,-0.087,-0.077,2.523,1.957,0.194,531003402.000
0.044,-0.090,-0.082,2.460,1.974,0.167,531003501.000
0.039,-0.096,-0.077,2.443,1.992,0.176,531003601.000
0.037,-0.092,-0.087,2.466,2.020,0.176,531003702.000
0.042,-0.094,-0.082,2.465,1.939,0.167,531003801.000
0.039,-0.096,-0.084,2.430,2.016,0.176,531003902.000
0.042,-0.094,-0.082,2.423,1.963,0.166,531004001.000
0.042,-0.092,-0.084,2.425,1.954,0.203,531004102.000
0.037,-0.092,-0.082,2.438,1.988,0.175,531004202.000
0.037,-0.092,-0.087,2.425,1.995,0.175,531004301.000
0.042,-0.092,-0.084,2.452,1.954,0.148,531004402.000
0.037,-0.092,-0.079,2.452,1.996,0.175,531004502.000
0.037,-0.094,-0.084,2.409,1.979,0.194,531004602.000
0.037,-0.089,-0.079,2.494,1.997,0.185,531004701.000
0.039,-0.093,-0.082,2.458,1.975,0.185,531004801.000
0.037,-0.097,-0.084,2.380,1.955,0.184,531004901.000
0.044,-0.096,-0.084,2.416,1.966,0.176,531005001.000
0.039,-0.096,-0.079,2.402,1.983,0.175,531005101.000
0.039,-0.090,-0.082,2.418,1.975,0.194,531005201.000
0.037,-0.094,-0.089,2.395,1.987,0.138,531005301.000
0.039,-0.093,-0.082,2.417,1.999,0.185,531005401.000
0.037,-0.087,-0.082,2.468,1.988,0.166,531005501.000
0.039,-0.090,-0.082,2.418,1.975,0.194,531005602.000
0.037,-0.094,-0.084,2.381,1.979,0.166,531005701.000
0.039,-0.093,-0.084,2.390,1.966,0.212,531005802.000
0.035,-0.085,-0.087,2.462,2.008,0.184,531005901.000
0.035,-0.090,-0.087,2.405,2.008,0.193,531006001.000
0.037,-0.089,-0.084,2.426,2.004,0.184,531006102.000
0.037,-0.092,-0.077,2.396,1.980,0.175,531006201.000
0.037,-0.089,-0.072,2.369,1.972,0.156,531006302.000
0.044,-0.096,-0.084,2.292,1.940,0.147,531006402.000
0.038,-0.084,-0.087,2.263,1.872,0.172,531006501.000
0.037,-0.081,-0.077,2.139,1.904,0.153,531006602.000
0.033,-0.081,-0.082,2.097,1.888,0.124,531006701.000
0.040,-0.074,-0.089,1.957,1.824,0.105,531006802.000
0.036,-0.064,-0.082,1.851,1.751,0.111,531006901.000
0.034,-0.065,-0.080,1.692,1.722,0.119,531007002.000
0.034,-0.060,-0.083,1.529,1.591,0.107,531007101.000
0.035,-0.051,-0.080,1.367,1.403,0.104,531007201.000
0.027,-0.041,-0.071,1.150,1.291,0.081,531007301.000
0.023,-0.022,-0.071,0.979,1.023,0.085,531007402.000
0.022,-0.018,-0.071,0.739,0.766,0.025,531007501.000
0.008,-0.001,-0.071,0.546,0.343,0.063,531007602.000
0.001,0.010,-0.077,0.274,-0.111,0.037,531007702.000
-0.009,0.023,-0.067,0.008,-0.599,0.029,531007802.000
-0.028,0.044,-0.073,-0.232,-1.219,0.036,531007902.000
-0.033,0.062,-0.068,-0.439,-1.846,0.018,531008002.000
-0.052,0.078,-0.061,-0.765,-2.547,0.034,531008102.000
-0.066,0.096,-0.069,-1.055,-3.189,-0.014,531008200.000
-0.087,0.111,-0.067,-1.334,-3.942,0.011,531008301.000
-0.098,0.132,-0.058,-1.574,-4.611,0.019,531008401.000
-0.120,0.153,-0.058,-1.892,-5.324,0.006,531008502.000
-0.131,0.169,-0.049,-2.135,-5.994,-0.004,531008602.000
-0.146,0.188,-0.052,-2.487,-6.778,0.021,531008701.000
-0.165,0.212,-0.038,-2.727,-7.404,0.009,531008801.000
-0.182,0.235,-0.046,-3.028,-8.192,0.034,531008901.000
-0.193,0.249,-0.039,-3.259,-8.845,0.015,531009001.000
-0.215,0.275,-0.042,-3.656,-9.640,0.019,531009101.000
-0.226,0.289,-0.040,-3.872,-10.334,0.027,531009201.000
-0.247,0.312,-0.045,-4.216,-11.088,0.023,531009302.000
-0.258,0.331,-0.041,-4.430,-11.798,0.022,531009402.000
-0.277,0.347,-0.034,-4.770,-12.475,0.038,531009502.000
-0.292,0.371,-0.035,-5.077,-13.202,0.081,531009601.000
-0.310,0.386,-0.025,-5.357,-13.930,0.051,531009701.000
-0.329,0.411,-0.036,-5.678,-14.641,0.066,531009801.000
-0.338,0.431,-0.029,-5.939,-15.332,0.028,531009902.000
-0.364,0.454,-0.027,-6.311,-16.060,0.079,531010001.000
-0.375,0.470,-0.018,-6.567,-16.754,0.096,531010100.000
-0.394,0.500,-0.014,-6.873,-17.488,0.129,531010201.000
-0.409,0.514,-0.022,-7.227,-18.142,0.109,531010302.000
-0.424,0.531,-0.015,-7.538,-18.844,0.208,531010401.000
-0.444,0.557,-0.005,-7.833,-19.512,0.150,531010501.000
-0.459,0.579,-0.018,-8.155,-20.257,0.156,531010601.000
-0.476,0.594,-0.002,-8.448,-20.960,0.153,531010700.000
-0.493,0.620,-0.007,-8.762,-21.716,0.187,531010801.000
-0.507,0.638,-0.008,-9.134,-22.407,0.221,531010901.000
-0.520,0.655,-0.006,-9.438,-23.041,0.201,531011001.000
-0.537,0.684,0.003,-9.737,-23.746,0.272,531011100.000
-0.553,0.700,0.005,-9.981,-24.294,0.235,531011201.000
-0.570,0.723,0.005,-10.323,-24.960,0.287,531011300.000
-0.587,0.738,0.014,-10.602,-25.640,0.285,531011401.000
-0.600,0.758,0.008,-10.918,-26.372,0.329,531011500.000
-0.622,0.784,0.015,-11.164,-27.157,0.334,531011601.000
-0.637,0.806,0.010,-11.486,-27.852,0.369,531011701.000
-0.656,0.825,0.011,-11.838,-28.545,0.393,531011801.000
-0.671,0.841,0.021,-12.150,-29.263,0.437,531011900.000
-0.689,0.870,0.017,-12.476,-29.986,0.479,531012000.000
-0.706,0.882,0.022,-12.783,-30.707,0.495,531012100.000
-0.721,0.909,0.024,-13.103,-31.402,0.520,531012201.000
-0.745,0.931,0.033,-13.442,-32.069,0.553,531012300.000
-0.760,0.952,0.032,-13.667,-32.771,0.588,531012400.000
-0.775,0.969,0.021,-13.977,-33.410,0.660,531012500.000
-0.795,0.996,0.041,-14.079,-34.043,0.687,531012600.000
-0.815,0.991,0.021,-14.124,-34.685,0.716,531012700.000
-0.832,0.998,0.033,-13.910,-35.352,0.801,531012800.000
-0.852,1.007,0.040,-13.743,-35.975,0.932,531012901.000
-0.868,0.997,0.035,-13.433,-36.687,1.001,531013001.000
-0.892,0.992,0.042,-13.149,-37.186,1.116,531013100.000
-0.914,0.994,0.034,-12.744,-37.843,1.185,531013200.000
-0.932,0.982,0.039,-12.442,-38.509,1.263,531013301.000
-0.952,0.986,0.036,-12.084,-39.163,1.377,531013401.000
-0.974,0.985,0.038,-11.750,-39.787,1.464,531013500.000
-0.995,0.981,0.041,-11.444,-40.485,1.568,531013600.000
-1.022,0.978,0.035,-11.194,-41.158,1.644,531013701.000
-1.039,0.980,0.038,-10.816,-41.856,1.740,531013800.000
-1.061,0.976,0.047,-10.539,-42.505,1.818,531013900.000
-1.077,0.972,0.042,-10.308,-43.121,1.960,531014000.000
-1.109,0.972,0.039,-9.940,-43.795,2.036,531014100.000
-1.125,0.978,0.044,-9.718,-44.451,2.131,531014201.000
-1.151,0.974,0.044,-9.413,-45.156,2.207,531014301.000
-1.169,0.974,0.048,-9.161,-45.822,2.293,531014401.000
-1.188,0.969,0.043,-8.890,-46.485,2.380,531014501.000
-1.212,0.975,0.048,-8.587,-47.186,2.474,531014601.000
-1.232,0.975,0.045,-8.354,-47.841,2.606,531014701.000
-1.252,0.973,0.052,-8.069,-48.535,2.702,531014800.000
-1.276,0.971,0.057,-7.784,-49.139,2.769,531014900.000
-1.298,0.970,0.059,-7.560,-49.813,2.855,531015000.000
-1.322,0.971,0.054,-7.301,-50.475,2.959,531015102.000
-1.342,0.976,0.054,-7.010,-51.098,3.054,531015201.000
-1.363,0.971,0.063,-6.776,-51.843,3.149,531015301.000
-1.394,0.975,0.055,-6.522,-52.500,3.224,531015402.000
-1.407,0.977,0.057,-6.225,-53.176,3.403,531015501.000
-1.433,0.973,0.062,-5.977,-53.865,3.424,531015601.000
-1.457,0.974,0.059,-5.731,-54.567,3.527,531015701.000
-1.485,0.980,0.061,-5.483,-55.276,3.676,531015801.000
-1.503,0.974,0.068,-5.248,-56.031,3.771,531015901.000
-1.527,0.977,0.061,-4.973,-56.677,3.856,531016001.000
-1.544,0.979,0.068,-4.733,-57.457,3.951,531016101.000
-1.577,0.980,0.052,-4.501,-58.053,4.081,531016201.000
-1.597,0.983,0.070,-4.214,-58.763,4.139,531016301.000
-1.616,0.983,0.074,-3.996,-59.490,4.243,531016401.000
-1.642,0.980,0.061,-3.787,-60.140,4.346,531016501.000
-1.664,0.985,0.066,-3.546,-60.855,4.450,531016601.000
-1.686,0.981,0.071,-3.282,-61.496,4.554,531016701.000
-1.708,0.983,0.070,-3.029,-62.178,4.621,531016802.000
-1.736,0.984,0.065,-2.839,-62.985,4.750,531016902.000
-1.758,0.983,0.069,-2.628,-63.651,4.863,531017002.000
-1.784,0.985,0.077,-2.321,-64.355,4.958,531017101.000
-1.806,0.987,0.074,-2.109,-65.046,5.052,531017201.000
-1.828,0.996,0.086,-1.880,-65.591,5.147,531017301.000
-1.838,0.993,0.073,-1.710,-65.931,5.200,531017402.000
-1.844,0.986,0.073,-1.638,-66.086,5.245,531017501.000
-1.846,0.985,0.076,-1.604,-66.016,5.227,531017601.000
-1.838,0.980,0.073,-1.619,-65.832,5.239,531017701.000
-1.826,0.979,0.071,-1.632,-65.529,5.160,531017801.000
-1.820,0.975,0.076,-1.654,-65.259,5.163,531017902.000
-1.810,0.974,0.076,-1.660,-65.032,5.121,531018001.000
-1.807,0.971,0.081,-1.662,-64.774,5.114,531018101.000
-1.805,0.967,0.072,-1.697,-64.553,5.088,531018201.000
-1.797,0.964,0.074,-1.698,-64.353,5.054,531018301.000
-1.793,0.964,0.072,-1.683,-64.144,5.057,531018402.000
-1.787,0.962,0.072,-1.648,-63.964,5.041,531018501.000
-1.784,0.957,0.070,-1.706,-63.779,5.025,531018602.000
-1.775,0.957,0.070,-1.705,-63.636,4.999,531018702.000
-1.767,0.949,0.072,-1.694,-63.509,5.002,531018801.000
-1.768,0.956,0.078,-1.621,-63.298,4.976,531018902.000
-1.764,0.946,0.070,-1.708,-63.179,4.968,531019002.000
-1.760,0.948,0.070,-1.665,-63.010,4.952,531019102.000
-1.754,0.944,0.073,-1.673,-62.894,4.954,531019201.000
-1.752,0.945,0.065,-1.651,-62.737,4.919,531019301.000
-1.752,0.940,0.068,-1.668,-62.583,4.929,531019402.000
-1.744,0.937,0.058,-1.654,-62.473,4.922,531019501.000
-1.738,0.933,0.066,-1.676,-62.365,4.924,531019601.000
-1.741,0.934,0.076,-1.642,-62.222,4.916,531019702.000
-1.732,0.934,0.061,-1.626,-62.104,4.891,531019802.000
-1.731,0.930,0.066,-1.607,-61.979,4.892,531019902.000
-1.724,0.929,0.068,-1.614,-61.887,4.876,531020001.000
-1.725,0.929,0.059,-1.613,-61.727,4.877,531020101.000
-1.721,0.923,0.059,-1.616,-61.606,4.860,531020202.000
-1.726,0.928,0.069,-1.586,-61.451,4.879,531020302.000
-1.717,0.921,0.066,-1.576,-61.388,4.854,531020401.000
-1.713,0.923,0.074,-1.574,-61.292,4.865,531020501.000
-1.716,0.916,0.066,-1.571,-61.158,4.829,531020602.000
-1.709,0.915,0.064,-1.563,-61.107,4.839,531020702.000
-1.705,0.915,0.064,-1.549,-60.963,4.841,531020801.000
-1.701,0.915,0.069,-1.521,-60.874,4.815,531020901.000
-1.697,0.915,0.067,-1.534,-60.763,4.844,531021001.000
-1.698,0.912,0.069,-1.522,-60.681,4.808,531021101.000
-1.691,0.911,0.067,-1.501,-60.606,4.792,531021202.000
-1.694,0.909,0.064,-1.481,-60.481,4.802,531021301.000
-1.688,0.903,0.062,-1.504,-60.381,4.767,531021401.000
-1.686,0.904,0.062,-1.496,-60.297,4.786,531021501.000
-1.684,0.905,0.067,-1.447,-60.220,4.778,531021602.000
-1.682,0.898,0.060,-1.470,-60.112,4.770,531021702.000
-1.682,0.898,0.065,-1.471,-59.998,4.743,531021801.000
-1.676,0.897,0.057,-1.450,-59.940,4.754,531021902.000
-1.674,0.895,0.062,-1.430,-59.839,4.737,531022001.000
-1.670,0.893,0.060,-1.444,-59.800,4.757,531022102.000
-1.673,0.891,0.062,-1.424,-59.657,4.767,531022202.000
-1.671,0.887,0.060,-1.447,-59.557,4.740,531022301.000
-1.662,0.890,0.068,-1.403,-59.510,4.751,531022402.000
-1.665,0.891,0.060,-1.381,-59.425,4.743,531022502.000
-1.663,0.887,0.063,-1.349,-59.308,4.717,531022601.000
-1.663,0.884,0.063,-1.364,-59.211,4.708,531022701.000
-1.652,0.886,0.060,-1.341,-59.186,4.729,531022801.000
-1.655,0.882,0.060,-1.323,-59.100,4.729,531022901.000
-1.653,0.880,0.053,-1.357,-59.016,4.712,531023001.000
-1.653,0.880,0.058,-1.316,-58.927,4.713,531023101.000
-1.649,0.880,0.053,-1.315,-58.872,4.714,531023202.000
-1.647,0.879,0.058,-1.309,-58.795,4.696,531023302.000
-1.645,0.875,0.058,-1.304,-58.710,4.670,531023402.000
-1.641,0.875,0.053,-1.303,-58.655,4.699,531023502.000
-1.641,0.875,0.063,-1.304,-58.574,4.699,531023602.000
-1.637,0.875,0.058,-1.247,-58.518,4.701,531023701.000
-1.640,0.865,0.053,-1.300,-58.377,4.683,531023801.000
-1.635,0.863,0.058,-1.288,-58.337,4.675,531023902.000
-1.631,0.871,0.066,-1.201,-58.288,4.704,531024001.000
-1.631,0.863,0.066,-1.260,-58.216,4.677,531024102.000
-1.634,0.864,0.061,-1.239,-58.098,4.668,531024201.000
-1.627,0.865,0.054,-1.202,-58.088,4.660,531024302.000
-1.628,0.860,0.061,-1.233,-57.991,4.698,531024402.000
-1.621,0.864,0.054,-1.181,-57.932,4.644,531024502.000
-1.620,0.857,0.064,-1.192,-57.863,4.664,531024601.000
-1.622,0.858,0.066,-1.157,-57.769,4.655,531024701.000
-1.620,0.857,0.061,-1.150,-57.725,4.665,531024801.000
-1.616,0.857,0.056,-1.149,-57.670,4.666,531024902.000
-1.612,0.852,0.056,-1.165,-57.623,4.649,531025002.000
-1.618,0.850,0.064,-1.160,-57.511,4.659,531025102.000
-1.610,0.850,0.056,-1.159,-57.466,4.660,531025201.000
-1.608,0.854,0.059,-1.108,-57.397,4.633,531025302.000
-1.608,0.851,0.056,-1.109,-57.357,4.652,531025402.000
-1.610,0.845,0.056,-1.120,-57.247,4.644,531025502.000
-1.604,0.844,0.059,-1.113,-57.228,4.654,531025601.000
-1.604,0.849,0.062,-1.055,-57.147,4.646,531025701.000
-1.607,0.845,0.062,-1.065,-57.061,4.619,531025802.000
-1.605,0.843,0.062,-1.072,-57.025,4.629,531025901.000
-1.598,0.842,0.059,-1.037,-56.974,4.640,531026002.000
-1.599,0.842,0.057,-1.037,-56.910,4.640,531026102.000
-1.599,0.844,0.064,-1.008,-56.836,4.650,531026201.000
-1.597,0.840,0.057,-1.030,-56.801,4.651,531026301.000
-1.597,0.840,0.059,-0.989,-56.744,4.624,531026401.000
-1.595,0.836,0.059,-1.011,-56.660,4.625,531026501.000
-1.591,0.836,0.054,-0.983,-56.605,4.626,531026602.000
-1.591,0.834,0.052,-1.012,-56.565,4.617,531026701.000
-1.591,0.831,0.055,-1.013,-56.459,4.609,531026802.000
-1.587,0.836,0.060,-0.927,-56.419,4.629,531026902.000
-1.585,0.835,0.055,-0.920,-56.375,4.639,531027001.000
-1.585,0.832,0.050,-0.935,-56.343,4.602,531027102.000
-1.583,0.831,0.055,-0.902,-56.266,4.612,531027201.000
-1.583,0.823,0.052,-0.974,-56.202,4.613,531027302.000
-1.579,0.831,0.055,-0.928,-56.195,4.613,531027401.000
-1.579,0.825,0.050,-0.917,-56.090,4.596,531027502.000
-1.577,0.824,0.052,-0.897,-56.070,4.606,531027602.000
-1.573,0.824,0.052,-0.882,-56.023,4.607,531027702.000
-1.575,0.820,0.045,-0.933,-55.962,4.579,531027802.000
-1.573,0.824,0.057,-0.855,-55.909,4.608,531027902.000
-1.571,0.817,0.052,-0.865,-55.841,4.600,531028001.000
-1.572,0.822,0.055,-0.835,-55.808,4.591,531028101.000
-1.570,0.824,0.053,-0.799,-55.756,4.583,531028201.000
-1.565,0.821,0.053,-0.828,-55.709,4.575,531028301.000
-1.565,0.818,0.045,-0.842,-55.661,4.566,531028401.000
-1.566,0.816,0.053,-0.803,-55.611,4.585,531028501.000
-1.559,0.820,0.055,-0.751,-55.568,4.614,531028601.000
-1.564,0.812,0.055,-0.811,-55.470,4.587,531028702.000
-1.564,0.809,0.053,-0.813,-55.430,4.578,531028801.000
-1.564,0.812,0.048,-0.783,-55.374,4.588,531028901.000
-1.562,0.810,0.055,-0.763,-55.337,4.598,531029002.000
-1.560,0.812,0.053,-0.741,-55.309,4.589,531029102.000
-1.556,0.804,0.050,-0.786,-55.270,4.590,531029202.000
-1.558,0.808,0.055,-0.736,-55.192,4.591,531029301.000
-1.556,0.806,0.053,-0.689,-55.140,4.573,531029401.000
-1.554,0.808,0.050,-0.722,-55.113,4.592,531029501.000
-1.554,0.810,0.053,-0.693,-55.056,4.574,531029601.000
-1.550,0.805,0.056,-0.696,-55.049,4.557,531029702.000
-1.550,0.802,0.051,-0.696,-54.992,4.576,531029801.000
-1.548,0.803,0.051,-0.688,-54.908,4.567,531029901.000
-1.553,0.801,0.046,-0.662,-54.875,4.586,531030002.000
-1.546,0.802,0.046,-0.654,-54.864,4.550,531030101.000
-1.546,0.802,0.048,-0.681,-54.784,4.578,531030202.000
-1.544,0.801,0.051,-0.648,-54.739,4.561,531030301.000
-1.545,0.801,0.056,-0.607,-54.698,4.561,531030402.000
-1.545,0.798,0.046,-0.649,-54.634,4.552,531030502.000
-1.541,0.793,0.053,-0.679,-54.611,4.562,531030602.000
-1.541,0.793,0.053,-0.638,-54.537,4.563,531030702.000
-1.534,0.797,0.053,-0.614,-54.527,4.592,531030801.000
-1.537,0.793,0.048,-0.609,-54.482,4.565,531030902.000
-1.537,0.798,0.051,-0.551,-54.449,4.556,531031002.000
-1.537,0.787,0.043,-0.625,-54.378,4.575,531031102.000
-1.533,0.792,0.053,-0.567,-54.369,4.566,531031201.000
-1.533,0.787,0.049,-0.584,-54.313,4.549,531031301.000
-1.535,0.788,0.051,-0.576,-54.268,4.567,531031401.000
-1.531,0.786,0.049,-0.563,-54.229,4.559,531031502.000
-1.531,0.788,0.046,-0.520,-54.164,4.597,531031601.000
-1.531,0.793,0.049,-0.504,-54.156,4.560,531031701.000
-1.531,0.788,0.049,-0.534,-54.059,4.542,531031801.000
-1.527,0.788,0.044,-0.478,-54.052,4.515,531031901.000
-1.529,0.782,0.056,-0.558,-53.998,4.561,531032002.000
-1.521,0.782,0.051,-0.515,-53.992,4.563,531032102.000
-1.523,0.780,0.054,-0.509,-53.923,4.573,531032202.000
-1.519,0.780,0.051,-0.495,-53.908,4.546,531032301.000
-1.521,0.782,0.049,-0.487,-53.831,4.564,531032401.000
-1.523,0.780,0.046,-0.468,-53.802,4.546,531032502.000
-1.521,0.779,0.051,-0.461,-53.773,4.556,531032602.000
-1.513,0.779,0.042,-0.446,-53.785,4.530,531032703.000
-1.519,0.778,0.049,-0.427,-53.697,4.567,531032803.000
-1.520,0.777,0.046,-0.441,-53.657,4.539,531032903.000
-1.517,0.779,0.047,-0.406,-53.621,4.531,531033002.000
-1.515,0.775,0.044,-0.428,-53.569,4.531,531033102.000
-1.513,0.771,0.049,-0.436,-53.541,4.560,531033202.000
-1.516,0.775,0.051,-0.387,-53.495,4.560,531033303.000
-1.512,0.777,0.047,-0.357,-53.465,4.543,531033403.000
-1.512,0.775,0.047,-0.386,-53.440,4.533,531033503.000
-1.510,0.773,0.052,-0.380,-53.412,4.543,531033603.000
-1.508,0.769,0.052,-0.374,-53.376,4.544,531033703.000
-1.510,0.776,0.057,-0.296,-53.322,4.554,531033803.000
-1.508,0.769,0.047,-0.347,-53.247,4.518,531033902.000
-1.510,0.768,0.054,-0.355,-53.185,4.555,531034001.000
-1.506,0.773,0.044,-0.323,-53.195,4.546,531034102.000
-1.506,0.770,0.047,-0.283,-53.162,4.565,531034202.000
-1.500,0.764,0.049,-0.334,-53.144,4.529,531034303.000
-1.502,0.768,0.049,-0.312,-53.082,4.530,531034403.000
-1.502,0.768,0.052,-0.298,-53.074,4.530,531034503.000
-1.504,0.764,0.044,-0.334,-52.989,4.530,531034602.000
-1.502,0.762,0.052,-0.301,-52.977,4.540,531034703.000
-1.500,0.764,0.052,-0.293,-52.941,4.559,531034803.000
-1.500,0.764,0.052,-0.265,-52.892,4.532,531034903.000
-1.502,0.760,0.042,-0.288,-52.864,4.532,531035003.000
-1.498,0.760,0.047,-0.274,-52.849,4.533,531035102.000
-1.494,0.757,0.042,-0.274,-52.818,4.552,531035202.000
-1.496,0.761,0.052,-0.238,-52.796,4.552,531035303.000
-1.499,0.757,0.052,-0.261,-52.735,4.552,531035401.000
-1.492,0.758,0.052,-0.226,-52.724,4.517,531035501.000
-1.492,0.756,0.047,-0.254,-52.668,4.535,531035602.000
-1.495,0.757,0.050,-0.219,-52.623,4.527,531035702.000
-1.490,0.752,0.042,-0.248,-52.600,4.537,531035802.000
-1.493,0.755,0.045,-0.171,-52.555,4.537,531035902.000
-1.488,0.755,0.040,-0.184,-52.524,4.510,531036001.000
-1.488,0.750,0.045,-0.215,-52.507,4.520,531036101.000
-1.491,0.754,0.055,-0.193,-52.461,4.520,531036201.000
-1.489,0.753,0.047,-0.144,-52.426,4.530,531036302.000
-1.489,0.747,0.040,-0.216,-52.402,4.484,531036402.000
-1.482,0.749,0.040,-0.180,-52.392,4.503,531036501.000
-1.487,0.751,0.045,-0.165,-52.350,4.540,531036601.000
-1.487,0.749,0.045,-0.181,-52.301,4.503,531036701.000
-1.483,0.744,0.050,-0.142,-52.285,4.514,531036801.000
-1.483,0.749,0.045,-0.138,-52.254,4.532,531036902.000
-1.481,0.747,0.050,-0.132,-52.225,4.515,531037001.000
-1.481,0.745,0.047,-0.133,-52.185,4.534,531037101.000
-1.481,0.747,0.047,-0.105,-52.161,4.515,531037202.000
-1.481,0.747,0.045,-0.090,-52.120,4.516,531037301.000
-1.481,0.739,0.040,-0.149,-52.064,4.516,531037401.000
-1.481,0.745,0.047,-0.106,-52.039,4.507,531037502.000
-1.477,0.739,0.042,-0.107,-52.033,4.545,531037601.000
-1.475,0.743,0.043,-0.084,-51.997,4.518,531037701.000
-1.475,0.746,0.048,-0.042,-51.980,4.528,531037801.000
-1.473,0.744,0.043,-0.035,-51.936,4.510,531037901.000
-1.475,0.741,0.040,-0.058,-51.908,4.510,531038002.000
-1.480,0.740,0.040,-0.059,-51.834,4.510,531038102.000
-1.475,0.740,0.043,-0.086,-51.827,4.510,531038201.000
-1.471,0.740,0.043,-0.071,-51.828,4.511,531038301.000
-1.469,0.737,0.048,-0.080,-51.800,4.512,531038401.000
-1.469,0.736,0.043,-0.053,-51.768,4.484,531038501.000
-1.473,0.736,0.045,-0.053,-51.710,4.512,531038601.000
-1.471,0.735,0.048,-0.060,-51.690,4.522,531038702.000
-1.467,0.735,0.043,-0.019,-51.707,4.495,531038801.000
-1.472,0.740,0.048,0.025,-51.592,4.514,531038901.000
-1.467,0.732,0.048,-0.020,-51.618,4.514,531039001.000
-1.467,0.740,0.048,0.053,-51.569,4.515,531039102.000
-1.465,0.731,0.043,0.001,-51.550,4.524,531039201.000
-1.465,0.731,0.043,-0.013,-51.526,4.524,531039302.000
-1.466,0.734,0.050,0.015,-51.501,4.506,531039402.000
-1.463,0.727,0.040,-0.022,-51.450,4.498,531039501.000
-1.466,0.728,0.040,-0.000,-51.413,4.516,531039601.000
-1.464,0.727,0.043,-0.021,-51.417,4.526,531039702.000
-1.464,0.730,0.040,0.035,-51.377,4.508,531039801.000
-1.464,0.730,0.045,0.021,-51.336,4.508,531039901.000
-1.460,0.732,0.045,0.051,-51.337,4.518,531040001.000
-1.464,0.730,0.040,0.035,-51.280,4.509,531040102.000
-1.457,0.728,0.045,0.056,-51.301,4.519,531040201.000
-1.460,0.727,0.048,0.034,-51.231,4.501,531040302.000
-1.458,0.728,0.043,0.083,-51.236,4.492,531040401.000
-1.456,0.727,0.043,0.076,-51.200,4.502,531040501.000
-1.460,0.727,0.045,0.062,-51.167,4.501,531040601.000
-1.458,0.725,0.038,0.082,-51.131,4.484,531040701.000
-1.456,0.724,0.036,0.062,-51.104,4.493,531040801.000
-1.454,0.723,0.041,0.067,-51.076,4.448,531040902.000
-1.454,0.723,0.038,0.082,-51.084,4.503,531041002.000
-1.452,0.721,0.046,0.074,-51.047,4.486,531041102.000
-1.454,0.723,0.041,0.109,-51.002,4.477,531041201.000
-1.450,0.720,0.043,0.122,-50.995,4.496,531041301.000
-1.450,0.725,0.043,0.152,-50.947,4.487,531041402.000
-1.450,0.725,0.041,0.153,-50.931,4.515,531041502.000
-1.448,0.721,0.036,0.144,-50.936,4.487,531041601.000
-1.450,0.720,0.046,0.122,-50.866,4.497,531041701.000
-1.446,0.720,0.038,0.164,-50.867,4.498,531041802.000
-1.450,0.720,0.043,0.136,-50.825,4.525,531041902.000
-1.448,0.719,0.041,0.129,-50.822,4.479,531042001.000
-1.446,0.715,0.048,0.092,-50.762,4.508,531042101.000
-1.444,0.716,0.046,0.155,-50.758,4.499,531042202.000
-1.442,0.715,0.043,0.120,-50.755,4.481,531042301.000
-1.442,0.717,0.041,0.163,-50.739,4.490,531042401.000
-1.442,0.717,0.043,0.163,-50.706,4.491,531042501.000
-1.442,0.710,0.046,0.131,-50.698,4.491,531042602.000
-1.442,0.715,0.043,0.162,-50.633,4.482,531042701.000
-1.444,0.711,0.038,0.140,-50.589,4.510,531042801.000
-1.440,0.713,0.043,0.155,-50.597,4.492,531042901.000
-1.442,0.714,0.041,0.190,-50.568,4.483,531043002.000
-1.438,0.712,0.048,0.188,-50.569,4.474,531043102.000
-1.442,0.717,0.046,0.218,-50.527,4.493,531043202.000
-1.440,0.711,0.036,0.196,-50.501,4.512,531043302.000
-1.436,0.708,0.041,0.208,-50.461,4.504,531043402.000
-1.441,0.713,0.046,0.224,-50.443,4.494,531043501.000
-1.438,0.712,0.038,0.217,-50.408,4.504,531043602.000
-1.436,0.708,0.036,0.208,-50.380,4.477,531043702.000
-1.434,0.707,0.041,0.187,-50.401,4.486,531043801.000
-1.434,0.707,0.044,0.201,-50.344,4.486,531043902.000
-1.437,0.705,0.041,0.220,-50.315,4.440,531044002.000
-1.437,0.705,0.041,0.248,-50.266,4.496,531044101.000
-1.430,0.706,0.041,0.257,-50.304,4.488,531044201.000
-1.432,0.708,0.039,0.236,-50.276,4.478,531044301.000
-1.433,0.700,0.036,0.205,-50.236,4.479,531044401.000
-1.433,0.705,0.041,0.276,-50.194,4.470,531044501.000
-1.431,0.704,0.036,0.242,-50.175,4.480,531044601.000
-1.428,0.697,0.036,0.232,-50.188,4.471,531044701.000
-1.433,0.700,0.041,0.246,-50.146,4.480,531044801.000
-1.431,0.704,0.034,0.297,-50.110,4.481,531044901.000
-1.429,0.700,0.034,0.261,-50.099,4.481,531045001.000
-1.429,0.702,0.049,0.261,-50.122,4.490,531045101.000
-1.429,0.702,0.041,0.262,-50.074,4.490,531045202.000
-1.429,0.702,0.036,0.290,-50.042,4.463,531045301.000
-1.427,0.698,0.044,0.253,-50.030,4.491,531045402.000
-1.425,0.700,0.039,0.289,-50.011,4.482,531045501.000
-1.423,0.698,0.046,0.295,-49.998,4.465,531045601.000
-1.423,0.701,0.044,0.296,-49.958,4.474,531045701.000
-1.423,0.701,0.044,0.338,-49.934,4.502,531045801.000
-1.425,0.700,0.039,0.289,-49.914,4.483,531045901.000
-1.425,0.705,0.039,0.361,-49.889,4.474,531046001.000
-1.423,0.698,0.046,0.350,-49.852,4.494,531046102.000
-1.421,0.697,0.034,0.288,-49.883,4.447,531046201.000
-1.423,0.698,0.041,0.309,-49.845,4.466,531046301.000
-1.423,0.698,0.039,0.337,-49.829,4.466,531046402.000
-1.421,0.697,0.041,0.329,-49.809,4.476,531046502.000
-1.421,0.694,0.036,0.301,-49.753,4.467,531046601.000
-1.421,0.694,0.041,0.300,-49.736,4.467,531046702.000
-1.421,0.697,0.037,0.329,-49.729,4.449,531046802.000
-1.417,0.694,0.041,0.329,-49.713,4.468,531046901.000
-1.417,0.697,0.039,0.358,-49.721,4.477,531047002.000
-1.417,0.697,0.046,0.385,-49.672,4.478,531047102.000
-1.417,0.694,0.041,0.357,-49.664,4.496,531047201.000
-1.417,0.699,0.044,0.414,-49.631,4.460,531047301.000
-1.417,0.697,0.039,0.385,-49.624,4.451,531047402.000
-1.419,0.695,0.041,0.405,-49.578,4.488,531047501.000
-1.415,0.693,0.039,0.391,-49.588,4.479,531047602.000
-1.411,0.693,0.037,0.363,-49.598,4.452,531047701.000
-1.415,0.690,0.034,0.362,-49.580,4.470,531047802.000
-1.415,0.693,0.042,0.391,-49.507,4.480,531047902.000
-1.415,0.693,0.037,0.405,-49.499,4.480,531048002.000
-1.413,0.694,0.047,0.412,-49.479,4.471,531048101.000
-1.413,0.689,0.042,0.395,-49.471,4.453,531048201.000
-1.413,0.691,0.047,0.410,-49.454,4.463,531048301.000
-1.413,0.689,0.039,0.382,-49.431,4.453,531048402.000
-1.411,0.693,0.039,0.405,-49.443,4.454,531048502.000
-1.414,0.689,0.049,0.395,-49.373,4.482,531048601.000
-1.411,0.690,0.037,0.417,-49.379,4.445,531048702.000
-1.405,0.686,0.037,0.410,-49.393,4.474,531048801.000
-1.407,0.685,0.039,0.360,-49.372,4.455,531048901.000
-1.405,0.686,0.037,0.395,-49.368,4.446,531049002.000
-1.409,0.686,0.037,0.450,-49.294,4.447,531049101.000
-1.407,0.687,0.042,0.403,-49.291,4.465,531049201.000
-1.407,0.687,0.039,0.444,-49.250,4.465,531049301.000
-1.410,0.686,0.037,0.423,-49.246,4.447,531049401.000
-1.405,0.686,0.039,0.423,-49.239,4.447,531049501.000
-1.403,0.685,0.044,0.429,-49.259,4.457,531049601.000
-1.405,0.688,0.039,0.452,-49.214,4.457,531049701.000
-1.405,0.683,0.044,0.435,-49.173,4.467,531049801.000
-1.403,0.685,0.039,0.444,-49.154,4.458,531049902.000
-1.406,0.688,0.044,0.479,-49.149,4.458,531050001.000
-1.406,0.683,0.037,0.477,-49.101,4.467,531050103.000
-1.406,0.683,0.034,0.450,-49.085,4.440,531050202.000
-1.404,0.682,0.034,0.456,-49.073,4.449,531050302.000
-1.404,0.684,0.047,0.470,-49.105,4.431,531050402.000
-1.402,0.683,0.042,0.491,-49.037,4.441,531050503.000
-1.402,0.686,0.047,0.465,-49.045,4.478,531050603.000
-1.406,0.680,0.044,0.489,-49.003,4.459,531050703.000
-1.399,0.679,0.034,0.455,-49.026,4.441,531050803.000
-1.404,0.679,0.044,0.454,-48.967,4.469,531050902.000
-1.400,0.682,0.039,0.471,-48.961,4.479,531051003.000
-1.402,0.683,0.044,0.478,-48.932,4.469,531051102.000
-1.400,0.674,0.037,0.439,-48.921,4.452,531051203.000
-1.398,0.678,0.037,0.476,-48.909,4.452,531051303.000
-1.400,0.677,0.042,0.454,-48.904,4.461,531051402.000
-1.396,0.677,0.044,0.482,-48.897,4.462,531051502.000
-1.398,0.675,0.042,0.446,-48.868,4.443,531051603.000
-1.400,0.676,0.037,0.509,-48.823,4.434,531051702.000
-1.396,0.679,0.037,0.497,-48.849,4.444,531051802.000
-1.398,0.672,0.037,0.487,-48.836,4.435,531051902.000
-1.396,0.679,0.042,0.511,-48.808,4.444,531052002.000
-1.396,0.676,0.040,0.523,-48.792,4.435,531052103.000
-1.396,0.679,0.040,0.525,-48.768,4.472,531052202.000
-1.396,0.674,0.040,0.481,-48.743,4.454,531052303.000
-1.392,0.676,0.042,0.524,-48.736,4.464,531052402.000
-1.396,0.674,0.047,0.494,-48.718,4.454,531052503.000
-1.394,0.678,0.037,0.504,-48.692,4.455,531052603.000
-1.398,0.675,0.042,0.530,-48.673,4.473,531052703.000
-1.392,0.674,0.042,0.536,-48.687,4.455,531052803.000
-1.392,0.671,0.040,0.508,-48.647,4.446,531052903.000
-1.392,0.676,0.037,0.524,-48.656,4.437,531053002.000
-1.390,0.675,0.042,0.572,-48.651,4.447,531053102.000
-1.392,0.676,0.040,0.552,-48.623,4.438,531053202.000
-1.390,0.675,0.040,0.572,-48.635,4.420,531053303.000
-1.392,0.666,0.040,0.477,-48.550,4.429,531053403.000
-1.388,0.674,0.040,0.551,-48.575,4.457,531053502.000
-1.392,0.671,0.035,0.549,-48.542,4.448,531053603.000
-1.388,0.674,0.035,0.552,-48.544,4.457,531053702.000
-1.388,0.668,0.042,0.520,-48.494,4.439,531053802.000
-1.390,0.675,0.037,0.586,-48.498,4.448,531053902.000
-1.390,0.672,0.040,0.543,-48.466,4.439,531054003.000
-1.386,0.672,0.040,0.572,-48.491,4.467,531054102.000
-1.386,0.670,0.040,0.570,-48.466,4.431,531054203.000
-1.386,0.672,0.042,0.585,-48.434,4.440,531054303.000
-1.386,0.670,0.040,0.584,-48.442,4.459,531054402.000
-1.388,0.668,0.037,0.562,-48.389,4.440,531054502.000
-1.388,0.673,0.047,0.592,-48.356,4.459,531054603.000
-1.384,0.668,0.037,0.549,-48.391,4.441,531054703.000
-1.384,0.668,0.037,0.591,-48.366,4.441,531054802.000
-1.384,0.668,0.037,0.577,-48.342,4.442,531054903.000
-1.380,0.671,0.037,0.606,-48.343,4.424,531055002.000
-1.382,0.672,0.037,0.614,-48.330,4.442,531055103.000
-1.382,0.664,0.037,0.554,-48.306,4.415,531055202.000
-1.384,0.668,0.040,0.590,-48.285,4.442,531055302.000
-1.382,0.669,0.040,0.612,-48.273,4.433,531055403.000
-1.380,0.665,0.037,0.576,-48.246,4.434,531055503.000
-1.382,0.664,0.037,0.582,-48.209,4.416,531055602.000
-1.380,0.668,0.040,0.618,-48.213,4.416,531055703.000
-1.380,0.668,0.033,0.618,-48.214,4.388,531055803.000
-1.382,0.669,0.040,0.626,-48.200,4.434,531055902.000
-1.378,0.664,0.037,0.582,-48.186,4.416,531056003.000
-1.380,0.665,0.037,0.617,-48.173,4.435,531056103.000
-1.378,0.664,0.037,0.610,-48.185,4.444,531056203.000
-1.380,0.668,0.040,0.618,-48.116,4.417,531056303.000
-1.378,0.661,0.035,0.609,-48.145,4.435,531056402.000
-1.376,0.665,0.028,0.605,-48.110,4.408,531056503.000
-1.374,0.664,0.035,0.624,-48.122,4.418,531056603.000
-1.378,0.667,0.038,0.625,-48.088,4.427,531056703.000
-1.376,0.665,0.040,0.618,-48.069,4.436,531056803.000
-1.374,0.659,0.040,0.594,-48.057,4.428,531056901.000
-1.374,0.661,0.033,0.609,-48.058,4.409,531057002.000
-1.376,0.663,0.038,0.630,-48.004,4.428,531057103.000
-1.374,0.659,0.038,0.608,-48.017,4.428,531057203.000
-1.379,0.661,0.033,0.609,-47.984,4.381,531057303.000
-1.374,0.661,0.040,0.650,-47.984,4.410,531057401.000
-1.377,0.660,0.038,0.615,-47.955,4.419,531057503.000
-1.372,0.657,0.035,0.628,-47.965,4.411,531057602.000
-1.377,0.662,0.040,0.658,-47.923,4.429,531057702.000
-1.372,0.657,0.038,0.601,-47.932,4.411,531057802.000
-1.379,0.661,0.040,0.650,-47.861,4.410,531057902.000
-1.375,0.661,0.040,0.623,-47.887,4.438,531058003.000
-1.373,0.657,0.043,0.614,-47.891,4.411,531058102.000
-1.375,0.661,0.038,0.664,-47.846,4.411,531058203.000
-1.368,0.660,0.040,0.644,-47.876,4.421,531058303.000
-1.373,0.660,0.040,0.630,-47.827,4.421,531058402.000
-1.371,0.664,0.040,0.680,-47.839,4.421,531058502.000
-1.373,0.657,0.035,0.628,-47.819,4.412,531058602.000
-1.373,0.662,0.035,0.672,-47.795,4.403,531058702.000
-1.371,0.658,0.035,0.636,-47.783,4.403,531058802.000
-1.368,0.660,0.040,0.685,-47.803,4.422,531058902.000
-1.371,0.658,0.040,0.664,-47.767,4.431,531059002.000
-1.373,0.657,0.040,0.642,-47.730,4.413,531059102.000
-1.369,0.657,0.033,0.643,-47.756,4.413,531059202.000
-1.367,0.656,0.043,0.621,-47.711,4.423,531059302.000
-1.362,0.653,0.033,0.649,-47.745,4.414,531059401.000
-1.367,0.658,0.040,0.692,-47.695,4.405,531059502.000
-1.367,0.656,0.035,0.649,-47.663,4.396,531059602.000
-1.365,0.654,0.040,0.683,-47.683,4.405,531059702.000
-1.367,0.656,0.035,0.691,-47.687,4.396,531059801.000
-1.367,0.653,0.038,0.647,-47.655,4.387,531059902.000
-1.367,0.656,0.035,0.691,-47.638,4.396,531060002.000
-1.367,0.658,0.045,0.664,-47.630,4.405,531060103.000
-1.363,0.656,0.038,0.691,-47.631,4.425,531060202.000
-1.363,0.656,0.035,0.664,-47.616,4.397,531060302.000
-1.365,0.654,0.038,0.711,-47.570,4.406,531060402.000
-1.363,0.653,0.043,0.662,-47.591,4.416,531060503.000
-1.361,0.652,0.038,0.655,-47.571,4.398,531060602.000
-1.358,0.653,0.043,0.690,-47.567,4.417,531060702.000
-1.365,0.657,0.043,0.712,-47.529,4.416,531060801.000
-1.363,0.653,0.043,0.703,-47.517,4.416,531060901.000
-1.365,0.652,0.035,0.641,-47.506,4.397,531061003.000
-1.363,0.656,0.035,0.705,-47.494,4.398,531061103.000
-1.361,0.652,0.040,0.682,-47.490,4.398,531061202.000
-1.359,0.650,0.038,0.703,-47.487,4.408,531061301.000
-1.359,0.650,0.038,0.689,-47.462,4.408,531061401.000
-1.357,0.654,0.043,0.726,-47.483,4.409,531061502.000
-1.359,0.650,0.038,0.689,-47.462,4.408,531061603.000
-1.363,0.650,0.035,0.675,-47.397,4.380,531061701.000
-1.361,0.652,0.045,0.696,-47.401,4.399,531061801.000
-1.357,0.649,0.031,0.682,-47.427,4.390,531061902.000
-1.361,0.652,0.038,0.710,-47.377,4.400,531062001.000
-1.361,0.654,0.043,0.711,-47.385,4.409,531062102.000
-1.359,0.648,0.043,0.701,-47.397,4.400,531062202.000
-1.361,0.646,0.031,0.694,-47.353,4.381,531062301.000
-1.363,0.650,0.038,0.716,-47.340,4.381,531062401.000
-1.359,0.648,0.035,0.702,-47.349,4.400,531062501.000
-1.361,0.646,0.038,0.680,-47.280,4.410,531062602.000
-1.366,0.646,0.035,0.708,-47.287,4.437,531062702.000
-1.359,0.653,0.033,0.718,-47.309,4.391,531062801.000
-1.357,0.651,0.041,0.724,-47.297,4.373,531062901.000
-1.359,0.650,0.035,0.717,-47.252,4.410,531063001.000
-1.355,0.645,0.043,0.728,-47.252,4.420,531063101.000
-1.357,0.649,0.036,0.723,-47.241,4.392,531063201.000
-1.357,0.649,0.038,0.723,-47.257,4.392,531063301.000
-1.357,0.644,0.033,0.680,-47.249,4.401,531063402.000
-1.355,0.648,0.036,0.730,-47.229,4.402,531063502.000
-1.357,0.644,0.038,0.693,-47.208,4.402,531063602.000
-1.353,0.646,0.038,0.695,-47.209,4.384,531063702.000
-1.355,0.647,0.036,0.730,-47.180,4.402,531063802.000
-1.353,0.644,0.036,0.721,-47.169,4.403,531063902.000
-1.357,0.649,0.040,0.737,-47.151,4.421,531064002.000
-1.353,0.644,0.036,0.708,-47.145,4.403,531064102.000
-1.355,0.645,0.038,0.701,-47.124,4.394,531064202.000
-1.353,0.649,0.036,0.724,-47.121,4.394,531064302.000
-1.353,0.646,0.038,0.736,-47.136,4.385,531064402.000
-1.355,0.645,0.041,0.728,-47.091,4.394,531064501.000
-1.353,0.646,0.038,0.750,-47.112,4.385,531064601.000
-1.351,0.647,0.036,0.758,-47.109,4.404,531064702.000
-1.351,0.645,0.041,0.743,-47.092,4.395,531064802.000
-1.353,0.643,0.041,0.707,-47.031,4.376,531064902.000
-1.353,0.649,0.036,0.779,-47.023,4.395,531065001.000
-1.351,0.647,0.038,0.799,-47.051,4.377,531065101.000
-1.353,0.649,0.036,0.779,-47.023,4.395,531065201.000
-1.353,0.646,0.041,0.764,-47.006,4.386,531065301.000
-1.347,0.642,0.033,0.701,-47.021,4.386,531065401.000
-1.347,0.645,0.041,0.743,-47.020,4.368,531065502.000
-1.347,0.642,0.033,0.714,-46.997,4.359,531065601.000
-1.349,0.643,0.036,0.750,-47.000,4.405,531065701.000
-1.349,0.643,0.031,0.750,-46.968,4.378,531065802.000
-1.349,0.643,0.033,0.736,-46.960,4.378,531065902.000
