0.048,-0.090,-0.107,2.300,1.912,0.387,531624611.000
0.050,-0.088,-0.105,2.294,1.907,0.378,531624711.000
0.053,-0.087,-0.110,2.288,1.902,0.368,531624811.000
0.048,-0.090,-0.107,2.300,1.912,0.359,531624912.000
0.055,-0.091,-0.107,2.266,1.873,0.369,531625011.000
0.048,-0.092,-0.107,2.271,1.936,0.350,531625111.000
0.052,-0.090,-0.110,2.287,1.926,0.360,531625212.000
0.053,-0.090,-0.110,2.287,1.878,0.359,531625312.000
0.052,-0.087,-0.102,2.315,1.903,0.369,531625412.000
0.053,-0.092,-0.107,2.258,1.886,0.378,531625512.000
0.053,-0.087,-0.112,2.302,1.894,0.369,531625612.000
0.050,-0.091,-0.102,2.278,1.891,0.368,531625711.000
0.053,-0.090,-0.110,2.287,1.878,0.359,531625811.000
0.050,-0.091,-0.105,2.306,1.908,0.341,531625912.000
0.055,-0.088,-0.110,2.322,1.865,0.378,531626011.000
0.050,-0.088,-0.105,2.294,1.907,0.350,531626111.000
0.048,-0.090,-0.107,2.300,1.912,0.359,531626212.000
0.050,-0.091,-0.102,2.306,1.892,0.369,531626311.000
0.053,-0.089,-0.112,2.287,1.894,0.387,531626412.000
0.050,-0.093,-0.110,2.250,1.915,0.359,531626512.000
0.053,-0.087,-0.107,2.343,1.887,0.369,531626611.000
0.050,-0.086,-0.110,2.337,1.891,0.387,531626712.000
0.053,-0.092,-0.115,2.286,1.886,0.378,531626812.000
0.050,-0.091,-0.105,2.279,1.907,0.368,531626911.000
0.053,-0.095,-0.110,2.257,1.878,0.368,531627011.000
0.050,-0.091,-0.107,2.293,1.899,0.368,531627113.000
0.052,-0.092,-0.110,2.286,1.902,0.378,531627213.000
0.050,-0.091,-0.102,2.320,1.916,0.369,531627313.000
0.050,-0.088,-0.115,2.294,1.874,0.350,531627412.000
0.050,-0.088,-0.110,2.253,1.914,0.377,531627513.000
0.055,-0.088,-0.105,2.295,1.882,0.378,531627613.000
0.050,-0.088,-0.102,2.335,1.916,0.350,531627712.000
0.050,-0.091,-0.107,2.279,1.923,0.396,531627812.000
0.050,-0.088,-0.115,2.281,1.898,0.350,531627913.000
0.048,-0.090,-0.107,2.286,1.936,0.387,531628013.000
0.055,-0.091,-0.112,2.294,1.905,0.369,531628112.000
0.057,-0.089,-0.112,2.288,1.868,0.360,531628213.000
0.055,-0.086,-0.110,2.282,1.865,0.359,531628313.000
0.050,-0.086,-0.107,2.295,1.899,0.359,531628412.000
0.053,-0.090,-0.115,2.273,1.885,0.359,531628513.000
0.050,-0.093,-0.105,2.278,1.883,0.387,531628613.000
0.048,-0.092,-0.112,2.313,1.895,0.378,531628712.000
0.052,-0.090,-0.110,2.315,1.927,0.387,531628812.000
0.050,-0.091,-0.102,2.347,1.916,0.369,531628912.000
0.053,-0.090,-0.112,2.314,1.894,0.332,531629013.000
0.052,-0.092,-0.115,2.286,1.934,0.378,531629113.000
0.048,-0.092,-0.105,2.285,1.944,0.378,531629212.000
0.052,-0.090,-0.110,2.328,1.902,0.360,531629313.000
0.052,-0.097,-0.105,2.296,1.895,0.388,531629413.000
0.050,-0.088,-0.105,2.335,1.932,0.378,531629512.000
0.050,-0.091,-0.107,2.334,1.924,0.369,531629613.000
0.048,-0.090,-0.107,2.327,1.912,0.359,531629712.000
0.050,-0.091,-0.110,2.320,1.915,0.369,531629813.000
0.053,-0.087,-0.112,2.330,1.894,0.369,531629913.000
0.046,-0.093,-0.110,2.291,1.916,0.387,531630012.000
0.050,-0.093,-0.112,2.320,1.907,0.387,531630113.000
0.053,-0.090,-0.112,2.315,1.894,0.360,531630212.000
0.052,-0.092,-0.107,2.299,1.911,0.378,531630312.000
0.048,-0.090,-0.107,2.342,1.936,0.387,531630413.000
0.057,-0.092,-0.105,2.313,1.894,0.379,531630513.000
0.050,-0.091,-0.112,2.307,1.907,0.369,531630613.000
0.052,-0.089,-0.107,2.315,1.911,0.387,531630712.000
0.052,-0.090,-0.112,2.328,1.918,0.360,531630813.000
0.050,-0.091,-0.102,2.306,1.940,0.369,531630912.000
0.050,-0.096,-0.112,2.276,1.907,0.350,531631013.000
0.053,-0.092,-0.110,2.299,1.878,0.350,531631112.000
0.050,-0.093,-0.107,2.264,1.923,0.387,531631212.000
0.055,-0.088,-0.110,2.336,1.890,0.351,531631313.000
0.050,-0.091,-0.112,2.293,1.931,0.369,531631412.000
0.053,-0.092,-0.112,2.285,1.870,0.350,531631512.000
0.050,-0.091,-0.107,2.334,1.924,0.369,531631612.000
0.050,-0.091,-0.107,2.306,1.923,0.369,531631712.000
0.050,-0.088,-0.107,2.308,1.899,0.378,531631813.000
0.050,-0.088,-0.117,2.281,1.914,0.350,531631912.000
0.050,-0.088,-0.107,2.294,1.923,0.378,531632012.000
0.048,-0.092,-0.107,2.285,1.912,0.377,531632113.000
0.050,-0.091,-0.117,2.280,1.890,0.368,531632213.000
0.055,-0.091,-0.107,2.266,1.873,0.396,531632313.000
0.055,-0.088,-0.110,2.281,1.889,0.378,531632413.000
0.050,-0.093,-0.112,2.236,1.906,0.359,531632512.000
0.052,-0.090,-0.107,2.287,1.910,0.360,531632612.000
0.050,-0.086,-0.107,2.309,1.875,0.359,531632712.000
0.053,-0.090,-0.110,2.273,1.902,0.359,531632812.000
0.052,-0.092,-0.100,2.271,1.911,0.378,531632913.000
0.048,-0.089,-0.105,2.259,1.920,0.386,531633013.000
0.050,-0.088,-0.105,2.294,1.907,0.378,531633113.000
0.053,-0.087,-0.105,2.274,1.894,0.368,531633213.000
0.053,-0.087,-0.110,2.274,1.878,0.341,531633313.000
0.055,-0.088,-0.107,2.281,1.873,0.378,531633413.000
0.050,-0.086,-0.105,2.281,1.907,0.359,531633512.000
0.048,-0.089,-0.110,2.218,1.927,0.386,531633613.000
0.053,-0.090,-0.110,2.259,1.878,0.359,531633712.000
0.050,-0.088,-0.110,2.225,1.914,0.349,531633812.000
0.050,-0.088,-0.107,2.280,1.899,0.377,531633913.000
0.053,-0.084,-0.110,2.276,1.902,0.377,531634013.000
0.046,-0.088,-0.115,2.252,1.923,0.349,531634113.000
0.053,-0.089,-0.107,2.245,1.886,0.359,531634212.000
0.050,-0.088,-0.112,2.225,1.930,0.350,531634312.000
0.055,-0.091,-0.107,2.266,1.873,0.369,531634413.000
0.048,-0.084,-0.107,2.261,1.935,0.377,531634512.000
0.053,-0.084,-0.110,2.276,1.902,0.350,531634612.000
0.048,-0.087,-0.110,2.232,1.927,0.340,531634713.000
0.053,-0.087,-0.110,2.274,1.878,0.368,531634812.000
0.050,-0.088,-0.110,2.239,1.890,0.377,531634913.000
0.048,-0.087,-0.107,2.260,1.911,0.340,531635013.000
0.050,-0.088,-0.112,2.295,1.906,0.405,531635113.000
0.050,-0.086,-0.115,2.227,1.922,0.331,531635212.000
0.050,-0.086,-0.107,2.268,1.898,0.359,531635312.000
0.050,-0.086,-0.105,2.282,1.907,0.387,531635413.000
0.055,-0.086,-0.115,2.283,1.897,0.359,531635513.000
0.048,-0.087,-0.110,2.246,1.903,0.368,531635612.000
0.048,-0.089,-0.105,2.245,1.944,0.386,531635713.000
0.050,-0.091,-0.115,2.210,1.897,0.368,531635813.000
0.048,-0.087,-0.112,2.274,1.919,0.368,531635913.000
0.048,-0.084,-0.110,2.247,1.927,0.349,531636012.000
0.048,-0.084,-0.107,2.248,1.911,0.377,531636113.000
0.053,-0.087,-0.117,2.261,1.901,0.368,531636212.000
0.050,-0.086,-0.107,2.295,1.899,0.359,531636312.000
0.053,-0.084,-0.117,2.276,1.853,0.349,531636413.000
0.053,-0.087,-0.110,2.261,1.902,0.368,531636512.000
0.046,-0.086,-0.112,2.254,1.931,0.358,531636613.000
0.048,-0.087,-0.115,2.247,1.935,0.368,531636713.000
0.046,-0.088,-0.105,2.238,1.932,0.377,531636812.000
0.053,-0.087,-0.110,2.206,1.901,0.368,531636912.000
0.053,-0.095,-0.112,2.229,1.893,0.368,531637013.000
0.050,-0.086,-0.102,2.240,1.915,0.359,531637112.000
0.055,-0.091,-0.105,2.210,1.857,0.368,531637212.000
0.050,-0.091,-0.102,2.223,1.891,0.368,531637312.000
0.048,-0.089,-0.110,2.203,1.902,0.358,531637412.000
0.048,-0.090,-0.112,2.231,1.919,0.358,531637512.000
0.053,-0.090,-0.110,2.245,1.902,0.359,531637613.000
0.050,-0.088,-0.107,2.225,1.898,0.377,531637712.000
0.050,-0.086,-0.112,2.241,1.930,0.359,531637813.000
0.050,-0.091,-0.105,2.251,1.907,0.396,531637913.000
0.053,-0.087,-0.110,2.247,1.877,0.340,531638013.000
0.055,-0.086,-0.107,2.269,1.873,0.387,531638113.000
0.052,-0.092,-0.100,2.244,1.911,0.378,531638212.000
0.053,-0.087,-0.110,2.274,1.878,0.368,531638312.000
0.048,-0.087,-0.110,2.274,1.903,0.395,531638412.000
0.050,-0.088,-0.105,2.280,1.883,0.377,531638512.000
0.048,-0.089,-0.110,2.203,1.902,0.358,531638613.000
0.050,-0.088,-0.115,2.253,1.898,0.349,531638713.000
0.053,-0.092,-0.115,2.245,1.909,0.378,531638812.000
0.048,-0.087,-0.110,2.246,1.903,0.368,531638912.000
0.050,-0.091,-0.107,2.210,1.947,0.368,531639013.000
0.053,-0.092,-0.115,2.231,1.885,0.377,531639112.000
0.050,-0.083,-0.107,2.269,1.923,0.368,531639213.000
0.050,-0.088,-0.112,2.267,1.906,0.350,531639313.000
0.048,-0.087,-0.110,2.260,1.927,0.368,531639413.000
0.048,-0.084,-0.107,2.261,1.935,0.377,531639513.000
0.053,-0.079,-0.110,2.251,1.901,0.368,531639613.000
0.053,-0.087,-0.112,2.137,1.892,0.367,531639713.000
0.055,-0.078,-0.100,2.023,1.847,0.329,531639813.000
0.059,-0.072,-0.107,1.875,1.795,0.318,531639912.000
0.053,-0.068,-0.110,1.676,1.750,0.287,531640012.000
0.051,-0.059,-0.108,1.426,1.695,0.303,531640113.000
0.054,-0.047,-0.108,1.176,1.655,0.245,531640212.000
0.054,-0.036,-0.106,0.836,1.563,0.222,531640313.000
0.052,-0.022,-0.101,0.506,1.491,0.227,531640413.000
0.053,-0.008,-0.107,0.099,1.349,0.212,531640512.000
0.055,0.007,-0.107,-0.384,1.258,0.161,531640613.000
0.054,0.027,-0.105,-0.878,1.103,0.127,531640713.000
0.052,0.049,-0.103,-1.329,0.998,0.074,531640813.000
0.052,0.060,-0.093,-1.684,0.833,0.024,531640912.000
0.053,0.081,-0.106,-2.196,0.664,0.035,531641013.000
0.052,0.096,-0.099,-2.707,0.502,-0.017,531641113.000
0.044,0.117,-0.092,-3.140,0.306,-0.089,531641213.000
0.045,0.136,-0.100,-3.613,-0.039,-0.088,531641313.000
0.035,0.153,-0.093,-4.082,-0.344,-0.134,531641413.000
0.030,0.181,-0.088,-4.560,-0.780,-0.171,531641512.000
0.027,0.200,-0.089,-5.103,-1.270,-0.200,531641613.000
0.016,0.227,-0.090,-5.519,-1.854,-0.229,531641713.000
-0.002,0.247,-0.080,-5.975,-2.366,-0.269,531641813.000
-0.010,0.273,-0.086,-6.426,-3.028,-0.262,531641913.000
-0.028,0.296,-0.076,-6.867,-3.734,-0.321,531642013.000
-0.043,0.326,-0.082,-7.309,-4.479,-0.317,531642112.000
-0.058,0.345,-0.075,-7.759,-5.255,-0.348,531642212.000
-0.075,0.378,-0.073,-8.221,-6.011,-0.399,531642312.000
-0.092,0.396,-0.069,-8.623,-6.806,-0.422,531642412.000
-0.106,0.433,-0.065,-9.049,-7.664,-0.418,531642512.000
-0.123,0.451,-0.065,-9.464,-8.451,-0.441,531642613.000
-0.147,0.478,-0.064,-9.868,-9.290,-0.419,531642712.000
-0.160,0.501,-0.052,-10.323,-10.110,-0.479,531642812.000
-0.183,0.539,-0.058,-10.721,-10.998,-0.504,531642912.000
-0.204,0.557,-0.048,-11.151,-11.751,-0.472,531643013.000
-0.223,0.579,-0.047,-11.585,-12.615,-0.468,531643112.000
-0.240,0.612,-0.045,-12.006,-13.444,-0.519,531643213.000
-0.261,0.640,-0.043,-12.403,-14.295,-0.534,531643312.000
-0.278,0.666,-0.041,-12.828,-15.148,-0.530,531643412.000
-0.295,0.689,-0.024,-13.201,-15.925,-0.562,531643513.000
-0.316,0.722,-0.033,-13.607,-16.834,-0.559,531643612.000
-0.331,0.742,-0.028,-14.056,-17.594,-0.535,531643712.000
-0.361,0.775,-0.027,-14.519,-18.468,-0.534,531643813.000
-0.373,0.799,-0.020,-14.918,-19.353,-0.539,531643912.000
-0.394,0.827,-0.018,-15.384,-20.229,-0.582,531644012.000
-0.422,0.856,-0.014,-15.815,-21.035,-0.552,531644113.000
-0.437,0.883,-0.010,-16.274,-21.892,-0.584,531644213.000
-0.462,0.912,-0.011,-16.739,-22.775,-0.546,531644313.000
-0.479,0.940,-0.004,-17.136,-23.635,-0.560,531644412.000
-0.497,0.973,-0.002,-17.605,-24.573,-0.548,531644513.000
-0.527,0.998,0.007,-18.033,-25.397,-0.573,531644613.000
-0.548,1.029,0.001,-18.414,-26.297,-0.580,531644714.000
-0.574,1.055,0.005,-18.798,-27.187,-0.549,531644814.000
-0.588,1.082,0.010,-19.229,-28.044,-0.526,531644914.000
-0.616,1.115,0.013,-19.700,-28.947,-0.488,531645013.000
-0.635,1.142,0.025,-20.091,-29.850,-0.521,531645114.000
-0.656,1.178,0.027,-20.552,-30.751,-0.510,531645214.000
-0.677,1.204,0.034,-20.992,-31.634,-0.507,531645313.000
-0.700,1.236,0.040,-21.449,-32.554,-0.496,531645413.000
-0.731,1.266,0.042,-21.962,-33.464,-0.440,531645513.000
-0.746,1.298,0.041,-22.488,-34.363,-0.511,531645613.000
-0.771,1.332,0.045,-22.923,-35.278,-0.481,531645714.000
-0.799,1.359,0.049,-23.397,-36.132,-0.489,531645813.000
-0.816,1.385,0.046,-23.821,-36.904,-0.429,531645913.000
-0.839,1.399,0.048,-23.886,-37.690,-0.366,531646013.000
-0.865,1.413,0.055,-23.725,-38.494,-0.311,531646113.000
-0.893,1.414,0.057,-23.480,-39.299,-0.209,531646213.000
-0.917,1.409,0.052,-23.057,-40.056,-0.095,531646313.000
-0.941,1.394,0.059,-22.420,-40.891,0.067,531646414.000
-0.967,1.383,0.059,-21.690,-41.543,0.258,531646514.000
-0.997,1.374,0.059,-21.057,-42.364,0.400,531646613.000
-1.032,1.361,0.061,-20.482,-43.225,0.605,531646714.000
-1.062,1.355,0.058,-19.902,-44.007,0.756,531646814.000
-1.090,1.350,0.053,-19.356,-44.858,0.870,531646913.000
-1.115,1.342,0.055,-18.833,-45.771,1.039,531647014.000
-1.146,1.330,0.065,-18.353,-46.560,1.199,531647113.000
-1.178,1.331,0.062,-17.804,-47.403,1.358,531647213.000
-1.208,1.323,0.054,-17.336,-48.372,1.525,531647314.000
-1.240,1.321,0.061,-16.844,-49.255,1.702,531647413.000
-1.274,1.312,0.056,-16.349,-50.117,1.869,531647513.000
-1.300,1.317,0.063,-15.833,-51.110,2.027,531647614.000
-1.332,1.305,0.067,-15.402,-51.977,2.195,531647712.000
-1.366,1.307,0.067,-14.860,-52.896,2.371,531647814.000
-1.396,1.301,0.071,-14.418,-53.727,2.549,531647913.000
-1.424,1.297,0.063,-13.968,-54.685,2.688,531648013.000
-1.452,1.284,0.065,-13.550,-55.488,2.857,531648114.000
-1.486,1.286,0.063,-13.050,-56.319,3.006,531648214.000
-1.518,1.287,0.070,-12.626,-57.251,3.191,531648314.000
-1.548,1.279,0.076,-12.227,-58.146,3.386,531648413.000
-1.580,1.272,0.074,-11.793,-59.014,3.516,531648513.000
-1.608,1.272,0.073,-11.382,-59.948,3.702,531648613.000
-1.642,1.274,0.075,-10.951,-60.835,3.850,531648713.000
-1.672,1.274,0.075,-10.520,-61.659,4.017,531648812.000
-1.702,1.268,0.067,-10.119,-62.580,4.193,531648913.000
-1.736,1.265,0.079,-9.663,-63.434,4.379,531649012.000
-1.764,1.263,0.073,-9.267,-64.336,4.528,531649113.000
-1.792,1.259,0.083,-8.873,-65.163,4.696,531649212.000
-1.831,1.258,0.087,-8.471,-66.065,4.889,531649312.000
-1.856,1.258,0.077,-8.011,-66.996,5.056,531649413.000
-1.890,1.255,0.078,-7.637,-67.884,5.269,531649513.000
-1.920,1.254,0.083,-7.235,-68.691,5.381,531649612.000
-1.952,1.247,0.090,-6.856,-69.623,5.594,531649713.000
-1.987,1.244,0.082,-6.495,-70.520,5.778,531649812.000
-2.012,1.246,0.081,-6.104,-71.418,5.955,531649912.000
-2.042,1.248,0.088,-5.686,-72.290,6.103,531650012.000
-2.083,1.244,0.078,-5.319,-73.254,6.323,531650112.000
-2.110,1.245,0.082,-4.950,-74.147,6.481,531650212.000
-2.140,1.242,0.087,-4.535,-75.003,6.667,531650312.000
-2.175,1.239,0.086,-4.175,-75.850,6.824,531650412.000
-2.205,1.241,0.088,-3.784,-76.788,7.027,531650513.000
-2.241,1.239,0.095,-3.445,-77.671,7.202,531650613.000
-2.263,1.241,0.104,-3.136,-78.319,7.325,531650713.000
-2.283,1.231,0.089,-2.783,-78.772,7.478,531650812.000
-2.287,1.234,0.089,-2.658,-78.988,7.514,531650913.000
-2.287,1.223,0.082,-2.636,-78.842,7.507,531651013.000
-2.275,1.220,0.084,-2.649,-78.547,7.474,531651113.000
-2.266,1.219,0.087,-2.656,-78.141,7.433,531651213.000
-2.256,1.212,0.085,-2.678,-77.776,7.400,531651313.000
-2.248,1.211,0.088,-2.637,-77.430,7.349,531651412.000
-2.236,1.209,0.085,-2.650,-77.200,7.344,531651513.000
-2.233,1.203,0.085,-2.680,-76.886,7.301,531651613.000
-2.223,1.199,0.083,-2.646,-76.642,7.277,531651713.000
-2.217,1.197,0.086,-2.666,-76.381,7.289,531651812.000
-2.211,1.191,0.079,-2.676,-76.177,7.227,531651912.000
-2.205,1.192,0.084,-2.654,-75.931,7.221,531652013.000
-2.199,1.185,0.074,-2.662,-75.712,7.215,531652112.000
-2.193,1.181,0.081,-2.643,-75.530,7.190,531652213.000
-2.181,1.183,0.082,-2.640,-75.340,7.175,531652313.000
-2.182,1.178,0.074,-2.601,-75.122,7.159,531652413.000
-2.173,1.178,0.082,-2.573,-74.978,7.161,531652512.000
-2.170,1.172,0.080,-2.603,-74.793,7.117,531652612.000
-2.168,1.166,0.079,-2.626,-74.587,7.138,531652713.000
-2.155,1.171,0.077,-2.512,-74.501,7.104,531652812.000
-2.156,1.165,0.085,-2.556,-74.283,7.115,531652912.000
-2.150,1.159,0.075,-2.579,-74.136,7.080,531653013.000
-2.148,1.157,0.075,-2.572,-73.979,7.091,531653112.000
-2.144,1.154,0.075,-2.573,-73.834,7.056,531653212.000
-2.143,1.156,0.075,-2.538,-73.653,7.049,531653313.000
-2.134,1.153,0.075,-2.510,-73.533,7.042,531653413.000
-2.128,1.149,0.078,-2.518,-73.417,7.044,531653513.000
-2.131,1.147,0.076,-2.471,-73.243,7.000,531653612.000
-2.120,1.146,0.076,-2.464,-73.136,7.012,531653713.000
-2.123,1.142,0.076,-2.486,-72.978,7.013,531653813.000
-2.121,1.138,0.078,-2.482,-72.861,6.986,531653913.000
-2.115,1.142,0.073,-2.458,-72.770,6.988,531654013.000
-2.109,1.132,0.074,-2.441,-72.638,6.972,531654113.000
-2.107,1.131,0.071,-2.462,-72.514,6.983,531654212.000
-2.105,1.130,0.074,-2.441,-72.397,6.993,531654312.000
-2.099,1.128,0.069,-2.434,-72.282,6.949,531654413.000
-2.093,1.132,0.071,-2.397,-72.214,6.951,531654512.000
-2.096,1.130,0.076,-2.392,-72.064,6.933,531654612.000
-2.089,1.121,0.074,-2.430,-71.964,6.944,531654713.000
-2.090,1.121,0.072,-2.360,-71.827,6.946,531654812.000
-2.086,1.121,0.072,-2.374,-71.731,6.920,531654912.000
-2.084,1.120,0.074,-2.367,-71.638,6.930,531655013.000
-2.080,1.117,0.072,-2.355,-71.550,6.895,531655112.000
-2.078,1.113,0.069,-2.349,-71.450,6.896,531655213.000
-2.072,1.117,0.069,-2.298,-71.342,6.898,531655312.000
-2.070,1.108,0.072,-2.379,-71.274,6.880,531655413.000
-2.072,1.114,0.067,-2.299,-71.108,6.891,531655512.000
-2.068,1.106,0.075,-2.317,-71.035,6.865,531655613.000
-2.064,1.106,0.067,-2.288,-70.964,6.866,531655713.000
-2.062,1.105,0.072,-2.309,-70.839,6.876,531655812.000
-2.054,1.102,0.065,-2.268,-70.793,6.842,531655912.000
-2.056,1.098,0.067,-2.263,-70.699,6.870,531656013.000
-2.052,1.100,0.070,-2.248,-70.595,6.853,531656113.000
-2.048,1.098,0.072,-2.249,-70.515,6.845,531656212.000
-2.048,1.100,0.063,-2.219,-70.427,6.855,531656313.000
-2.047,1.096,0.070,-2.228,-70.366,6.856,531656413.000
-2.047,1.096,0.075,-2.215,-70.228,6.857,531656513.000
-2.047,1.091,0.075,-2.231,-70.155,6.840,531656612.000
-2.043,1.093,0.063,-2.201,-70.077,6.822,531656713.000
-2.039,1.091,0.065,-2.188,-70.021,6.814,531656812.000
-2.039,1.088,0.073,-2.163,-69.898,6.807,531656913.000
-2.039,1.085,0.070,-2.192,-69.858,6.798,531657013.000
-2.033,1.087,0.071,-2.169,-69.775,6.790,531657112.000
-2.027,1.085,0.073,-2.148,-69.732,6.801,531657213.000
-2.031,1.080,0.068,-2.165,-69.602,6.783,531657313.000
-2.029,1.084,0.068,-2.156,-69.542,6.811,531657412.000
-2.021,1.084,0.071,-2.100,-69.511,6.786,531657512.000
-2.026,1.076,0.066,-2.159,-69.381,6.786,531657613.000
-2.021,1.078,0.068,-2.116,-69.325,6.769,531657713.000
-2.020,1.074,0.068,-2.111,-69.241,6.770,531657812.000
-2.018,1.070,0.061,-2.078,-69.205,6.771,531657912.000
-2.013,1.073,0.064,-2.076,-69.125,6.754,531658013.000
-2.007,1.074,0.061,-2.067,-69.099,6.773,531658112.000
-2.009,1.073,0.069,-2.076,-69.037,6.727,531658212.000
-2.010,1.070,0.064,-2.049,-68.932,6.747,531658312.000
-2.008,1.071,0.061,-2.041,-68.880,6.738,531658412.000
-2.006,1.067,0.066,-2.064,-68.828,6.712,531658512.000
-2.004,1.066,0.061,-2.057,-68.736,6.722,531658613.000
-2.006,1.065,0.061,-2.051,-68.650,6.732,531658712.000
-1.998,1.062,0.069,-2.052,-68.628,6.724,531658812.000
-1.994,1.065,0.064,-2.008,-68.573,6.734,531658913.000
-1.996,1.063,0.064,-2.030,-68.487,6.744,531659012.000
-1.994,1.062,0.064,-1.996,-68.427,6.727,531659112.000
-1.990,1.059,0.062,-2.038,-68.388,6.718,531659212.000
-1.992,1.060,0.062,-1.961,-68.302,6.737,531659313.000
-1.988,1.063,0.059,-1.932,-68.238,6.665,531659412.000
-1.990,1.056,0.059,-1.984,-68.202,6.683,531659513.000
-1.984,1.050,0.062,-2.007,-68.134,6.731,531659613.000
-1.986,1.056,0.064,-1.983,-68.065,6.713,531659712.000
-1.982,1.054,0.062,-1.943,-68.025,6.705,531659813.000
-1.985,1.050,0.059,-1.924,-67.924,6.706,531659913.000
-1.976,1.052,0.059,-1.963,-67.927,6.688,531660012.000
-1.976,1.050,0.064,-1.937,-67.837,6.708,531660112.000
-1.978,1.053,0.055,-1.901,-67.784,6.652,531660212.000
-1.972,1.052,0.065,-1.894,-67.765,6.663,531660312.000
-1.975,1.048,0.055,-1.903,-67.664,6.663,531660412.000
-1.970,1.048,0.067,-1.917,-67.648,6.664,531660512.000
-1.968,1.047,0.065,-1.896,-67.596,6.674,531660612.000
-1.969,1.041,0.060,-1.954,-67.516,6.656,531660712.000
-1.964,1.047,0.067,-1.896,-67.492,6.676,531660813.000
-1.967,1.045,0.057,-1.862,-67.439,6.658,531660913.000
-1.962,1.045,0.062,-1.875,-67.376,6.659,531661012.000
-1.960,1.044,0.065,-1.896,-67.332,6.669,531661113.000
-1.959,1.042,0.070,-1.877,-67.279,6.623,531661213.000
-1.959,1.040,0.057,-1.891,-67.248,6.642,531661312.000
-1.961,1.038,0.065,-1.871,-67.186,6.652,531661413.000
-1.957,1.038,0.062,-1.857,-67.122,6.653,531661513.000
-1.955,1.037,0.057,-1.864,-67.103,6.635,531661612.000
-1.957,1.033,0.060,-1.846,-67.033,6.636,531661712.000
-1.955,1.037,0.060,-1.781,-66.973,6.637,531661813.000
-1.953,1.033,0.058,-1.859,-66.921,6.637,531661913.000
-1.947,1.032,0.065,-1.825,-66.934,6.620,531662014.000
-1.949,1.035,0.063,-1.802,-66.857,6.620,531662113.000
-1.951,1.034,0.063,-1.796,-66.772,6.630,531662213.000
-1.947,1.029,0.065,-1.812,-66.740,6.640,531662313.000
-1.943,1.031,0.065,-1.824,-66.717,6.622,531662414.000
-1.943,1.029,0.065,-1.784,-66.668,6.641,531662514.000
-1.941,1.030,0.055,-1.775,-66.617,6.605,531662614.000
-1.941,1.030,0.063,-1.749,-66.568,6.578,531662714.000
-1.941,1.025,0.055,-1.764,-66.496,6.616,531662813.000
-1.935,1.021,0.063,-1.801,-66.509,6.589,531662914.000
-1.933,1.027,0.058,-1.748,-66.465,6.599,531663014.000
-1.937,1.019,0.060,-1.781,-66.383,6.599,531663113.000
-1.933,1.024,0.058,-1.778,-66.344,6.563,531663214.000
-1.933,1.022,0.056,-1.779,-66.304,6.582,531663313.000
-1.931,1.023,0.053,-1.771,-66.252,6.573,531663413.000
-1.929,1.022,0.061,-1.751,-66.215,6.583,531663513.000
-1.931,1.023,0.053,-1.743,-66.155,6.574,531663614.000
-1.927,1.020,0.063,-1.744,-66.123,6.566,531663713.000
-1.927,1.018,0.058,-1.759,-66.091,6.557,531663814.000
-1.930,1.019,0.053,-1.766,-66.022,6.548,531663914.000
-1.926,1.019,0.061,-1.738,-65.998,6.577,531664013.000
-1.923,1.012,0.051,-1.761,-65.971,6.540,531664113.000
-1.921,1.019,0.061,-1.737,-65.926,6.550,531664214.000
-1.924,1.017,0.061,-1.704,-65.889,6.532,531664313.000
-1.920,1.015,0.056,-1.690,-65.834,6.552,531664413.000
-1.920,1.015,0.056,-1.745,-65.786,6.552,531664513.000
-1.913,1.011,0.056,-1.726,-65.751,6.553,531664614.000
-1.915,1.015,0.049,-1.689,-65.714,6.526,531664713.000
-1.916,1.015,0.059,-1.704,-65.657,6.526,531664814.000
-1.916,1.007,0.059,-1.722,-65.657,6.526,531664914.000
-1.912,1.017,0.059,-1.702,-65.610,6.536,531665014.000
-1.910,1.013,0.061,-1.683,-65.565,6.537,531665113.000
-1.916,1.009,0.066,-1.665,-65.486,6.565,531665214.000
-1.914,1.005,0.059,-1.701,-65.475,6.537,531665314.000
-1.912,1.007,0.064,-1.680,-65.447,6.529,531665413.000
-1.906,1.005,0.059,-1.728,-65.429,6.511,531665513.000
-1.908,1.009,0.059,-1.678,-65.368,6.512,531665614.000
-1.908,1.004,0.056,-1.694,-65.328,6.521,531665713.000
-1.904,1.001,0.049,-1.681,-65.305,6.513,531665814.000
-1.902,1.003,0.051,-1.700,-65.286,6.532,531665914.000
-1.902,1.005,0.054,-1.658,-65.253,6.514,531666013.000
-1.906,1.000,0.054,-1.689,-65.179,6.523,531666114.000
-1.902,1.005,0.051,-1.644,-65.164,6.515,531666213.000
-1.900,1.001,0.054,-1.639,-65.144,6.515,531666313.000
-1.898,1.002,0.054,-1.659,-65.108,6.506,531666413.000
-1.900,1.001,0.056,-1.598,-65.038,6.516,531666513.000
-1.894,1.005,0.052,-1.657,-65.045,6.489,531666613.000
-1.896,0.998,0.051,-1.625,-64.959,6.536,531666714.000
-1.894,1.002,0.052,-1.630,-64.972,6.481,531666813.000
-1.892,1.003,0.057,-1.623,-64.919,6.472,531666913.000
-1.890,1.000,0.057,-1.618,-64.932,6.473,531667014.000
-1.894,0.994,0.054,-1.649,-64.793,6.455,531667113.000
-1.890,0.999,0.052,-1.604,-64.876,6.473,531667213.000
-1.888,1.001,0.049,-1.595,-64.824,6.492,531667313.000
-1.888,0.998,0.049,-1.611,-64.775,6.456,531667413.000
-1.893,0.993,0.052,-1.656,-64.693,6.465,531667513.000
-1.888,0.993,0.054,-1.613,-64.662,6.494,531667614.000
-1.888,0.993,0.052,-1.600,-64.670,6.466,531667714.000
-1.882,0.994,0.047,-1.577,-64.652,6.458,531667814.000
-1.884,0.993,0.059,-1.641,-64.574,6.467,531667913.000
-1.884,0.993,0.054,-1.599,-64.566,6.468,531668013.000
-1.882,0.991,0.049,-1.593,-64.522,6.450,531668113.000
-1.880,0.990,0.054,-1.586,-64.494,6.488,531668214.000
-1.882,0.989,0.052,-1.594,-64.465,6.441,531668314.000
-1.880,0.995,0.054,-1.570,-64.421,6.451,531668414.000
-1.876,0.990,0.057,-1.558,-64.389,6.462,531668513.000
-1.876,0.990,0.055,-1.572,-64.349,6.434,531668613.000
-1.878,0.986,0.042,-1.594,-64.354,6.434,531668713.000
-1.876,0.990,0.052,-1.586,-64.309,6.434,531668813.000
-1.879,0.991,0.059,-1.551,-64.247,6.453,531668913.000
-1.870,0.988,0.057,-1.551,-64.258,6.445,531669013.000
-1.872,0.990,0.050,-1.558,-64.221,6.408,531669113.000
-1.873,0.984,0.055,-1.560,-64.156,6.446,531669213.000
-1.875,0.991,0.055,-1.551,-64.144,6.427,531669313.000
-1.871,0.983,0.060,-1.526,-64.128,6.456,531669413.000
-1.869,0.987,0.060,-1.531,-64.092,6.429,531669513.000
-1.869,0.982,0.050,-1.575,-64.053,6.410,531669613.000
-1.869,0.984,0.047,-1.532,-64.036,6.420,531669714.000
-1.869,0.982,0.052,-1.547,-63.971,6.411,531669813.000
-1.864,0.984,0.050,-1.518,-64.005,6.421,531669913.000
-1.865,0.979,0.040,-1.575,-63.941,6.403,531670014.000
-1.858,0.980,0.052,-1.526,-63.938,6.423,531670113.000
-1.863,0.980,0.055,-1.499,-63.880,6.450,531670213.000
-1.863,0.983,0.050,-1.511,-63.848,6.404,531670314.000
-1.858,0.980,0.050,-1.526,-63.873,6.395,531670414.000
-1.865,0.981,0.055,-1.478,-63.794,6.414,531670513.000
-1.863,0.983,0.055,-1.512,-63.783,6.405,531670613.000
-1.859,0.985,0.048,-1.468,-63.760,6.387,531670714.000
-1.859,0.985,0.050,-1.468,-63.727,6.388,531670813.000
-1.859,0.972,0.047,-1.530,-63.687,6.397,531670914.000
-1.857,0.974,0.052,-1.522,-63.683,6.416,531671014.000
-1.859,0.980,0.050,-1.471,-63.630,6.398,531671114.000
-1.855,0.975,0.052,-1.514,-63.647,6.408,531671214.000
-1.857,0.973,0.045,-1.508,-63.563,6.389,531671314.000
-1.855,0.977,0.050,-1.485,-63.559,6.390,531671414.000
-1.851,0.977,0.050,-1.498,-63.560,6.390,531671514.000
-1.857,0.976,0.050,-1.493,-63.497,6.399,531671614.000
-1.857,0.976,0.050,-1.479,-63.473,6.372,531671714.000
-1.849,0.973,0.053,-1.480,-63.467,6.392,531671814.000
-1.844,0.976,0.043,-1.491,-63.477,6.374,531671914.000
-1.851,0.974,0.048,-1.431,-63.398,6.383,531672013.000
-1.849,0.971,0.050,-1.453,-63.426,6.383,531672113.000
-1.843,0.972,0.045,-1.458,-63.360,6.375,531672214.000
-1.851,0.974,0.050,-1.403,-63.316,6.384,531672313.000
-1.847,0.972,0.058,-1.446,-63.293,6.403,531672413.000
-1.852,0.972,0.048,-1.432,-63.228,6.375,531672514.000
-1.847,0.969,0.053,-1.474,-63.237,6.394,531672613.000
-1.843,0.972,0.053,-1.445,-63.238,6.349,531672713.000
-1.841,0.968,0.045,-1.467,-63.203,6.377,531672813.000
-1.845,0.965,0.048,-1.469,-63.169,6.340,531672914.000
-1.843,0.972,0.051,-1.376,-63.149,6.350,531673013.000
-1.837,0.965,0.048,-1.468,-63.171,6.369,531673113.000
-1.841,0.970,0.048,-1.438,-63.146,6.359,531673213.000
-1.839,0.961,0.048,-1.436,-63.061,6.370,531673313.000
-1.843,0.964,0.043,-1.421,-63.052,6.351,531673414.000
-1.844,0.964,0.045,-1.462,-62.996,6.351,531673513.000
-1.839,0.966,0.051,-1.392,-63.004,6.361,531673613.000
-1.837,0.965,0.050,-1.426,-62.969,6.371,531673713.000
-1.837,0.957,0.046,-1.458,-62.961,6.343,531673814.000
-1.839,0.966,0.043,-1.405,-62.932,6.334,531673913.000
-1.829,0.960,0.048,-1.443,-62.931,6.299,531674012.000
-1.838,0.965,0.051,-1.385,-62.847,6.344,531674113.000
-1.831,0.966,0.051,-1.390,-62.861,6.364,531674212.000
-1.835,0.958,0.053,-1.382,-62.851,6.336,531674312.000
-1.831,0.958,0.058,-1.409,-62.812,6.364,531674414.000
-1.833,0.967,0.046,-1.370,-62.792,6.299,531674513.000
-1.831,0.963,0.051,-1.378,-62.764,6.328,531674613.000
-1.831,0.958,0.046,-1.422,-62.756,6.337,531674712.000
-1.829,0.959,0.051,-1.387,-62.704,6.329,531674812.000
-1.832,0.958,0.058,-1.382,-62.666,6.338,531674913.000
-1.827,0.961,0.048,-1.365,-62.676,6.320,531675012.000
-1.825,0.959,0.041,-1.372,-62.641,6.330,531675112.000
-1.827,0.956,0.046,-1.395,-62.612,6.330,531675213.000
-1.825,0.952,0.046,-1.418,-62.576,6.303,531675312.000
-1.828,0.953,0.046,-1.396,-62.539,6.349,531675414.000
-1.823,0.958,0.048,-1.352,-62.556,6.313,531675512.000
-1.826,0.957,0.051,-1.360,-62.510,6.322,531675613.000
-1.824,0.953,0.038,-1.354,-62.492,6.323,531675712.000
-1.821,0.957,0.048,-1.332,-62.471,6.323,531675812.000
-1.821,0.959,0.046,-1.372,-62.456,6.304,531675913.000
-1.824,0.960,0.048,-1.351,-62.386,6.295,531676013.000
-1.822,0.954,0.051,-1.333,-62.366,6.315,531676112.000
-1.820,0.950,0.041,-1.355,-62.363,6.315,531676212.000
-1.817,0.954,0.049,-1.347,-62.351,6.288,531676313.000
-1.818,0.954,0.041,-1.332,-62.327,6.316,531676413.000
-1.818,0.951,0.048,-1.334,-62.302,6.334,531676512.000
-1.815,0.950,0.046,-1.341,-62.299,6.289,531676613.000
-1.816,0.950,0.044,-1.355,-62.259,6.289,531676712.000
-1.816,0.950,0.044,-1.286,-62.234,6.290,531676812.000
-1.816,0.952,0.046,-1.312,-62.226,6.299,531676912.000
-1.818,0.948,0.046,-1.322,-62.189,6.271,531677013.000
-1.818,0.946,0.049,-1.337,-62.156,6.290,531677112.000
-1.812,0.950,0.041,-1.271,-62.171,6.319,531677213.000
-1.814,0.951,0.044,-1.306,-62.102,6.282,531677313.000
-1.809,0.954,0.046,-1.318,-62.143,6.263,531677412.000
-1.810,0.946,0.051,-1.322,-62.102,6.292,531677513.000
-1.810,0.946,0.046,-1.321,-62.070,6.319,531677612.000
-1.810,0.953,0.046,-1.276,-62.021,6.264,531677712.000
-1.808,0.950,0.046,-1.299,-62.034,6.292,531677813.000
-1.808,0.950,0.051,-1.286,-61.993,6.265,531677912.000
-1.808,0.947,0.041,-1.300,-61.978,6.284,531678013.000
-1.808,0.947,0.049,-1.301,-61.977,6.256,531678112.000
-1.806,0.943,0.054,-1.309,-61.949,6.312,531678213.000
-1.804,0.942,0.044,-1.302,-61.922,6.294,531678313.000
-1.804,0.944,0.044,-1.301,-61.898,6.276,531678412.000
-1.802,0.943,0.046,-1.308,-61.878,6.258,531678513.000
-1.806,0.940,0.046,-1.282,-61.828,6.277,531678612.000
-1.804,0.942,0.046,-1.261,-61.816,6.268,531678713.000
-1.804,0.939,0.037,-1.303,-61.801,6.258,531678813.000
-1.802,0.943,0.056,-1.281,-61.796,6.287,531678912.000
-1.804,0.942,0.044,-1.274,-61.776,6.268,531679012.000
-1.798,0.935,0.039,-1.297,-61.758,6.260,531679113.000
-1.804,0.939,0.044,-1.276,-61.752,6.259,531679212.000
-1.804,0.939,0.044,-1.276,-61.703,6.259,531679312.000
-1.798,0.940,0.049,-1.268,-61.677,6.279,531679412.000
-1.800,0.944,0.047,-1.273,-61.648,6.223,531679514.000
-1.800,0.947,0.047,-1.258,-61.648,6.260,531679613.000
-1.800,0.941,0.049,-1.233,-61.615,6.243,531679714.000
-1.796,0.939,0.042,-1.274,-61.593,6.262,531679814.000
-1.796,0.936,0.044,-1.276,-61.585,6.280,531679913.000
-1.796,0.941,0.049,-1.232,-61.543,6.244,531680013.000
-1.792,0.939,0.044,-1.233,-61.561,6.263,531680114.000
-1.798,0.937,0.047,-1.241,-61.539,6.244,531680214.000
-1.792,0.934,0.042,-1.291,-61.545,6.244,531680314.000
-1.794,0.937,0.047,-1.255,-61.492,6.245,531680413.000
-1.794,0.935,0.042,-1.228,-61.484,6.263,531680514.000
-1.790,0.935,0.039,-1.255,-61.493,6.236,531680613.000
-1.792,0.934,0.044,-1.249,-61.440,6.273,531680714.000
-1.794,0.937,0.044,-1.227,-61.427,6.245,531680813.000
-1.790,0.937,0.047,-1.185,-61.395,6.246,531680913.000
-1.790,0.935,0.039,-1.200,-61.396,6.237,531681014.000
-1.790,0.937,0.044,-1.171,-61.355,6.247,531681113.000
-1.788,0.939,0.044,-1.205,-61.344,6.238,531681214.000
-1.792,0.931,0.039,-1.223,-61.335,6.237,531681313.000
-1.790,0.932,0.049,-1.229,-61.290,6.256,531681413.000
-1.790,0.935,0.047,-1.214,-61.274,6.238,531681514.000
-1.786,0.935,0.047,-1.228,-61.275,6.211,531681613.000
-1.786,0.932,0.044,-1.228,-61.235,6.230,531681714.000
-1.786,0.929,0.047,-1.244,-61.251,6.221,531681813.000
-1.788,0.928,0.042,-1.224,-61.206,6.230,531681914.000
-1.784,0.928,0.034,-1.209,-61.208,6.231,531682014.000
-1.784,0.925,0.047,-1.225,-61.191,6.222,531682114.000
-1.784,0.931,0.044,-1.195,-61.175,6.213,531682214.000
-1.787,0.929,0.044,-1.216,-61.089,6.222,531682313.000
-1.789,0.930,0.037,-1.167,-61.101,6.213,531682414.000
-1.782,0.929,0.042,-1.201,-61.074,6.223,531682513.000
-1.782,0.929,0.042,-1.174,-61.074,6.223,531682614.000
-1.780,0.933,0.047,-1.152,-61.070,6.196,531682713.000
-1.780,0.928,0.042,-1.181,-61.038,6.205,531682814.000
-1.782,0.929,0.037,-1.201,-61.043,6.195,531682914.000
-1.781,0.925,0.050,-1.197,-60.989,6.197,531683013.000
-1.785,0.928,0.042,-1.182,-60.964,6.205,531683114.000
-1.778,0.932,0.037,-1.186,-60.971,6.178,531683213.000
-1.781,0.923,0.042,-1.198,-60.917,6.216,531683313.000
-1.781,0.930,0.045,-1.167,-60.957,6.187,531683414.000
-1.774,0.926,0.040,-1.188,-60.915,6.216,531683514.000
-1.776,0.923,0.042,-1.183,-60.918,6.216,531683613.000
-1.777,0.925,0.047,-1.155,-60.877,6.198,531683713.000
-1.776,0.928,0.047,-1.140,-60.877,6.208,531683814.000
-1.777,0.922,0.040,-1.183,-60.854,6.189,531683913.000
-1.777,0.922,0.040,-1.183,-60.805,6.190,531684014.000
-1.775,0.926,0.042,-1.146,-60.809,6.218,531684114.000
-1.772,0.927,0.037,-1.139,-60.790,6.181,531684213.000
-1.777,0.917,0.040,-1.172,-60.732,6.200,531684313.000
-1.777,0.922,0.035,-1.169,-60.749,6.190,531684414.000
-1.770,0.929,0.042,-1.117,-60.762,6.200,531684513.000
-1.773,0.927,0.042,-1.097,-60.701,6.210,531684613.000
-1.773,0.920,0.045,-1.157,-60.692,6.210,531684713.000
-1.773,0.925,0.045,-1.154,-60.693,6.200,531684814.000
-1.773,0.922,0.042,-1.128,-60.652,6.192,531684914.000
-1.771,0.923,0.045,-1.161,-60.657,6.183,531685013.000
-1.766,0.926,0.035,-1.145,-60.667,6.165,531685114.000
-1.769,0.917,0.042,-1.157,-60.629,6.202,531685213.000
-1.771,0.918,0.047,-1.150,-60.600,6.193,531685313.000
-1.769,0.917,0.037,-1.157,-60.597,6.174,531685414.000
-1.766,0.923,0.040,-1.161,-60.602,6.156,531685513.000
-1.764,0.919,0.038,-1.155,-60.550,6.157,531685613.000
-1.769,0.917,0.040,-1.129,-60.516,6.203,531685714.000
-1.765,0.917,0.042,-1.129,-60.509,6.176,531685814.000
-1.765,0.917,0.042,-1.115,-60.484,6.176,531685914.000
-1.767,0.916,0.040,-1.137,-60.480,6.185,531686014.000
-1.763,0.913,0.042,-1.124,-60.473,6.177,531686114.000
-1.765,0.919,0.047,-1.073,-60.467,6.214,531686214.000
-1.765,0.914,0.040,-1.144,-60.444,6.195,531686314.000
-1.763,0.916,0.040,-1.150,-60.433,6.186,531686413.000
-1.765,0.919,0.038,-1.114,-60.380,6.159,531686513.000
-1.763,0.915,0.042,-1.109,-60.376,6.187,531686614.000
-1.763,0.913,0.037,-1.137,-60.368,6.178,531686713.000
-1.761,0.917,0.045,-1.115,-60.380,6.150,531686813.000
-1.770,0.914,0.040,-1.117,-60.273,6.168,531686914.000
-1.761,0.912,0.040,-1.103,-60.324,6.188,531687013.000
-1.761,0.911,0.038,-1.145,-60.284,6.160,531687114.000
-1.757,0.911,0.038,-1.117,-60.260,6.161,531687214.000
-1.757,0.917,0.040,-1.114,-60.277,6.179,531687314.000
-1.755,0.913,0.043,-1.137,-60.257,6.180,531687413.000
-1.761,0.917,0.033,-1.114,-60.252,6.151,531687513.000
-1.757,0.909,0.045,-1.105,-60.211,6.180,531687613.000
-1.753,0.911,0.038,-1.130,-60.213,6.134,531687714.000
-1.759,0.915,0.048,-1.095,-60.166,6.162,531687813.000
-1.757,0.906,0.043,-1.134,-60.171,6.144,531687913.000
-1.755,0.913,0.043,-1.095,-60.135,6.153,531688013.000
-1.755,0.918,0.045,-1.038,-60.151,6.144,531688113.000
-1.751,0.915,0.038,-1.121,-60.153,6.135,531688214.000
-1.757,0.909,0.043,-1.077,-60.098,6.181,531688314.000
-1.755,0.910,0.043,-1.083,-60.086,6.145,531688413.000
-1.753,0.911,0.035,-1.075,-60.100,6.108,531688513.000
-1.755,0.910,0.040,-1.097,-60.046,6.145,531688613.000
-1.755,0.910,0.048,-1.070,-59.997,6.146,531688714.000
-1.755,0.912,0.048,-1.068,-60.021,6.155,531688813.000
-1.751,0.912,0.038,-1.067,-60.031,6.127,531688914.000
-1.747,0.913,0.045,-1.081,-60.032,6.156,531689014.000
-1.755,0.910,0.043,-1.028,-59.940,6.146,531689114.000
-1.751,0.902,0.043,-1.100,-59.966,6.147,531689213.000
-1.749,0.909,0.038,-1.062,-59.947,6.156,531689313.000
-1.749,0.908,0.040,-1.090,-59.915,6.129,531689413.000
-1.751,0.907,0.040,-1.070,-59.902,6.138,531689514.000
-1.747,0.907,0.038,-1.097,-59.911,6.138,531689613.000
-1.749,0.903,0.045,-1.121,-59.898,6.110,531689714.000
-1.749,0.906,0.038,-1.050,-59.850,6.120,531689813.000
-1.743,0.907,0.041,-1.055,-59.880,6.112,531689914.000
-1.749,0.903,0.043,-1.065,-59.833,6.139,531690013.000
-1.743,0.904,0.033,-1.042,-59.832,6.131,531690113.000
-1.743,0.909,0.033,-1.012,-59.831,6.094,531690213.000
-1.747,0.907,0.043,-1.069,-59.797,6.139,531690313.000
-1.743,0.904,0.043,-1.001,-59.774,6.132,531690413.000
-1.745,0.906,0.038,-1.049,-59.729,6.094,531690514.000
-1.743,0.907,0.043,-1.000,-59.749,6.113,531690613.000
-1.741,0.901,0.048,-1.065,-59.746,6.160,531690714.000
-1.741,0.903,0.038,-1.050,-59.731,6.113,531690813.000
-1.739,0.907,0.041,-0.999,-59.710,6.114,531690913.000
-1.745,0.898,0.038,-1.039,-59.681,6.123,531691013.000
-1.743,0.907,0.043,-1.000,-59.652,6.114,531691113.000
-1.737,0.903,0.036,-1.021,-59.691,6.115,531691214.000
-1.739,0.904,0.033,-1.014,-59.663,6.105,531691314.000
-1.741,0.908,0.041,-0.978,-59.625,6.133,531691414.000
-1.741,0.905,0.041,-1.035,-59.601,6.096,531691513.000
-1.741,0.903,0.041,-1.064,-59.625,6.114,531691613.000
-1.739,0.899,0.043,-1.017,-59.581,6.143,531691713.000
-1.739,0.902,0.038,-1.043,-59.573,6.097,531691814.000
-1.742,0.898,0.043,-1.039,-59.544,6.125,531691913.000
-1.737,0.905,0.038,-0.992,-59.537,6.125,531692014.000
-1.737,0.903,0.038,-0.980,-59.537,6.116,531692114.000
-1.735,0.899,0.041,-1.031,-59.517,6.089,531692214.000
-1.739,0.901,0.038,-1.002,-59.500,6.098,531692313.000
-1.737,0.900,0.043,-1.023,-59.472,6.107,531692413.000
-1.737,0.895,0.041,-1.054,-59.505,6.089,531692513.000
-1.731,0.896,0.033,-1.044,-59.495,6.108,531692614.000
-1.737,0.900,0.038,-1.023,-59.440,6.108,531692714.000
-1.735,0.901,0.041,-0.988,-59.469,6.099,531692814.000
-1.733,0.898,0.041,-1.010,-59.433,6.099,531692914.000
-1.738,0.895,0.036,-0.998,-59.375,6.118,531693014.000
-1.729,0.900,0.036,-0.994,-59.426,6.081,531693113.000
-1.733,0.898,0.043,-0.982,-59.400,6.127,531693214.000
-1.731,0.899,0.038,-1.002,-59.381,6.091,531693314.000
-1.736,0.899,0.041,-0.989,-59.347,6.118,531693414.000
-1.731,0.896,0.041,-0.976,-59.324,6.082,531693513.000
-1.734,0.895,0.036,-1.012,-59.328,6.063,531693613.000
-1.727,0.896,0.046,-0.990,-59.357,6.083,531693714.000
-1.729,0.892,0.041,-1.012,-59.313,6.110,531693813.000
-1.729,0.897,0.043,-0.954,-59.280,6.102,531693914.000
-1.727,0.896,0.041,-0.976,-59.301,6.083,531694013.000
-1.732,0.891,0.043,-1.020,-59.267,6.092,531694114.000
-1.729,0.890,0.036,-1.013,-59.257,6.129,531694214.000
-1.732,0.896,0.043,-0.948,-59.243,6.111,531694313.000
-1.730,0.897,0.041,-0.954,-59.215,6.102,531694413.000
-1.727,0.888,0.038,-0.979,-59.212,6.112,531694514.000
-1.727,0.896,0.036,-0.948,-59.220,6.084,531694614.000
-1.725,0.897,0.039,-0.940,-59.200,6.075,531694714.000
-1.723,0.893,0.036,-0.976,-59.173,6.076,531694813.000
-1.723,0.893,0.029,-0.962,-59.198,6.076,531694914.000
-1.723,0.893,0.034,-0.976,-59.206,6.048,531695013.000
-1.723,0.888,0.038,-0.978,-59.140,6.113,531695114.000
-1.726,0.895,0.031,-0.899,-59.104,6.095,531695213.000
-1.725,0.900,0.039,-0.911,-59.128,6.085,531695314.000
-1.728,0.898,0.043,-0.891,-59.098,6.095,531695413.000
-1.723,0.891,0.036,-0.977,-59.100,6.067,531695513.000
-1.719,0.893,0.044,-0.934,-59.076,6.077,531695613.000
-1.724,0.896,0.039,-0.934,-59.043,6.058,531695714.000
-1.730,0.897,0.034,-0.926,-59.022,6.076,531695813.000
-1.721,0.894,0.041,-0.941,-59.023,6.068,531695914.000
-1.721,0.894,0.039,-0.968,-59.056,6.068,531696014.000
-1.721,0.892,0.034,-0.928,-59.024,6.087,531696114.000
-1.724,0.890,0.036,-0.936,-58.979,6.068,531696213.000
-1.722,0.892,0.036,-0.914,-58.967,6.060,531696313.000
-1.722,0.894,0.039,-0.913,-58.959,6.069,531696414.000
-1.717,0.892,0.034,-0.899,-58.952,6.088,531696514.000
-1.720,0.890,0.031,-0.949,-58.948,6.069,531696613.000
-1.720,0.890,0.046,-0.936,-58.874,6.070,531696713.000
-1.720,0.888,0.039,-0.909,-58.898,6.061,531696813.000
-1.718,0.887,0.034,-0.930,-58.904,6.070,531696914.000
-1.718,0.889,0.036,-0.929,-58.895,6.052,531697015.000
-1.718,0.889,0.036,-0.929,-58.895,6.079,531697115.000
-1.715,0.885,0.036,-0.937,-58.884,6.080,531697214.000
-1.718,0.889,0.041,-0.888,-58.854,6.080,531697314.000
-1.716,0.888,0.036,-0.923,-58.835,6.034,531697414.000
-1.713,0.894,0.039,-0.885,-58.815,6.044,531697514.000
-1.716,0.893,0.029,-0.878,-58.812,6.053,531697614.000
-1.718,0.886,0.034,-0.916,-58.782,6.044,531697715.000
-1.716,0.888,0.036,-0.923,-58.787,6.035,531697815.000
-1.716,0.883,0.034,-0.911,-58.795,6.072,531697915.000
-1.714,0.892,0.034,-0.871,-58.735,6.063,531698013.000
-1.714,0.889,0.036,-0.928,-58.727,6.054,531698114.000
-1.716,0.888,0.039,-0.895,-58.705,6.063,531698215.000
-1.716,0.888,0.031,-0.894,-58.706,6.063,531698314.000
-1.714,0.884,0.041,-0.931,-58.710,6.063,531698414.000
-1.714,0.889,0.036,-0.887,-58.702,6.027,531698514.000
-1.712,0.888,0.036,-0.866,-58.715,6.064,531698615.000
-1.710,0.881,0.039,-0.877,-58.695,6.055,531698715.000
-1.710,0.884,0.034,-0.889,-58.663,6.065,531698813.000
-1.714,0.884,0.044,-0.876,-58.628,6.064,531698914.000
-1.710,0.886,0.039,-0.860,-58.670,6.074,531699014.000
-1.714,0.884,0.044,-0.890,-58.604,6.065,531699114.000
-1.710,0.884,0.041,-0.834,-58.613,6.066,531699215.000
-1.707,0.882,0.031,-0.868,-58.659,6.047,531699314.000
-1.708,0.880,0.031,-0.897,-58.587,6.038,531699414.000
-1.710,0.886,0.036,-0.874,-58.582,6.047,531699513.000
-1.710,0.879,0.034,-0.905,-58.590,6.075,531699614.000
-1.710,0.881,0.029,-0.876,-58.534,6.057,531699715.000
-1.706,0.881,0.032,-0.876,-58.527,6.030,531699813.000
-1.708,0.880,0.039,-0.884,-58.513,6.039,531699914.000
-1.708,0.877,0.036,-0.885,-58.521,6.057,531700014.000
-1.710,0.881,0.034,-0.863,-58.493,6.029,531700114.000
-1.706,0.881,0.036,-0.848,-58.510,6.085,531700214.000
-1.706,0.883,0.032,-0.847,-58.502,6.039,531700314.000
-1.706,0.884,0.036,-0.860,-58.510,6.067,531700413.000
-1.706,0.881,0.036,-0.834,-58.485,6.058,531700513.000
-1.708,0.880,0.034,-0.856,-58.433,6.040,531700613.000
-1.704,0.879,0.034,-0.856,-58.458,6.012,531700713.000
-1.704,0.882,0.034,-0.854,-58.434,6.022,531700813.000
-1.708,0.877,0.039,-0.858,-58.392,6.059,531700913.000
-1.704,0.877,0.037,-0.871,-58.425,6.031,531701013.000
-1.704,0.882,0.037,-0.854,-58.401,6.050,531701113.000
-1.704,0.877,0.037,-0.843,-58.377,6.032,531701214.000
-1.704,0.882,0.037,-0.813,-58.377,6.022,531701314.000
-1.708,0.879,0.039,-0.884,-58.368,6.012,531701413.000
-1.706,0.881,0.034,-0.835,-58.324,6.004,531701514.000
-1.704,0.879,0.034,-0.828,-58.361,6.041,531701614.000
-1.700,0.879,0.027,-0.855,-58.339,6.014,531701714.000
-1.700,0.874,0.034,-0.844,-58.313,6.024,531701814.000
-1.702,0.878,0.039,-0.850,-58.333,6.023,531701913.000
-1.700,0.882,0.029,-0.839,-58.306,6.023,531702014.000
-1.698,0.875,0.037,-0.822,-58.269,6.043,531702114.000
-1.700,0.877,0.037,-0.829,-58.281,6.006,531702213.000
-1.704,0.877,0.032,-0.857,-58.224,6.033,531702314.000
-1.696,0.874,0.034,-0.857,-58.266,6.025,531702414.000
-1.700,0.872,0.034,-0.831,-58.216,6.071,531702513.000
-1.698,0.875,0.042,-0.837,-58.228,6.016,531702614.000
-1.698,0.873,0.034,-0.837,-58.205,6.034,531702713.000
-1.696,0.871,0.039,-0.818,-58.200,6.016,531702813.000
-1.700,0.871,0.039,-0.790,-58.175,6.044,531702914.000
-1.696,0.871,0.029,-0.817,-58.185,6.016,531703013.000
-1.696,0.874,0.032,-0.774,-58.152,6.026,531703114.000
-1.698,0.873,0.029,-0.823,-58.148,6.007,531703213.000
-1.696,0.874,0.034,-0.788,-58.144,6.026,531703313.000
-1.694,0.873,0.042,-0.782,-58.132,6.064,531703414.000
-1.692,0.874,0.029,-0.787,-58.138,5.999,531703513.000
-1.696,0.876,0.044,-0.760,-58.087,6.008,531703614.000
-1.694,0.873,0.039,-0.810,-58.068,6.009,531703713.000
-1.696,0.869,0.034,-0.804,-58.071,6.036,531703813.000
-1.694,0.870,0.034,-0.825,-58.036,6.000,531703913.000
-1.694,0.875,0.037,-0.753,-58.027,6.018,531704014.000
-1.696,0.869,0.029,-0.791,-58.064,6.009,531704113.000
-1.692,0.869,0.039,-0.790,-58.007,6.037,531704214.000
-1.690,0.870,0.037,-0.783,-58.004,6.001,531704313.000
-1.688,0.869,0.034,-0.804,-58.025,6.010,531704413.000
-1.690,0.867,0.032,-0.811,-57.997,6.019,531704513.000
-1.692,0.871,0.032,-0.761,-57.984,6.019,531704614.000
-1.694,0.872,0.037,-0.768,-57.979,6.010,531704713.000
-1.688,0.871,0.042,-0.775,-57.952,5.992,531704813.000
-1.690,0.867,0.029,-0.825,-57.957,6.019,531704913.000
-1.688,0.871,0.032,-0.802,-57.937,5.992,531705014.000
-1.688,0.874,0.034,-0.787,-57.953,6.001,531705114.000
-1.692,0.871,0.039,-0.789,-57.886,6.020,531705214.000
-1.690,0.867,0.029,-0.825,-57.908,5.992,531705314.000
-1.686,0.872,0.035,-0.822,-57.917,5.983,531705413.000
-1.690,0.867,0.037,-0.798,-57.859,6.020,531705514.000
-1.688,0.874,0.032,-0.746,-57.863,5.975,531705613.000
-1.690,0.870,0.032,-0.796,-57.851,5.974,531705714.000
-1.688,0.866,0.037,-0.791,-57.847,6.002,531705813.000
-1.680,0.871,0.040,-0.774,-57.890,5.994,531705914.000
-1.691,0.867,0.037,-0.798,-57.810,5.993,531706014.000
-1.686,0.865,0.039,-0.757,-57.803,6.040,531706114.000
-1.688,0.871,0.042,-0.761,-57.782,5.994,531706214.000
-1.686,0.867,0.032,-0.769,-57.803,5.994,531706314.000
-1.691,0.872,0.037,-0.753,-57.737,6.040,531706413.000
-1.684,0.868,0.037,-0.734,-57.799,5.985,531706514.000
-1.686,0.859,0.032,-0.829,-57.731,5.995,531706613.000
-1.689,0.868,0.035,-0.776,-57.734,5.985,531706714.000
-1.684,0.874,0.035,-0.732,-57.783,5.976,531706814.000
-1.684,0.861,0.034,-0.779,-57.735,6.014,531706913.000
-1.686,0.864,0.032,-0.757,-57.706,5.986,531707013.000
-1.682,0.865,0.037,-0.784,-57.715,6.014,531707113.000
-1.686,0.867,0.037,-0.783,-57.714,5.995,531707213.000
-1.684,0.863,0.037,-0.778,-57.678,5.995,531707314.000
-1.682,0.862,0.035,-0.744,-57.650,6.006,531707414.000
-1.682,0.867,0.037,-0.769,-57.667,5.996,531707514.000
-1.684,0.868,0.039,-0.762,-57.670,6.014,531707614.000
-1.678,0.864,0.037,-0.770,-57.668,5.987,531707714.000
-1.680,0.861,0.030,-0.778,-57.680,6.015,531707814.000
-1.685,0.863,0.030,-0.764,-57.606,5.968,531707913.000
-1.678,0.867,0.032,-0.755,-57.636,5.969,531708013.000
-1.685,0.861,0.030,-0.751,-57.606,6.015,531708114.000
-1.680,0.863,0.027,-0.750,-57.591,5.969,531708213.000
-1.680,0.855,0.032,-0.809,-57.599,5.969,531708313.000
-1.676,0.871,0.037,-0.718,-57.607,5.970,531708413.000
-1.680,0.858,0.032,-0.794,-57.599,5.978,531708514.000
-1.680,0.866,0.032,-0.748,-57.550,6.006,531708613.000
-1.676,0.866,0.032,-0.734,-57.551,5.979,531708713.000
-1.674,0.864,0.025,-0.741,-57.565,5.934,531708814.000
-1.678,0.864,0.025,-0.755,-57.515,5.961,531708914.000
-1.676,0.858,0.027,-0.752,-57.519,5.980,531709014.000
-1.681,0.860,0.032,-0.737,-57.526,5.989,531709114.000
-1.679,0.859,0.032,-0.703,-57.465,5.999,531709213.000
-1.679,0.859,0.027,-0.717,-57.458,5.971,531709313.000
-1.674,0.859,0.027,-0.758,-57.459,5.971,531709414.000
-1.676,0.863,0.035,-0.694,-57.470,5.971,531709514.000
-1.672,0.860,0.032,-0.723,-57.455,5.963,531709614.000
-1.674,0.859,0.032,-0.730,-57.442,5.972,531709714.000
-1.672,0.858,0.035,-0.738,-57.423,5.982,531709813.000
-1.677,0.868,0.035,-0.719,-57.422,5.962,531709914.000
-1.679,0.859,0.025,-0.702,-57.417,5.999,531710013.000
-1.672,0.860,0.030,-0.750,-57.439,5.963,531710113.000
-1.675,0.856,0.032,-0.718,-57.394,5.963,531710214.000
-1.677,0.860,0.042,-0.738,-57.324,5.963,531710314.000
-1.670,0.859,0.027,-0.715,-57.363,5.973,531710413.000
-1.672,0.860,0.032,-0.695,-57.358,5.964,531710513.000
-1.672,0.860,0.035,-0.709,-57.350,5.964,531710614.000
-1.673,0.852,0.030,-0.726,-57.318,5.964,531710714.000
-1.670,0.867,0.035,-0.657,-57.338,5.946,531710813.000
-1.670,0.859,0.028,-0.702,-57.339,5.946,531710913.000
-1.673,0.860,0.030,-0.722,-57.294,5.964,531711013.000
-1.673,0.855,0.037,-0.698,-57.292,5.974,531711114.000
-1.673,0.858,0.035,-0.696,-57.252,5.983,531711214.000
-1.673,0.858,0.032,-0.696,-57.285,5.983,531711314.000
-1.671,0.854,0.032,-0.732,-57.274,5.983,531711413.000
-1.675,0.861,0.032,-0.688,-57.248,5.955,531711514.000
-1.666,0.854,0.027,-0.717,-57.243,5.984,531711614.000
-1.668,0.860,0.025,-0.681,-57.214,5.910,531711713.000
-1.671,0.859,0.035,-0.689,-57.217,5.947,531711814.000
-1.671,0.859,0.035,-0.688,-57.217,5.975,531711913.000
-1.667,0.854,0.035,-0.691,-57.193,5.957,531712013.000
-1.671,0.856,0.032,-0.662,-57.176,5.994,531712113.000
-1.669,0.855,0.028,-0.711,-57.181,5.947,531712213.000
-1.664,0.850,0.037,-0.713,-57.222,5.985,531712314.000
-1.669,0.862,0.030,-0.610,-57.197,5.948,531712414.000
-1.667,0.856,0.025,-0.688,-57.154,5.966,531712513.000
-1.667,0.853,0.035,-0.691,-57.145,5.958,531712613.000
-1.664,0.852,0.030,-0.670,-57.174,5.939,531712714.000
-1.667,0.851,0.028,-0.719,-57.121,5.948,531712814.000
-1.667,0.851,0.033,-0.706,-57.129,5.948,531712914.000
-1.667,0.851,0.030,-0.692,-57.137,5.949,531713014.000
-1.665,0.852,0.033,-0.656,-57.117,5.968,531713113.000
-1.665,0.855,0.033,-0.641,-57.117,5.977,531713213.000
-1.665,0.852,0.030,-0.684,-57.101,5.940,531713314.000
-1.662,0.853,0.030,-0.662,-57.089,5.931,531713413.000
-1.662,0.856,0.033,-0.633,-57.081,5.968,531713513.000
-1.665,0.847,0.033,-0.728,-57.045,5.949,531713614.000
-1.665,0.857,0.028,-0.640,-57.061,5.931,531713714.000
-1.660,0.852,0.035,-0.670,-57.086,5.968,531713814.000
-1.667,0.853,0.035,-0.649,-57.023,5.959,531713914.000
-1.663,0.853,0.033,-0.648,-57.033,5.959,531714014.000
-1.663,0.851,0.035,-0.650,-57.024,5.950,531714113.000
-1.667,0.851,0.025,-0.677,-56.984,5.977,531714213.000
-1.656,0.847,0.028,-0.671,-57.015,5.951,531714313.000
-1.656,0.852,0.028,-0.683,-56.991,5.914,531714414.000
-1.661,0.847,0.030,-0.672,-56.957,5.951,531714514.000
-1.661,0.852,0.033,-0.642,-56.972,5.942,531714614.000
-1.661,0.855,0.030,-0.613,-56.932,5.951,531714714.000
-1.663,0.848,0.025,-0.651,-56.936,5.942,531714814.000
-1.663,0.851,0.033,-0.636,-56.935,5.924,531714915.000
-1.661,0.852,0.035,-0.628,-56.915,5.942,531715015.000
-1.656,0.854,0.028,-0.612,-56.942,5.924,531715115.000
-1.657,0.847,0.033,-0.672,-56.901,5.952,531715215.000
-1.659,0.853,0.030,-0.648,-56.897,5.933,531715315.000
-1.659,0.850,0.030,-0.608,-56.896,5.925,531715414.000
-1.657,0.849,0.038,-0.671,-56.909,5.934,531715514.000
-1.659,0.851,0.033,-0.608,-56.864,5.953,531715615.000
-1.657,0.849,0.035,-0.602,-56.868,5.935,531715714.000
-1.659,0.843,0.030,-0.667,-56.824,5.953,531715815.000
-1.652,0.847,0.030,-0.644,-56.862,5.926,531715914.000
-1.657,0.849,0.038,-0.643,-56.811,5.935,531716014.000
-1.659,0.848,0.028,-0.637,-56.807,5.916,531716114.000
-1.657,0.849,0.030,-0.629,-56.788,5.935,531716214.000
-1.653,0.849,0.030,-0.642,-56.789,5.908,531716315.000
-1.655,0.845,0.028,-0.651,-56.784,5.935,531716414.000
-1.655,0.851,0.035,-0.594,-56.784,5.954,531716515.000
-1.653,0.841,0.038,-0.661,-56.788,5.936,531716615.000
-1.653,0.849,0.033,-0.601,-56.780,5.936,531716715.000
-1.655,0.848,0.033,-0.595,-56.743,5.945,531716814.000
-1.653,0.847,0.033,-0.602,-56.756,5.955,531716914.000
-1.653,0.847,0.028,-0.616,-56.748,5.927,531717014.000
-1.655,0.845,0.030,-0.652,-56.752,5.908,531717114.000
-1.657,0.841,0.028,-0.633,-56.650,5.936,531717215.000
-1.653,0.849,0.030,-0.587,-56.691,5.937,531717314.000
-1.655,0.848,0.030,-0.622,-56.679,5.918,531717414.000
-1.655,0.850,0.038,-0.608,-56.678,5.927,531717514.000
-1.657,0.839,0.030,-0.634,-56.642,5.927,531717614.000
-1.651,0.845,0.030,-0.609,-56.656,5.937,531717714.000
-1.651,0.842,0.028,-0.597,-56.688,5.900,531717814.000
-1.653,0.849,0.028,-0.587,-56.627,5.910,531717914.000
-1.653,0.844,0.030,-0.645,-56.643,5.918,531718015.000
-1.649,0.852,0.028,-0.557,-56.628,5.919,531718115.000
-1.649,0.846,0.025,-0.601,-56.637,5.928,531718214.000
-1.651,0.842,0.033,-0.611,-56.599,5.929,531718314.000
-1.653,0.846,0.030,-0.602,-56.546,5.929,531718415.000
-1.649,0.846,0.028,-0.602,-56.604,5.901,531718514.000
-1.651,0.842,0.028,-0.597,-56.591,5.929,531718615.000
-1.651,0.842,0.028,-0.597,-56.543,5.929,531718714.000
-1.653,0.841,0.028,-0.591,-56.554,5.911,531718814.000
-1.651,0.837,0.028,-0.627,-56.543,5.938,531718914.000
-1.651,0.842,0.025,-0.610,-56.551,5.929,531719015.000
-1.651,0.848,0.028,-0.553,-56.518,5.920,531719114.000
-1.649,0.844,0.031,-0.548,-56.498,5.893,531719214.000
-1.651,0.845,0.031,-0.582,-56.510,5.911,531719314.000
-1.643,0.840,0.031,-0.597,-56.536,5.921,531719414.000
-1.647,0.842,0.030,-0.582,-56.511,5.930,531719515.000
-1.647,0.840,0.031,-0.598,-56.511,5.921,531719614.000
-1.647,0.845,0.028,-0.540,-56.495,5.912,531719715.000
-1.643,0.837,0.033,-0.640,-56.504,5.912,531719815.000
-1.647,0.845,0.036,-0.582,-56.470,5.912,531719914.000
-1.645,0.849,0.031,-0.572,-56.475,5.912,531720014.000
-1.645,0.846,0.033,-0.573,-56.467,5.931,531720115.000
-1.647,0.842,0.023,-0.568,-56.439,5.903,531720214.000
