0.061,-0.089,-0.127,2.276,1.914,0.416,532570528.000
0.059,-0.088,-0.127,2.325,1.951,0.435,532570629.000
0.057,-0.087,-0.127,2.291,1.939,0.425,532570728.000
0.059,-0.085,-0.125,2.326,1.911,0.416,532570829.000
0.059,-0.085,-0.125,2.312,1.935,0.416,532570928.000
0.055,-0.083,-0.132,2.314,1.935,0.396,532571029.000
0.061,-0.089,-0.135,2.291,1.938,0.416,532571128.000
0.059,-0.083,-0.129,2.355,1.919,0.397,532571230.000
0.057,-0.084,-0.130,2.320,1.931,0.406,532571329.000
0.057,-0.082,-0.127,2.335,1.964,0.416,532571429.000
0.057,-0.084,-0.127,2.306,1.939,0.434,532571529.000
0.057,-0.089,-0.125,2.303,1.972,0.416,532571629.000
0.059,-0.083,-0.134,2.328,1.950,0.397,532571730.000
0.057,-0.084,-0.130,2.320,1.980,0.406,532571830.000
0.059,-0.085,-0.132,2.313,1.934,0.416,532571929.000
0.057,-0.087,-0.135,2.292,1.939,0.424,532572030.000
0.061,-0.084,-0.127,2.307,1.914,0.407,532572129.000
0.057,-0.087,-0.125,2.319,1.972,0.453,532572229.000
0.057,-0.087,-0.132,2.278,1.947,0.424,532572330.000
0.059,-0.083,-0.134,2.314,1.974,0.397,532572429.000
0.059,-0.085,-0.132,2.355,1.910,0.443,532572529.000
0.059,-0.083,-0.127,2.355,1.951,0.398,532572630.000
0.052,-0.087,-0.125,2.304,1.973,0.424,532572729.000
0.057,-0.084,-0.130,2.334,1.956,0.406,532572829.000
0.061,-0.089,-0.125,2.304,1.947,0.416,532572930.000
0.057,-0.084,-0.125,2.306,1.972,0.406,532573029.000
0.063,-0.085,-0.127,2.327,1.901,0.416,532573130.000
0.059,-0.086,-0.132,2.327,1.959,0.416,532573229.000
0.059,-0.085,-0.130,2.313,1.967,0.444,532573330.000
0.061,-0.087,-0.127,2.305,1.938,0.398,532573429.000
0.059,-0.085,-0.132,2.313,1.934,0.416,532573530.000
0.055,-0.085,-0.125,2.326,1.985,0.443,532573630.000
0.055,-0.086,-0.135,2.313,1.976,0.415,532573729.000
0.052,-0.089,-0.132,2.289,1.972,0.415,532573830.000
0.055,-0.083,-0.134,2.314,1.951,0.397,532573929.000
0.061,-0.084,-0.127,2.334,1.963,0.407,532574029.000
0.057,-0.082,-0.132,2.363,1.947,0.388,532574129.000
0.057,-0.089,-0.132,2.290,1.947,0.388,532574229.000
0.057,-0.084,-0.130,2.320,1.931,0.406,532574329.000
0.061,-0.084,-0.129,2.334,1.930,0.407,532574430.000
0.057,-0.089,-0.132,2.290,1.947,0.415,532574529.000
0.061,-0.087,-0.130,2.306,1.906,0.425,532574630.000
0.057,-0.087,-0.127,2.319,1.940,0.425,532574730.000
0.059,-0.088,-0.132,2.339,1.910,0.407,532574829.000
0.055,-0.088,-0.130,2.297,1.944,0.406,532574929.000
0.057,-0.087,-0.132,2.305,1.947,0.425,532575029.000
0.059,-0.088,-0.134,2.298,1.950,0.407,532575129.000
0.057,-0.087,-0.132,2.292,1.971,0.425,532575229.000
0.059,-0.088,-0.132,2.298,1.934,0.406,532575330.000
0.063,-0.088,-0.129,2.326,1.893,0.407,532575430.000
0.059,-0.086,-0.132,2.299,1.958,0.416,532575530.000
0.057,-0.082,-0.127,2.349,1.940,0.416,532575630.000
0.055,-0.086,-0.130,2.312,1.992,0.416,532575729.000
0.059,-0.085,-0.130,2.313,1.918,0.416,532575830.000
0.053,-0.084,-0.137,2.292,1.956,0.405,532575930.000
0.052,-0.089,-0.130,2.275,1.981,0.415,532576030.000
0.059,-0.086,-0.127,2.326,1.927,0.416,532576129.000
0.065,-0.089,-0.132,2.277,1.920,0.389,532576229.000
0.055,-0.088,-0.127,2.283,1.952,0.406,532576330.000
0.057,-0.089,-0.125,2.276,1.923,0.415,532576430.000
0.059,-0.088,-0.125,2.270,1.935,0.406,532576530.000
0.059,-0.088,-0.130,2.284,1.942,0.434,532576630.000
0.057,-0.089,-0.127,2.290,1.915,0.443,532576730.000
0.057,-0.082,-0.134,2.321,1.939,0.388,532576829.000
0.057,-0.089,-0.132,2.276,1.923,0.415,532576929.000
0.059,-0.091,-0.130,2.269,1.942,0.425,532577030.000
0.059,-0.083,-0.132,2.328,1.934,0.425,532577130.000
0.057,-0.089,-0.130,2.276,1.955,0.415,532577229.000
0.055,-0.086,-0.127,2.298,1.952,0.415,532577330.000
0.057,-0.087,-0.127,2.291,1.939,0.425,532577430.000
0.057,-0.087,-0.125,2.277,1.947,0.425,532577529.000
0.055,-0.086,-0.125,2.312,1.960,0.415,532577630.000
0.052,-0.084,-0.134,2.319,1.989,0.378,532577729.000
0.059,-0.088,-0.135,2.284,1.926,0.406,532577829.000
0.059,-0.086,-0.132,2.299,1.959,0.388,532577930.000
0.055,-0.086,-0.127,2.326,1.952,0.415,532578030.000
0.055,-0.083,-0.125,2.327,1.960,0.425,532578129.000
0.050,-0.086,-0.135,2.285,2.001,0.415,532578230.000
0.057,-0.082,-0.130,2.321,1.955,0.415,532578330.000
0.057,-0.084,-0.132,2.293,1.947,0.434,532578429.000
0.055,-0.083,-0.132,2.314,1.935,0.396,532578529.000
0.059,-0.083,-0.125,2.300,1.935,0.397,532578629.000
0.059,-0.088,-0.130,2.297,1.918,0.406,532578729.000
0.055,-0.091,-0.130,2.254,1.944,0.397,532578829.000
0.055,-0.083,-0.127,2.327,1.976,0.397,532578929.000
0.059,-0.085,-0.132,2.285,1.934,0.415,532579029.000
0.057,-0.084,-0.130,2.320,1.931,0.406,532579130.000
0.059,-0.083,-0.129,2.328,1.918,0.397,532579229.000
0.052,-0.082,-0.130,2.293,1.980,0.415,532579330.000
0.052,-0.087,-0.135,2.277,1.988,0.424,532579430.000
0.059,-0.083,-0.127,2.314,1.927,0.425,532579530.000
0.055,-0.088,-0.130,2.297,1.944,0.406,532579629.000
0.059,-0.086,-0.132,2.299,1.959,0.388,532579729.000
0.057,-0.087,-0.127,2.264,1.939,0.424,532579829.000
0.061,-0.087,-0.139,2.278,1.921,0.397,532579929.000
0.055,-0.086,-0.134,2.285,1.927,0.387,532580029.000
0.055,-0.086,-0.127,2.298,1.952,0.415,532580129.000
0.055,-0.086,-0.130,2.298,1.968,0.415,532580229.000
0.059,-0.088,-0.135,2.257,1.926,0.406,532580330.000
0.053,-0.084,-0.135,2.306,1.964,0.406,532580430.000
0.059,-0.088,-0.127,2.297,1.951,0.407,532580529.000
0.059,-0.085,-0.127,2.299,1.927,0.416,532580630.000
0.057,-0.087,-0.127,2.291,1.939,0.397,532580729.000
0.057,-0.087,-0.125,2.277,1.947,0.425,532580829.000
0.061,-0.084,-0.127,2.320,1.938,0.407,532580929.000
0.055,-0.083,-0.132,2.272,1.959,0.396,532581029.000
0.052,-0.087,-0.132,2.291,1.997,0.397,532581130.000
0.055,-0.088,-0.130,2.297,1.944,0.406,532581229.000
0.055,-0.088,-0.127,2.297,1.976,0.406,532581330.000
0.055,-0.088,-0.135,2.270,1.975,0.406,532581430.000
0.057,-0.087,-0.127,2.250,1.963,0.424,532581529.000
0.055,-0.088,-0.132,2.297,1.960,0.406,532581630.000
0.059,-0.088,-0.130,2.270,1.918,0.406,532581729.000
0.052,-0.087,-0.135,2.264,1.964,0.424,532581829.000
0.057,-0.087,-0.127,2.277,1.963,0.397,532581930.000
0.052,-0.082,-0.127,2.279,1.989,0.415,532582029.000
0.061,-0.084,-0.125,2.306,1.946,0.407,532582129.000
0.057,-0.087,-0.130,2.277,1.979,0.397,532582229.000
0.057,-0.084,-0.129,2.292,1.931,0.378,532582329.000
0.055,-0.086,-0.127,2.312,1.976,0.415,532582430.000
0.057,-0.089,-0.130,2.276,1.955,0.415,532582529.000
0.059,-0.083,-0.127,2.314,1.927,0.425,532582629.000
0.061,-0.087,-0.132,2.278,1.921,0.425,532582729.000
0.059,-0.088,-0.127,2.270,1.951,0.434,532582830.000
0.057,-0.087,-0.122,2.263,1.956,0.424,532582929.000
0.059,-0.091,-0.125,2.254,1.935,0.397,532583029.000
0.052,-0.087,-0.132,2.305,1.972,0.424,532583130.000
0.061,-0.087,-0.134,2.264,1.913,0.397,532583229.000
0.052,-0.084,-0.127,2.278,1.965,0.405,532583329.000
0.057,-0.082,-0.132,2.280,1.947,0.415,532583429.000
0.055,-0.080,-0.132,2.150,1.958,0.432,532583530.000
0.063,-0.075,-0.144,2.154,1.938,0.368,532583630.000
0.061,-0.073,-0.125,1.953,1.846,0.384,532583729.000
0.055,-0.064,-0.132,1.716,1.808,0.343,532583829.000
0.058,-0.057,-0.125,1.491,1.769,0.350,532583930.000
0.058,-0.047,-0.125,1.262,1.742,0.329,532584029.000
0.060,-0.032,-0.121,0.931,1.596,0.307,532584130.000
0.063,-0.025,-0.126,0.501,1.562,0.284,532584229.000
0.061,-0.005,-0.129,0.090,1.441,0.251,532584329.000
0.061,0.011,-0.124,-0.413,1.379,0.218,532584429.000
0.060,0.033,-0.127,-0.905,1.232,0.192,532584530.000
0.062,0.053,-0.118,-1.413,1.125,0.159,532584630.000
0.054,0.072,-0.118,-1.956,1.000,0.133,532584730.000
0.063,0.093,-0.111,-2.538,0.871,0.090,532584830.000
0.060,0.112,-0.117,-3.095,0.728,0.064,532584930.000
0.060,0.136,-0.113,-3.662,0.568,0.057,532585029.000
0.063,0.148,-0.113,-4.270,0.428,-0.005,532585130.000
0.060,0.178,-0.116,-4.904,0.219,-0.023,532585229.000
0.062,0.203,-0.109,-5.491,0.030,-0.068,532585329.000
0.061,0.231,-0.110,-6.147,-0.232,-0.105,532585429.000
0.060,0.249,-0.108,-6.821,-0.485,-0.095,532585529.000
0.055,0.277,-0.106,-7.367,-0.833,-0.132,532585629.000
0.052,0.304,-0.107,-7.947,-1.227,-0.161,532585730.000
0.040,0.325,-0.115,-8.600,-1.740,-0.183,532585830.000
0.036,0.356,-0.111,-9.145,-2.274,-0.240,532585930.000
0.021,0.383,-0.107,-9.769,-3.036,-0.218,532586030.000
0.006,0.408,-0.097,-10.353,-3.781,-0.233,532586129.000
-0.015,0.441,-0.093,-10.884,-4.601,-0.203,532586230.000
-0.032,0.472,-0.087,-11.445,-5.439,-0.237,532586330.000
-0.051,0.508,-0.090,-11.955,-6.394,-0.217,532586430.000
-0.068,0.533,-0.088,-12.490,-7.247,-0.241,532586530.000
-0.093,0.565,-0.084,-13.079,-8.260,-0.250,532586630.000
-0.112,0.597,-0.085,-13.631,-9.183,-0.212,532586730.000
-0.128,0.631,-0.079,-14.108,-10.093,-0.237,532586829.000
-0.149,0.670,-0.072,-14.609,-11.123,-0.218,532586929.000
-0.172,0.695,-0.071,-15.236,-12.084,-0.208,532587030.000
-0.197,0.731,-0.064,-15.753,-13.138,-0.199,532587130.000
-0.215,0.761,-0.073,-16.362,-14.086,-0.197,532587230.000
-0.236,0.797,-0.059,-16.948,-15.091,-0.215,532587329.000
-0.265,0.831,-0.060,-17.480,-16.168,-0.161,532587429.000
-0.286,0.865,-0.056,-18.095,-17.232,-0.161,532587530.000
-0.308,0.900,-0.057,-18.688,-18.275,-0.143,532587630.000
-0.331,0.933,-0.053,-19.255,-19.325,-0.134,532587730.000
-0.354,0.973,-0.039,-19.819,-20.367,-0.125,532587830.000
-0.381,1.009,-0.040,-20.454,-21.409,-0.080,532587930.000
-0.401,1.043,-0.033,-21.027,-22.513,-0.080,532588030.000
-0.426,1.076,-0.039,-21.642,-23.487,-0.108,532588130.000
-0.445,1.114,-0.036,-22.302,-24.588,-0.054,532588229.000
-0.469,1.146,-0.027,-22.753,-25.681,-0.035,532588329.000
-0.500,1.189,-0.033,-23.343,-26.763,-0.019,532588429.000
-0.525,1.215,-0.016,-23.866,-27.782,0.010,532588529.000
-0.550,1.256,-0.020,-24.421,-28.748,0.037,532588630.000
-0.571,1.277,-0.013,-24.946,-29.826,0.048,532588731.000
-0.596,1.321,-0.014,-25.445,-30.832,0.085,532588831.000
-0.623,1.357,-0.008,-26.025,-31.922,0.130,532588931.000
-0.646,1.382,-0.006,-26.568,-32.931,0.140,532589031.000
-0.668,1.422,-0.007,-27.158,-34.023,0.176,532589131.000
-0.695,1.457,0.006,-27.657,-35.111,0.194,532589231.000
-0.722,1.495,0.008,-28.221,-36.169,0.276,532589330.000
-0.751,1.527,0.014,-28.714,-37.390,0.293,532589430.000
-0.778,1.562,0.013,-29.321,-38.432,0.338,532589530.000
-0.803,1.596,0.019,-29.811,-39.509,0.393,532589631.000
-0.826,1.628,0.031,-30.241,-40.509,0.432,532589731.000
-0.849,1.653,0.028,-30.480,-41.387,0.473,532589830.000
-0.877,1.659,0.025,-30.343,-42.308,0.564,532589930.000
-0.900,1.670,0.022,-30.230,-43.206,0.673,532590030.000
-0.932,1.660,0.031,-29.868,-44.008,0.767,532590131.000
-0.958,1.662,0.031,-29.298,-44.880,0.890,532590230.000
-0.982,1.654,0.026,-28.725,-45.635,0.996,532590330.000
-1.014,1.645,0.031,-28.252,-46.550,1.117,532590431.000
-1.044,1.641,0.035,-27.796,-47.332,1.249,532590531.000
-1.070,1.638,0.035,-27.381,-48.182,1.352,532590631.000
-1.100,1.635,0.035,-26.924,-49.078,1.483,532590730.000
-1.119,1.627,0.025,-26.530,-49.950,1.560,532590831.000
-1.153,1.629,0.034,-26.114,-50.909,1.707,532590930.000
-1.185,1.638,0.037,-25.672,-51.760,1.809,532591030.000
-1.211,1.632,0.034,-25.327,-52.691,1.958,532591131.000
-1.241,1.634,0.038,-24.951,-53.571,2.051,532591230.000
-1.272,1.630,0.045,-24.586,-54.600,2.189,532591330.000
-1.302,1.632,0.043,-24.210,-55.530,2.281,532591430.000
-1.336,1.628,0.045,-23.809,-56.466,2.410,532591530.000
-1.366,1.633,0.044,-23.445,-57.460,2.539,532591631.000
-1.398,1.634,0.054,-23.146,-58.384,2.667,532591729.000
-1.421,1.632,0.046,-22.736,-59.368,2.761,532591831.000
-1.460,1.631,0.045,-22.404,-60.263,2.898,532591930.000
-1.491,1.640,0.052,-22.059,-61.269,3.054,532592030.000
-1.519,1.636,0.057,-21.693,-62.210,3.193,532592130.000
-1.551,1.636,0.064,-21.353,-63.191,3.294,532592231.000
-1.583,1.640,0.063,-21.024,-64.173,3.431,532592329.000
-1.617,1.647,0.056,-20.673,-65.095,3.541,532592430.000
-1.646,1.641,0.060,-20.356,-66.048,3.661,532592530.000
-1.674,1.639,0.060,-20.030,-67.006,3.781,532592631.000
-1.710,1.645,0.059,-19.700,-67.939,3.927,532592731.000
-1.733,1.651,0.069,-19.370,-68.914,4.075,532592830.000
-1.763,1.648,0.066,-19.079,-69.845,4.176,532592930.000
-1.795,1.651,0.073,-18.751,-70.729,4.287,532593030.000
-1.829,1.654,0.065,-18.429,-71.699,4.433,532593130.000
-1.857,1.654,0.067,-18.102,-72.698,4.562,532593231.000
-1.893,1.655,0.081,-17.804,-73.774,4.689,532593329.000
-1.922,1.663,0.073,-17.452,-74.721,4.799,532593430.000
-1.956,1.667,0.078,-17.185,-75.698,4.982,532593530.000
-1.988,1.666,0.075,-16.887,-76.664,5.101,532593631.000
-2.016,1.669,0.084,-16.545,-77.662,5.184,532593730.000
-2.054,1.671,0.081,-16.238,-78.615,5.330,532593831.000
-2.084,1.676,0.076,-15.929,-79.529,5.458,532593931.000
-2.113,1.675,0.075,-15.650,-80.524,5.596,532594030.000
-2.145,1.676,0.080,-15.351,-81.465,5.724,532594131.000
-2.181,1.682,0.089,-15.023,-82.461,5.842,532594230.000
-2.213,1.683,0.084,-14.778,-83.388,5.970,532594330.000
-2.241,1.684,0.096,-14.451,-84.402,6.099,532594431.000
-2.269,1.692,0.098,-14.230,-85.087,6.201,532594530.000
-2.287,1.686,0.095,-14.008,-85.561,6.271,532594630.000
-2.295,1.686,0.097,-13.843,-85.815,6.297,532594730.000
-2.291,1.678,0.088,-13.763,-85.703,6.299,532594830.000
-2.285,1.679,0.095,-13.741,-85.376,6.294,532594930.000
-2.271,1.667,0.083,-13.738,-84.973,6.244,532595029.000
-2.259,1.664,0.086,-13.697,-84.628,6.212,532595130.000
-2.250,1.660,0.089,-13.649,-84.295,6.190,532595230.000
-2.242,1.657,0.089,-13.608,-84.005,6.157,532595329.000
-2.234,1.649,0.082,-13.625,-83.717,6.133,532595429.000
-2.228,1.645,0.084,-13.591,-83.431,6.109,532595529.000
-2.218,1.640,0.085,-13.544,-83.179,6.085,532595629.000
-2.217,1.634,0.085,-13.567,-82.925,6.106,532595729.000
-2.209,1.633,0.087,-13.498,-82.724,6.082,532595830.000
-2.205,1.623,0.087,-13.488,-82.482,6.076,532595931.000
-2.199,1.621,0.075,-13.439,-82.246,6.033,532596030.000
-2.193,1.620,0.080,-13.391,-82.073,6.017,532596130.000
-2.185,1.614,0.080,-13.338,-81.881,6.030,532596230.000
-2.180,1.610,0.081,-13.360,-81.676,5.977,532596330.000
-2.176,1.610,0.083,-13.304,-81.475,6.008,532596431.000
-2.174,1.606,0.076,-13.271,-81.293,5.982,532596530.000
-2.168,1.599,0.086,-13.240,-81.128,5.976,532596629.000
-2.167,1.598,0.088,-13.178,-80.938,5.988,532596730.000
-2.158,1.597,0.081,-13.122,-80.795,5.935,532596830.000
-2.155,1.587,0.079,-13.181,-80.610,5.956,532596929.000
-2.155,1.589,0.076,-13.097,-80.424,5.939,532597029.000
-2.149,1.583,0.074,-13.092,-80.276,5.960,532597129.000
-2.143,1.576,0.082,-13.088,-80.143,5.926,532597230.000
-2.137,1.575,0.082,-13.026,-80.011,5.938,532597329.000
-2.135,1.576,0.082,-12.963,-79.829,5.930,532597430.000
-2.131,1.573,0.077,-12.922,-79.677,5.924,532597530.000
-2.132,1.573,0.080,-12.880,-79.523,5.925,532597630.000
-2.128,1.565,0.075,-12.856,-79.394,5.900,532597730.000
-2.120,1.562,0.080,-12.857,-79.307,5.893,532597830.000
-2.120,1.562,0.080,-12.843,-79.137,5.894,532597929.000
-2.114,1.560,0.080,-12.767,-79.029,5.878,532598029.000
-2.114,1.553,0.070,-12.798,-78.892,5.879,532598130.000
-2.108,1.554,0.070,-12.720,-78.760,5.873,532598229.000
-2.106,1.552,0.078,-12.714,-78.651,5.883,532598330.000
-2.098,1.549,0.071,-12.673,-78.556,5.849,532598430.000
-2.098,1.549,0.076,-12.632,-78.418,5.850,532598529.000
-2.097,1.540,0.068,-12.657,-78.286,5.833,532598630.000
-2.093,1.540,0.076,-12.587,-78.189,5.863,532598729.000
-2.091,1.541,0.076,-12.552,-78.055,5.828,532598830.000
-2.085,1.535,0.073,-12.561,-77.981,5.848,532598930.000
-2.081,1.529,0.071,-12.522,-77.868,5.832,532599030.000
-2.083,1.528,0.071,-12.515,-77.734,5.842,532599130.000
-2.084,1.530,0.074,-12.473,-77.604,5.824,532599229.000
-2.080,1.525,0.071,-12.447,-77.516,5.835,532599329.000
-2.076,1.522,0.071,-12.435,-77.396,5.800,532599429.000
-2.069,1.518,0.074,-12.429,-77.353,5.802,532599529.000
-2.070,1.523,0.071,-12.357,-77.215,5.794,532599630.000
-2.068,1.517,0.069,-12.339,-77.114,5.814,532599730.000
-2.068,1.519,0.076,-12.283,-76.992,5.825,532599829.000
-2.062,1.513,0.069,-12.278,-76.909,5.790,532599929.000
-2.060,1.509,0.069,-12.315,-76.849,5.790,532600029.000
-2.060,1.508,0.069,-12.259,-76.703,5.792,532600130.000
-2.054,1.505,0.069,-12.225,-76.644,5.822,532600230.000
-2.057,1.503,0.074,-12.192,-76.541,5.804,532600330.000
-2.052,1.500,0.072,-12.193,-76.478,5.796,532600429.000
-2.046,1.499,0.070,-12.145,-76.403,5.780,532600529.000
-2.049,1.498,0.067,-12.152,-76.277,5.762,532600629.000
-2.047,1.494,0.070,-12.092,-76.208,5.791,532600729.000
-2.043,1.493,0.065,-12.064,-76.104,5.765,532600829.000
-2.041,1.489,0.067,-12.059,-76.036,5.766,532600930.000
-2.039,1.493,0.070,-12.008,-75.967,5.767,532601029.000
-2.035,1.485,0.070,-12.012,-75.871,5.769,532601130.000
-2.035,1.488,0.073,-11.969,-75.741,5.752,532601229.000
-2.031,1.485,0.063,-11.955,-75.703,5.771,532601329.000
-2.031,1.483,0.070,-11.957,-75.629,5.763,532601429.000
-2.027,1.480,0.060,-11.929,-75.566,5.783,532601530.000
-2.025,1.481,0.070,-11.895,-75.448,5.747,532601629.000
-2.028,1.477,0.070,-11.863,-75.386,5.748,532601730.000
-2.021,1.476,0.065,-11.841,-75.295,5.759,532601830.000
-2.021,1.473,0.065,-11.857,-75.247,5.750,532601929.000
-2.020,1.472,0.063,-11.836,-75.146,5.733,532602029.000
-2.018,1.470,0.063,-11.829,-75.086,5.743,532602129.000
-2.016,1.471,0.066,-11.753,-74.993,5.736,532602230.000
-2.012,1.466,0.061,-11.754,-74.938,5.746,532602330.000
-2.012,1.461,0.066,-11.785,-74.873,5.756,532602430.000
-2.006,1.467,0.066,-11.705,-74.789,5.740,532602529.000
-2.006,1.462,0.063,-11.707,-74.725,5.750,532602630.000
-2.002,1.459,0.063,-11.681,-74.677,5.742,532602730.000
-2.004,1.458,0.061,-11.661,-74.551,5.724,532602830.000
-2.000,1.461,0.071,-11.618,-74.494,5.735,532602930.000
-1.996,1.458,0.061,-11.618,-74.480,5.726,532603030.000
-1.994,1.457,0.061,-11.570,-74.395,5.737,532603129.000
-1.998,1.454,0.059,-11.559,-74.305,5.700,532603230.000
-1.994,1.451,0.064,-11.559,-74.241,5.720,532603329.000
-1.994,1.448,0.056,-11.561,-74.169,5.684,532603430.000
-1.990,1.448,0.059,-11.546,-74.089,5.713,532603530.000
-1.991,1.443,0.064,-11.535,-74.048,5.723,532603629.000
-1.991,1.446,0.066,-11.493,-73.966,5.705,532603729.000
-1.987,1.446,0.062,-11.450,-73.935,5.707,532603829.000
-1.987,1.443,0.064,-11.479,-73.830,5.726,532603930.000
-1.985,1.441,0.057,-11.418,-73.770,5.681,532604030.000
-1.983,1.440,0.059,-11.439,-73.726,5.691,532604129.000
-1.977,1.439,0.059,-11.418,-73.667,5.702,532604230.000
-1.981,1.439,0.062,-11.404,-73.585,5.702,532604329.000
-1.975,1.435,0.059,-11.371,-73.558,5.703,532604430.000
-1.973,1.433,0.067,-11.365,-73.497,5.714,532604530.000
-1.973,1.431,0.062,-11.339,-73.440,5.677,532604629.000
-1.973,1.431,0.052,-11.324,-73.352,5.678,532604729.000
-1.971,1.429,0.059,-11.318,-73.292,5.688,532604829.000
-1.971,1.427,0.062,-11.278,-73.258,5.680,532604929.000
-1.967,1.426,0.060,-11.250,-73.171,5.681,532605029.000
-1.969,1.425,0.062,-11.258,-73.125,5.691,532605130.000
-1.965,1.425,0.065,-11.202,-73.069,5.692,532605230.000
-1.963,1.421,0.062,-11.224,-73.018,5.693,532605329.000
-1.961,1.425,0.062,-11.160,-72.957,5.694,532605430.000
-1.964,1.418,0.065,-11.184,-72.887,5.685,532605529.000
-1.959,1.424,0.055,-11.125,-72.897,5.677,532605629.000
-1.962,1.417,0.060,-11.150,-72.795,5.668,532605730.000
-1.958,1.417,0.060,-11.135,-72.748,5.697,532605829.000
-1.954,1.417,0.062,-11.108,-72.692,5.671,532605930.000
-1.952,1.416,0.062,-11.087,-72.656,5.681,532606030.000
-1.950,1.406,0.060,-11.126,-72.580,5.691,532606131.000
-1.954,1.414,0.060,-11.067,-72.530,5.663,532606231.000
-1.950,1.411,0.058,-11.041,-72.515,5.655,532606330.000
-1.948,1.410,0.068,-11.048,-72.446,5.665,532606430.000
-1.946,1.411,0.058,-10.985,-72.394,5.657,532606531.000
-1.946,1.406,0.058,-11.015,-72.346,5.667,532606630.000
-1.946,1.406,0.060,-10.987,-72.264,5.668,532606731.000
-1.942,1.403,0.055,-10.974,-72.258,5.659,532606830.000
-1.944,1.405,0.055,-10.953,-72.172,5.650,532606930.000
-1.936,1.399,0.060,-10.955,-72.158,5.661,532607031.000
-1.938,1.401,0.058,-10.961,-72.105,5.652,532607131.000
-1.938,1.398,0.053,-10.935,-72.048,5.644,532607231.000
-1.938,1.400,0.060,-10.906,-71.975,5.654,532607331.000
-1.936,1.394,0.060,-10.916,-71.939,5.673,532607431.000
-1.934,1.393,0.058,-10.896,-71.887,5.655,532607531.000
-1.935,1.400,0.061,-10.823,-71.805,5.629,532607631.000
-1.932,1.396,0.061,-10.859,-71.794,5.657,532607731.000
-1.933,1.391,0.058,-10.834,-71.729,5.639,532607830.000
-1.928,1.391,0.061,-10.834,-71.722,5.640,532607931.000
-1.931,1.395,0.056,-10.811,-71.629,5.640,532608030.000
-1.929,1.388,0.056,-10.834,-71.617,5.659,532608130.000
-1.927,1.384,0.056,-10.830,-71.581,5.632,532608231.000
-1.925,1.383,0.048,-10.781,-71.497,5.643,532608330.000
-1.925,1.388,0.056,-10.737,-71.472,5.634,532608431.000
-1.921,1.388,0.056,-10.709,-71.449,5.635,532608531.000
-1.923,1.384,0.061,-10.760,-71.371,5.635,532608630.000
-1.923,1.382,0.054,-10.720,-71.323,5.627,532608730.000
-1.921,1.388,0.054,-10.681,-71.287,5.637,532608830.000
-1.919,1.387,0.061,-10.661,-71.250,5.647,532608930.000
-1.917,1.383,0.054,-10.684,-71.215,5.620,532609031.000
-1.913,1.383,0.054,-10.655,-71.192,5.621,532609131.000
-1.919,1.379,0.056,-10.637,-71.096,5.649,532609230.000
-1.913,1.377,0.059,-10.631,-71.078,5.631,532609330.000
-1.913,1.377,0.061,-10.617,-71.021,5.632,532609430.000
-1.916,1.371,0.056,-10.641,-70.952,5.623,532609531.000
-1.911,1.373,0.054,-10.598,-70.961,5.633,532609631.000
-1.911,1.376,0.056,-10.569,-70.904,5.615,532609730.000
-1.909,1.372,0.056,-10.578,-70.844,5.616,532609830.000
-1.907,1.368,0.056,-10.628,-70.808,5.616,532609930.000
-1.910,1.369,0.054,-10.565,-70.779,5.608,532610030.000
-1.908,1.371,0.059,-10.557,-70.727,5.627,532610131.000
-1.908,1.368,0.056,-10.572,-70.662,5.618,532610230.000
-1.901,1.366,0.057,-10.538,-70.676,5.601,532610330.000
-1.904,1.360,0.059,-10.535,-70.606,5.620,532610430.000
-1.902,1.366,0.054,-10.510,-70.563,5.630,532610530.000
-1.900,1.368,0.062,-10.475,-70.526,5.621,532610631.000
-1.900,1.362,0.059,-10.491,-70.485,5.603,532610731.000
-1.898,1.364,0.059,-10.456,-70.449,5.595,532610831.000
-1.902,1.361,0.049,-10.457,-70.384,5.613,532610930.000
-1.898,1.361,0.054,-10.457,-70.345,5.587,532611030.000
-1.896,1.360,0.052,-10.436,-70.341,5.596,532611131.000
-1.896,1.360,0.049,-10.422,-70.301,5.597,532611230.000
-1.892,1.360,0.054,-10.395,-70.261,5.598,532611330.000
-1.894,1.356,0.054,-10.390,-70.199,5.598,532611430.000
-1.894,1.358,0.054,-10.361,-70.175,5.580,532611530.000
-1.894,1.353,0.052,-10.363,-70.110,5.618,532611631.000
-1.888,1.357,0.052,-10.353,-70.125,5.619,532611730.000
-1.888,1.352,0.054,-10.370,-70.068,5.601,532611831.000
-1.890,1.353,0.050,-10.322,-69.998,5.564,532611930.000
-1.890,1.350,0.055,-10.323,-69.957,5.583,532612031.000
-1.888,1.349,0.055,-10.344,-69.946,5.593,532612130.000
-1.886,1.353,0.057,-10.294,-69.877,5.594,532612230.000
-1.882,1.347,0.050,-10.309,-69.879,5.576,532612330.000
-1.886,1.353,0.050,-10.321,-69.830,5.594,532612431.000
-1.880,1.346,0.052,-10.275,-69.835,5.586,532612530.000
-1.882,1.347,0.060,-10.268,-69.773,5.605,532612631.000
-1.878,1.347,0.045,-10.267,-69.751,5.578,532612730.000
-1.878,1.345,0.045,-10.268,-69.678,5.570,532612830.000
-1.878,1.339,0.052,-10.286,-69.653,5.552,532612931.000
-1.876,1.343,0.057,-10.262,-69.601,5.608,532613030.000
-1.881,1.341,0.047,-10.264,-69.584,5.570,532613130.000
-1.874,1.342,0.052,-10.228,-69.557,5.590,532613231.000
-1.875,1.342,0.052,-10.214,-69.484,5.563,532613331.000
-1.870,1.339,0.050,-10.188,-69.469,5.555,532613430.000
-1.870,1.339,0.050,-10.201,-69.445,5.583,532613530.000
-1.873,1.340,0.048,-10.180,-69.392,5.574,532613630.000
-1.871,1.339,0.053,-10.146,-69.363,5.584,532613730.000
-1.871,1.339,0.057,-10.132,-69.322,5.584,532613831.000
-1.869,1.338,0.050,-10.181,-69.312,5.566,532613930.000
-1.869,1.335,0.053,-10.141,-69.230,5.586,532614030.000
-1.867,1.334,0.055,-10.148,-69.210,5.568,532614131.000
-1.865,1.330,0.058,-10.143,-69.190,5.568,532614230.000
-1.867,1.331,0.048,-10.108,-69.162,5.559,532614330.000
-1.865,1.330,0.043,-10.115,-69.143,5.569,532614430.000
-1.865,1.332,0.058,-10.073,-69.093,5.579,532614530.000
-1.861,1.329,0.045,-10.087,-69.087,5.515,532614630.000
-1.863,1.333,0.058,-10.051,-69.032,5.570,532614730.000
-1.863,1.328,0.048,-10.053,-69.017,5.580,532614830.000
-1.857,1.327,0.048,-10.060,-68.958,5.563,532614930.000
-1.857,1.324,0.053,-10.048,-68.941,5.554,532615030.000
-1.857,1.327,0.048,-10.033,-68.909,5.536,532615130.000
-1.859,1.323,0.055,-10.028,-68.847,5.564,532615230.000
-1.857,1.324,0.050,-10.034,-68.852,5.555,532615331.000
-1.857,1.324,0.048,-10.006,-68.788,5.528,532615430.000
-1.851,1.320,0.050,-10.028,-68.793,5.557,532615531.000
-1.851,1.320,0.046,-10.001,-68.761,5.529,532615631.000
-1.851,1.325,0.051,-9.970,-68.745,5.576,532615731.000
-1.855,1.320,0.048,-10.001,-68.655,5.557,532615830.000
-1.845,1.319,0.051,-9.980,-68.685,5.540,532615930.000
-1.853,1.319,0.048,-9.981,-68.619,5.540,532616030.000
-1.851,1.323,0.048,-9.944,-68.558,5.541,532616130.000
-1.849,1.321,0.056,-9.910,-68.546,5.551,532616230.000
-1.847,1.320,0.051,-9.917,-68.527,5.560,532616331.000
-1.850,1.316,0.043,-9.926,-68.442,5.533,532616430.000
-1.847,1.317,0.043,-9.932,-68.430,5.524,532616530.000
-1.848,1.317,0.041,-9.890,-68.390,5.525,532616631.000
-1.843,1.312,0.046,-9.934,-68.375,5.562,532616730.000
-1.843,1.309,0.048,-9.922,-68.342,5.526,532616830.000
-1.844,1.314,0.053,-9.864,-68.325,5.545,532616930.000
-1.844,1.314,0.043,-9.878,-68.285,5.517,532617030.000
-1.846,1.313,0.053,-9.845,-68.215,5.527,532617130.000
-1.844,1.309,0.044,-9.867,-68.212,5.500,532617231.000
-1.842,1.310,0.048,-9.817,-68.184,5.547,532617330.000
-1.842,1.308,0.049,-9.847,-68.159,5.510,532617430.000
-1.840,1.309,0.048,-9.810,-68.124,5.557,532617531.000
-1.838,1.305,0.044,-9.860,-68.105,5.529,532617630.000
-1.838,1.313,0.041,-9.774,-68.064,5.502,532617731.000
-1.838,1.305,0.044,-9.833,-68.056,5.530,532617830.000
-1.840,1.309,0.049,-9.769,-68.002,5.530,532617930.000
-1.834,1.303,0.046,-9.806,-67.976,5.550,532618030.000
-1.836,1.301,0.046,-9.800,-67.938,5.532,532618131.000
-1.830,1.302,0.054,-9.806,-67.952,5.523,532618231.000
-1.834,1.302,0.049,-9.779,-67.894,5.523,532618330.000
-1.832,1.301,0.046,-9.772,-67.867,5.533,532618430.000
-1.834,1.300,0.044,-9.780,-67.838,5.515,532618529.000
-1.832,1.301,0.039,-9.731,-67.794,5.479,532618629.000
-1.824,1.298,0.044,-9.759,-67.804,5.498,532618730.000
-1.832,1.301,0.051,-9.731,-67.728,5.535,532618830.000
-1.828,1.301,0.044,-9.716,-67.730,5.508,532618929.000
-1.826,1.300,0.044,-9.723,-67.694,5.517,532619029.000
-1.824,1.296,0.049,-9.733,-67.666,5.491,532619130.000
-1.826,1.297,0.046,-9.725,-67.589,5.509,532619230.000
-1.824,1.301,0.046,-9.688,-67.626,5.509,532619330.000
-1.822,1.297,0.047,-9.711,-67.590,5.482,532619431.000
-1.822,1.297,0.044,-9.669,-67.598,5.510,532619531.000
-1.820,1.293,0.047,-9.692,-67.529,5.483,532619630.000
-1.824,1.290,0.049,-9.680,-67.471,5.530,532619730.000
-1.822,1.291,0.044,-9.631,-67.476,5.493,532619830.000
-1.822,1.289,0.044,-9.673,-67.428,5.512,532619930.000
-1.818,1.289,0.046,-9.658,-67.445,5.540,532620030.000
-1.820,1.295,0.049,-9.594,-67.399,5.494,532620130.000
-1.818,1.289,0.044,-9.617,-67.356,5.514,532620229.000
-1.816,1.287,0.054,-9.625,-67.335,5.523,532620329.000
-1.816,1.290,0.044,-9.637,-67.320,5.477,532620429.000
-1.819,1.291,0.049,-9.575,-67.290,5.524,532620529.000
-1.819,1.289,0.047,-9.590,-67.226,5.515,532620630.000
-1.819,1.288,0.049,-9.549,-67.217,5.488,532620730.000
-1.812,1.290,0.044,-9.567,-67.224,5.507,532620830.000
-1.819,1.286,0.039,-9.563,-67.153,5.507,532620929.000
-1.815,1.288,0.047,-9.548,-67.130,5.489,532621030.000
-1.813,1.287,0.044,-9.500,-67.126,5.499,532621129.000
-1.813,1.282,0.042,-9.558,-67.110,5.480,532621230.000
-1.813,1.287,0.037,-9.527,-67.078,5.499,532621330.000
-1.811,1.286,0.054,-9.480,-67.057,5.509,532621430.000
-1.811,1.283,0.047,-9.522,-67.009,5.500,532621530.000
-1.815,1.283,0.044,-9.495,-66.967,5.500,532621629.000
-1.809,1.282,0.040,-9.488,-66.949,5.483,532621730.000
-1.807,1.278,0.044,-9.483,-66.945,5.511,532621830.000
-1.807,1.278,0.044,-9.497,-66.921,5.484,532621929.000
-1.809,1.284,0.040,-9.459,-66.876,5.465,532622030.000
-1.809,1.279,0.042,-9.476,-66.868,5.475,532622130.000
-1.807,1.280,0.047,-9.454,-66.840,5.494,532622229.000
-1.805,1.279,0.040,-9.447,-66.829,5.476,532622330.000
-1.807,1.275,0.042,-9.442,-66.783,5.504,532622429.000
-1.805,1.279,0.045,-9.420,-66.763,5.504,532622530.000
-1.805,1.274,0.042,-9.450,-66.747,5.486,532622629.000
-1.805,1.271,0.045,-9.438,-66.715,5.477,532622730.000
-1.803,1.275,0.042,-9.415,-66.711,5.477,532622830.000
-1.803,1.272,0.040,-9.416,-66.671,5.496,532622930.000
-1.801,1.271,0.040,-9.410,-66.659,5.451,532623030.000
-1.799,1.270,0.035,-9.388,-66.640,5.488,532623130.000
-1.801,1.276,0.040,-9.379,-66.611,5.470,532623229.000
-1.803,1.275,0.047,-9.360,-66.549,5.479,532623329.000
-1.801,1.271,0.045,-9.382,-66.545,5.480,532623430.000
-1.797,1.273,0.040,-9.339,-66.539,5.462,532623530.000
-1.801,1.271,0.047,-9.368,-66.489,5.480,532623631.000
-1.802,1.268,0.047,-9.370,-66.464,5.471,532623731.000
-1.799,1.269,0.037,-9.361,-66.462,5.462,532623831.000
-1.795,1.267,0.045,-9.349,-66.438,5.454,532623931.000
-1.797,1.268,0.042,-9.341,-66.409,5.473,532624031.000
-1.795,1.269,0.047,-9.334,-66.405,5.464,532624131.000
-1.791,1.264,0.042,-9.335,-66.398,5.474,532624230.000
-1.791,1.264,0.040,-9.294,-66.358,5.447,532624330.000
-1.796,1.267,0.050,-9.307,-66.299,5.483,532624431.000
-1.793,1.263,0.045,-9.302,-66.280,5.484,532624530.000
-1.791,1.261,0.040,-9.337,-66.261,5.466,532624631.000
-1.789,1.263,0.045,-9.247,-66.256,5.458,532624731.000
-1.787,1.264,0.038,-9.266,-66.270,5.448,532624831.000
-1.789,1.263,0.035,-9.259,-66.217,5.485,532624931.000
-1.787,1.261,0.043,-9.281,-66.205,5.467,532625030.000
-1.787,1.261,0.040,-9.239,-66.164,5.468,532625130.000
-1.789,1.265,0.035,-9.203,-66.144,5.468,532625230.000
-1.790,1.260,0.048,-9.193,-66.102,5.478,532625330.000
-1.783,1.264,0.038,-9.224,-66.125,5.450,532625430.000
-1.785,1.260,0.038,-9.219,-66.112,5.450,532625530.000
-1.788,1.259,0.040,-9.227,-66.067,5.460,532625631.000
-1.788,1.259,0.035,-9.199,-66.035,5.460,532625731.000
-1.790,1.260,0.045,-9.206,-66.013,5.478,532625831.000
-1.786,1.257,0.045,-9.193,-65.990,5.470,532625931.000
-1.788,1.253,0.043,-9.216,-65.961,5.470,532626031.000
-1.784,1.253,0.038,-9.187,-65.955,5.471,532626131.000
-1.782,1.255,0.040,-9.152,-65.935,5.463,532626231.000
-1.786,1.255,0.043,-9.194,-65.901,5.462,532626331.000
-1.782,1.260,0.043,-9.136,-65.878,5.454,532626431.000
-1.782,1.255,0.038,-9.180,-65.870,5.463,532626531.000
-1.777,1.255,0.038,-9.165,-65.871,5.464,532626630.000
-1.780,1.256,0.040,-9.131,-65.826,5.455,532626731.000
-1.780,1.251,0.035,-9.119,-65.818,5.464,532626830.000
-1.775,1.253,0.045,-9.132,-65.810,5.446,532626930.000
-1.782,1.254,0.048,-9.139,-65.764,5.464,532627030.000
-1.778,1.254,0.043,-9.138,-65.758,5.465,532627130.000
-1.778,1.249,0.035,-9.140,-65.709,5.447,532627230.000
-1.780,1.250,0.040,-9.106,-65.680,5.438,532627330.000
-1.776,1.250,0.036,-9.077,-65.673,5.439,532627431.000
-1.774,1.252,0.043,-9.070,-65.685,5.430,532627530.000
-1.774,1.246,0.041,-9.100,-65.669,5.439,532627630.000
-1.774,1.252,0.045,-9.070,-65.604,5.458,532627730.000
-1.774,1.249,0.046,-9.085,-65.604,5.449,532627830.000
-1.770,1.246,0.043,-9.058,-65.589,5.441,532627930.000
-1.772,1.250,0.038,-9.049,-65.569,5.440,532628030.000
-1.768,1.245,0.036,-9.079,-65.578,5.450,532628130.000
-1.772,1.248,0.045,-9.037,-65.519,5.487,532628230.000
-1.772,1.245,0.041,-9.066,-65.463,5.451,532628330.000
-1.776,1.247,0.043,-9.024,-65.453,5.432,532628430.000
-1.768,1.240,0.041,-9.068,-65.488,5.433,532628531.000
-1.770,1.241,0.043,-9.033,-65.443,5.452,532628630.000
-1.772,1.245,0.041,-8.997,-65.390,5.452,532628730.000
-1.770,1.246,0.041,-8.989,-65.403,5.443,532628830.000
-1.775,1.244,0.046,-9.019,-65.336,5.461,532628930.000
-1.768,1.237,0.031,-9.069,-65.352,5.425,532629030.000
-1.768,1.240,0.043,-8.985,-65.310,5.463,532629130.000
-1.768,1.239,0.038,-8.999,-65.302,5.407,532629230.000
-1.764,1.237,0.038,-9.013,-65.328,5.454,532629330.000
-1.766,1.238,0.041,-9.006,-65.282,5.445,532629430.000
-1.766,1.238,0.033,-8.978,-65.283,5.445,532629530.000
-1.766,1.241,0.038,-8.977,-65.242,5.454,532629631.000
-1.766,1.238,0.033,-8.978,-65.234,5.445,532629730.000
-1.764,1.237,0.036,-8.986,-65.214,5.427,532629830.000
-1.764,1.232,0.041,-9.016,-65.198,5.437,532629931.000
-1.769,1.237,0.041,-8.945,-65.148,5.455,532630030.000
-1.764,1.234,0.036,-8.973,-65.166,5.419,532630131.000
-1.767,1.241,0.031,-8.921,-65.145,5.428,532630231.000
-1.762,1.238,0.041,-8.895,-65.113,5.448,532630331.000
-1.765,1.234,0.038,-8.946,-65.084,5.420,532630431.000
-1.760,1.237,0.031,-8.943,-65.086,5.429,532630530.000
-1.760,1.234,0.038,-8.945,-65.061,5.420,532630630.000
-1.760,1.239,0.041,-8.887,-65.028,5.439,532630730.000
-1.763,1.235,0.036,-8.910,-65.032,5.439,532630831.000
-1.760,1.239,0.034,-8.859,-65.029,5.439,532630930.000
-1.756,1.239,0.041,-8.859,-65.005,5.413,532631030.000
-1.756,1.231,0.039,-8.904,-64.989,5.440,532631130.000
-1.761,1.229,0.036,-8.906,-64.923,5.431,532631230.000
-1.759,1.235,0.041,-8.868,-64.920,5.441,532631331.000
-1.759,1.233,0.041,-8.842,-64.895,5.432,532631430.000
-1.757,1.229,0.041,-8.892,-64.859,5.433,532631531.000
-1.754,1.232,0.034,-8.869,-64.873,5.405,532631630.000
-1.757,1.229,0.036,-8.864,-64.827,5.405,532631731.000
-1.755,1.230,0.039,-8.870,-64.832,5.424,532631830.000
-1.757,1.226,0.031,-8.893,-64.820,5.424,532631931.000
-1.757,1.229,0.041,-8.837,-64.762,5.434,532632030.000
-1.757,1.229,0.039,-8.837,-64.746,5.434,532632130.000
-1.750,1.225,0.029,-8.858,-64.769,5.407,532632231.000
-1.757,1.226,0.039,-8.852,-64.697,5.425,532632330.000
-1.751,1.230,0.041,-8.801,-64.703,5.426,532632430.000
-1.755,1.230,0.036,-8.801,-64.694,5.426,532632531.000
-1.749,1.226,0.036,-8.837,-64.708,5.426,532632630.000
-1.753,1.228,0.041,-8.795,-64.666,5.408,532632730.000
-1.753,1.223,0.034,-8.825,-64.618,5.417,532632830.000
-1.753,1.223,0.039,-8.798,-64.601,5.418,532632931.000
-1.747,1.224,0.036,-8.803,-64.648,5.409,532633030.000
-1.751,1.224,0.034,-8.748,-64.557,5.410,532633130.000
-1.749,1.223,0.034,-8.783,-64.570,5.419,532633230.000
-1.749,1.226,0.034,-8.782,-64.546,5.373,532633330.000
-1.751,1.224,0.029,-8.789,-64.501,5.410,532633430.000
-1.749,1.218,0.036,-8.813,-64.489,5.401,532633530.000
-1.747,1.222,0.031,-8.790,-64.470,5.401,532633630.000
-1.747,1.222,0.034,-8.749,-64.461,5.402,532633730.000
-1.747,1.227,0.034,-8.732,-64.437,5.420,532633830.000
-1.749,1.218,0.034,-8.772,-64.400,5.402,532633931.000
-1.745,1.220,0.034,-8.756,-64.425,5.412,532634031.000
-1.745,1.223,0.034,-8.727,-64.401,5.393,532634130.000
-1.745,1.218,0.032,-8.771,-64.361,5.375,532634230.000
-1.743,1.216,0.039,-8.751,-64.373,5.413,532634331.000
-1.745,1.215,0.034,-8.758,-64.328,5.422,532634430.000
-1.743,1.219,0.039,-8.736,-64.324,5.395,532634531.000
-1.743,1.216,0.032,-8.723,-64.276,5.414,532634631.000
-1.739,1.219,0.037,-8.708,-64.285,5.396,532634730.000
-1.746,1.215,0.037,-8.745,-64.223,5.395,532634830.000
-1.741,1.215,0.042,-8.704,-64.255,5.396,532634931.000
-1.741,1.215,0.034,-8.717,-64.232,5.396,532635030.000
-1.744,1.216,0.039,-8.696,-64.178,5.387,532635131.000
-1.743,1.213,0.039,-8.698,-64.202,5.350,532635230.000
-1.744,1.214,0.044,-8.697,-64.137,5.434,532635330.000
-1.735,1.208,0.042,-8.713,-64.148,5.389,532635430.000
-1.737,1.215,0.034,-8.702,-64.136,5.397,532635531.000
-1.739,1.213,0.032,-8.655,-64.107,5.379,532635631.000
-1.737,1.215,0.037,-8.661,-64.127,5.398,532635731.000
-1.737,1.212,0.037,-8.690,-64.103,5.416,532635830.000
-1.735,1.211,0.034,-8.683,-64.076,5.399,532635930.000
-1.737,1.215,0.039,-8.661,-64.046,5.399,532636030.000
-1.731,1.213,0.037,-8.613,-64.068,5.381,532636130.000
-1.738,1.215,0.039,-8.606,-63.997,5.399,532636231.000
-1.738,1.210,0.034,-8.650,-63.990,5.409,532636331.000
-1.738,1.207,0.042,-8.665,-63.989,5.399,532636431.000
-1.733,1.209,0.034,-8.622,-63.966,5.382,532636531.000
-1.733,1.212,0.037,-8.620,-63.958,5.391,532636631.000
-1.734,1.212,0.034,-8.606,-63.918,5.392,532636731.000
-1.731,1.213,0.027,-8.585,-63.955,5.355,532636830.000
-1.736,1.208,0.034,-8.616,-63.881,5.364,532636930.000
-1.731,1.208,0.037,-8.629,-63.898,5.392,532637031.000
-1.732,1.208,0.034,-8.615,-63.858,5.365,532637131.000
-1.732,1.208,0.029,-8.601,-63.850,5.393,532637230.000
-1.727,1.203,0.032,-8.603,-63.843,5.403,532637330.000
-1.730,1.207,0.042,-8.581,-63.845,5.402,532637430.000
-1.730,1.207,0.030,-8.553,-63.814,5.375,532637530.000
-1.730,1.207,0.034,-8.581,-63.797,5.403,532637630.000
-1.732,1.205,0.037,-8.561,-63.752,5.385,532637730.000
-1.728,1.210,0.037,-8.544,-63.753,5.376,532637830.000
-1.728,1.208,0.032,-8.518,-63.745,5.395,532637930.000
-1.732,1.205,0.034,-8.533,-63.687,5.413,532638030.000
-1.730,1.204,0.030,-8.554,-63.692,5.395,532638130.000
-1.730,1.199,0.040,-8.544,-63.683,5.377,532638230.000
-1.726,1.201,0.035,-8.542,-63.652,5.359,532638330.000
-1.726,1.204,0.037,-8.513,-63.644,5.396,532638430.000
-1.724,1.200,0.032,-8.563,-63.673,5.368,532638531.000
-1.721,1.206,0.032,-8.469,-63.637,5.379,532638630.000
-1.728,1.205,0.037,-8.519,-63.607,5.414,532638730.000
-1.726,1.201,0.032,-8.514,-63.588,5.387,532638830.000
-1.726,1.201,0.030,-8.527,-63.548,5.388,532638930.000
-1.728,1.205,0.032,-8.492,-63.526,5.360,532639030.000
-1.720,1.200,0.032,-8.479,-63.553,5.371,532639130.000
-1.726,1.201,0.037,-8.500,-63.498,5.388,532639231.000
-1.719,1.202,0.027,-8.491,-63.570,5.379,532639330.000
-1.722,1.199,0.035,-8.501,-63.532,5.380,532639431.000
-1.722,1.198,0.035,-8.501,-63.483,5.352,532639530.000
-1.720,1.195,0.040,-8.510,-63.503,5.380,532639631.000
-1.722,1.201,0.037,-8.459,-63.450,5.362,532639731.000
-1.716,1.200,0.035,-8.465,-63.473,5.372,532639831.000
-1.720,1.197,0.027,-8.481,-63.448,5.335,532639930.000
-1.716,1.197,0.035,-8.494,-63.449,5.363,532640030.000
-1.718,1.193,0.035,-8.476,-63.411,5.363,532640130.000
-1.718,1.196,0.030,-8.460,-63.379,5.373,532640230.000
-1.725,1.189,0.032,-8.499,-63.309,5.363,532640331.000
-1.720,1.200,0.035,-8.451,-63.326,5.400,532640431.000
-1.720,1.189,0.030,-8.457,-63.293,5.364,532640531.000
-1.718,1.193,0.032,-8.434,-63.322,5.364,532640631.000
-1.714,1.196,0.035,-8.432,-63.291,5.374,532640730.000
-1.712,1.194,0.032,-8.426,-63.312,5.356,532640830.000
-1.714,1.191,0.027,-8.420,-63.267,5.384,532640931.000
-1.714,1.193,0.035,-8.406,-63.266,5.366,532641031.000
-1.714,1.193,0.027,-8.406,-63.267,5.365,532641132.000
-1.714,1.190,0.035,-8.421,-63.218,5.357,532641232.000
-1.716,1.189,0.037,-8.443,-63.197,5.366,532641331.000
-1.712,1.192,0.035,-8.427,-63.206,5.375,532641432.000
-1.712,1.189,0.028,-8.400,-63.182,5.367,532641531.000
-1.714,1.190,0.030,-8.393,-63.137,5.385,532641632.000
-1.719,1.190,0.028,-8.380,-63.120,5.357,532641731.000
-1.712,1.192,0.035,-8.399,-63.109,5.376,532641831.000
-1.710,1.193,0.033,-8.350,-63.130,5.340,532641931.000
-1.712,1.192,0.030,-8.358,-63.101,5.377,532642032.000
-1.712,1.189,0.035,-8.373,-63.084,5.368,532642131.000
-1.712,1.184,0.033,-8.390,-63.044,5.350,532642231.000
-1.706,1.190,0.033,-8.323,-63.082,5.360,532642331.000
-1.710,1.190,0.033,-8.310,-63.032,5.360,532642432.000
-1.710,1.188,0.030,-8.367,-63.041,5.350,532642531.000
-1.713,1.189,0.033,-8.345,-62.971,5.369,532642631.000
-1.708,1.189,0.035,-8.345,-63.013,5.342,532642732.000
-1.710,1.185,0.035,-8.327,-62.975,5.342,532642832.000
-1.706,1.185,0.033,-8.354,-62.985,5.342,532642931.000
-1.708,1.181,0.035,-8.390,-62.964,5.370,532643031.000
-1.706,1.182,0.035,-8.369,-62.952,5.361,532643132.000
-1.711,1.182,0.033,-8.328,-62.886,5.361,532643231.000
-1.704,1.186,0.033,-8.304,-62.925,5.362,532643331.000
-1.706,1.187,0.028,-8.324,-62.880,5.380,532643431.000
-1.711,1.182,0.030,-8.328,-62.822,5.362,532643531.000
-1.706,1.185,0.035,-8.298,-62.855,5.371,532643632.000
-1.704,1.181,0.030,-8.334,-62.860,5.372,532643730.000
-1.709,1.183,0.033,-8.292,-62.802,5.353,532643831.000
-1.704,1.183,0.035,-8.278,-62.819,5.354,532643931.000
-1.700,1.186,0.025,-8.262,-62.829,5.336,532644032.000
-1.702,1.182,0.040,-8.286,-62.815,5.363,532644131.000
-1.702,1.179,0.025,-8.273,-62.767,5.327,532644231.000
-1.705,1.181,0.028,-8.279,-62.747,5.345,532644332.000
-1.700,1.183,0.030,-8.236,-62.739,5.355,532644430.000
-1.703,1.179,0.025,-8.273,-62.719,5.327,532644531.000
-1.702,1.182,0.028,-8.258,-62.735,5.336,532644632.000
-1.703,1.182,0.035,-8.258,-62.686,5.337,532644731.000
-1.701,1.181,0.038,-8.279,-62.690,5.346,532644831.000
-1.701,1.178,0.030,-8.253,-62.666,5.338,532644932.000
-1.698,1.179,0.038,-8.245,-62.678,5.356,532645032.000
-1.703,1.177,0.033,-8.247,-62.597,5.347,532645131.000
-1.703,1.177,0.030,-8.260,-62.605,5.347,532645231.000
-1.699,1.179,0.035,-8.231,-62.638,5.357,532645330.000
-1.696,1.181,0.033,-8.195,-62.635,5.348,532645430.000
-1.696,1.178,0.028,-8.224,-62.627,5.339,532645531.000
-1.696,1.178,0.028,-8.210,-62.603,5.339,532645632.000
-1.697,1.178,0.033,-8.211,-62.586,5.339,532645730.000
-1.699,1.174,0.023,-8.247,-62.534,5.339,532645830.000
-1.694,1.174,0.028,-8.247,-62.543,5.340,532645930.000
-1.695,1.179,0.033,-8.189,-62.526,5.359,532646030.000
-1.695,1.179,0.033,-8.162,-62.526,5.331,532646131.000
-1.695,1.174,0.033,-8.233,-62.502,5.340,532646231.000
-1.699,1.177,0.030,-8.191,-62.460,5.349,532646331.000
-1.699,1.174,0.031,-8.206,-62.460,5.312,532646430.000
-1.699,1.179,0.031,-8.162,-62.436,5.331,532646530.000
-1.693,1.175,0.031,-8.170,-62.450,5.360,532646630.000
-1.695,1.171,0.023,-8.206,-62.413,5.332,532646731.000
-1.691,1.171,0.038,-8.193,-62.413,5.361,532646831.000
-1.697,1.167,0.033,-8.202,-62.367,5.360,532646930.000
-1.695,1.174,0.023,-8.149,-62.389,5.342,532647030.000
-1.693,1.170,0.033,-8.173,-62.368,5.342,532647130.000
-1.691,1.174,0.031,-8.163,-62.341,5.343,532647230.000
-1.695,1.169,0.036,-8.181,-62.323,5.324,532647330.000
-1.693,1.170,0.036,-8.173,-62.336,5.343,532647430.000
-1.691,1.171,0.026,-8.150,-62.309,5.334,532647530.000
-1.691,1.171,0.026,-8.150,-62.309,5.334,532647630.000
-1.695,1.171,0.031,-8.124,-62.266,5.334,532647731.000
-1.687,1.169,0.033,-8.138,-62.285,5.326,532647830.000
-1.693,1.167,0.036,-8.132,-62.238,5.362,532647931.000
-1.689,1.170,0.031,-8.117,-62.280,5.316,532648031.000
-1.691,1.171,0.028,-8.068,-62.227,5.335,532648130.000
-1.685,1.175,0.031,-8.086,-62.257,5.336,532648231.000
-1.689,1.167,0.028,-8.090,-62.191,5.336,532648330.000
-1.687,1.168,0.031,-8.124,-62.196,5.327,532648431.000
-1.687,1.171,0.028,-8.095,-62.204,5.336,532648531.000
-1.687,1.174,0.033,-8.094,-62.163,5.345,532648630.000
-1.689,1.167,0.021,-8.104,-62.119,5.309,532648730.000
-1.687,1.166,0.028,-8.084,-62.131,5.346,532648830.000
-1.685,1.167,0.028,-8.076,-62.144,5.309,532648931.000
-1.687,1.166,0.031,-8.084,-62.098,5.319,532649030.000
-1.685,1.167,0.033,-8.049,-62.078,5.338,532649130.000
-1.685,1.162,0.028,-8.106,-62.095,5.319,532649230.000
-1.681,1.162,0.028,-8.064,-62.096,5.320,532649330.000
-1.689,1.167,0.026,-8.063,-62.029,5.310,532649430.000
-1.687,1.168,0.031,-8.069,-62.050,5.328,532649530.000
-1.683,1.160,0.028,-8.072,-62.035,5.329,532649630.000
-1.685,1.164,0.028,-8.063,-61.998,5.329,532649731.000
-1.683,1.171,0.026,-8.012,-62.019,5.311,532649831.000
-1.681,1.162,0.031,-8.051,-61.991,5.321,532649931.000
-1.683,1.163,0.028,-8.043,-61.962,5.312,532650031.000
-1.681,1.162,0.021,-8.064,-61.951,5.321,532650130.000
-1.683,1.163,0.028,-8.030,-61.938,5.312,532650231.000
-1.677,1.159,0.029,-8.065,-61.952,5.313,532650330.000
-1.683,1.166,0.036,-8.001,-61.913,5.349,532650430.000
-1.677,1.164,0.029,-7.994,-61.927,5.304,532650530.000
-1.679,1.163,0.029,-8.015,-61.939,5.313,532650630.000
-1.677,1.162,0.029,-7.995,-61.903,5.323,532650731.000
-1.681,1.162,0.028,-8.023,-61.877,5.322,532650831.000
-1.679,1.158,0.031,-8.045,-61.858,5.323,532650931.000
-1.677,1.156,0.029,-8.025,-61.854,5.305,532651031.000
-1.677,1.156,0.024,-8.025,-61.871,5.304,532651131.000
-1.679,1.160,0.029,-8.002,-61.841,5.332,532651230.000
-1.679,1.158,0.029,-8.031,-61.817,5.323,532651331.000
-1.679,1.158,0.033,-8.031,-61.801,5.351,532651430.000
-1.675,1.158,0.031,-7.990,-61.834,5.296,532651530.000
-1.675,1.155,0.033,-8.005,-61.753,5.343,532651631.000
-1.675,1.160,0.031,-7.961,-61.761,5.306,532651730.000
-1.677,1.154,0.026,-8.013,-61.741,5.297,532651831.000
-1.677,1.164,0.029,-7.911,-61.732,5.306,532651931.000
-1.678,1.154,0.031,-7.985,-61.724,5.325,532652030.000
-1.673,1.156,0.029,-7.983,-61.758,5.306,532652130.000
-1.677,1.156,0.024,-7.983,-61.701,5.306,532652230.000
-1.675,1.157,0.029,-7.962,-61.672,5.298,532652331.000
-1.675,1.158,0.031,-7.990,-61.688,5.325,532652430.000
-1.671,1.155,0.021,-7.990,-61.674,5.316,532652530.000
-1.673,1.156,0.029,-7.955,-61.661,5.307,532652630.000
-1.673,1.153,0.024,-7.929,-61.653,5.299,532652731.000
-1.673,1.154,0.031,-7.943,-61.628,5.326,532652830.000
-1.674,1.156,0.026,-7.914,-61.572,5.308,532652930.000
-1.671,1.152,0.029,-7.937,-61.600,5.309,532653030.000
-1.671,1.152,0.024,-7.936,-61.568,5.309,532653130.000
-1.671,1.152,0.031,-7.950,-61.592,5.309,532653231.000
-1.667,1.150,0.021,-7.978,-61.627,5.299,532653330.000
-1.672,1.152,0.031,-7.909,-61.567,5.309,532653430.000
-1.669,1.153,0.034,-7.929,-61.548,5.328,532653531.000
-1.672,1.155,0.029,-7.907,-61.527,5.318,532653631.000
-1.670,1.148,0.036,-7.932,-61.515,5.310,532653730.000
-1.670,1.153,0.034,-7.888,-61.475,5.301,532653831.000
-1.672,1.149,0.034,-7.897,-61.486,5.328,532653931.000
-1.667,1.157,0.029,-7.878,-61.480,5.301,532654030.000
-1.670,1.153,0.019,-7.859,-61.476,5.301,532654130.000
-1.670,1.153,0.029,-7.887,-61.443,5.301,532654231.000
-1.670,1.151,0.034,-7.875,-61.426,5.320,532654330.000
-1.672,1.149,0.026,-7.896,-61.390,5.301,532654430.000
-1.670,1.151,0.029,-7.875,-61.394,5.320,532654531.000
-1.666,1.153,0.029,-7.845,-61.395,5.303,532654631.000
-1.670,1.151,0.029,-7.875,-61.394,5.320,532654731.000
-1.666,1.148,0.031,-7.862,-61.387,5.312,532654830.000
-1.670,1.145,0.024,-7.890,-61.338,5.330,532654930.000
-1.668,1.152,0.034,-7.840,-61.341,5.312,532655030.000
-1.668,1.147,0.024,-7.869,-61.326,5.294,532655131.000
-1.668,1.144,0.026,-7.857,-61.342,5.312,532655230.000
-1.661,1.145,0.029,-7.862,-61.323,5.332,532655331.000
-1.664,1.147,0.029,-7.842,-61.335,5.295,532655430.000
-1.661,1.151,0.024,-7.818,-61.316,5.323,532655530.000
-1.662,1.150,0.032,-7.805,-61.290,5.295,532655630.000
-1.662,1.145,0.029,-7.835,-61.274,5.305,532655730.000
-1.662,1.145,0.032,-7.821,-61.266,5.305,532655830.000
-1.664,1.147,0.031,-7.855,-61.229,5.295,532655930.000
-1.664,1.139,0.024,-7.845,-61.230,5.296,532656030.000
-1.662,1.145,0.027,-7.807,-61.210,5.305,532656130.000
-1.664,1.144,0.027,-7.815,-61.197,5.314,532656230.000
-1.662,1.143,0.034,-7.795,-61.209,5.296,532656330.000
-1.662,1.143,0.027,-7.822,-61.161,5.297,532656430.000
-1.660,1.144,0.032,-7.787,-61.157,5.316,532656531.000
-1.662,1.145,0.029,-7.807,-61.129,5.306,532656631.000
-1.662,1.140,0.032,-7.824,-61.120,5.288,532656731.000
-1.662,1.145,0.029,-7.807,-61.129,5.306,532656831.000
-1.662,1.140,0.029,-7.824,-61.104,5.288,532656931.000
-1.662,1.145,0.032,-7.780,-61.096,5.307,532657031.000
-1.660,1.146,0.029,-7.730,-61.116,5.298,532657130.000
-1.658,1.143,0.029,-7.780,-61.130,5.298,532657230.000
-1.660,1.144,0.034,-7.760,-61.076,5.289,532657330.000
-1.664,1.146,0.032,-7.772,-61.035,5.297,532657430.000
-1.660,1.136,0.032,-7.805,-61.060,5.289,532657530.000
-1.658,1.142,0.032,-7.781,-61.048,5.271,532657631.000
-1.654,1.142,0.029,-7.738,-61.033,5.299,532657731.000
-1.656,1.141,0.029,-7.774,-61.021,5.281,532657831.000
-1.658,1.140,0.027,-7.754,-60.992,5.290,532657930.000
-1.656,1.138,0.037,-7.734,-61.020,5.300,532658030.000
-1.654,1.142,0.027,-7.711,-61.017,5.300,532658130.000
-1.656,1.144,0.032,-7.704,-60.988,5.291,532658230.000
-1.654,1.135,0.032,-7.770,-60.976,5.300,532658330.000
-1.656,1.141,0.027,-7.719,-60.956,5.282,532658431.000
-1.656,1.141,0.027,-7.705,-60.931,5.282,532658530.000
-1.654,1.140,0.029,-7.712,-60.960,5.319,532658631.000
-1.654,1.140,0.029,-7.712,-60.912,5.292,532658732.000
-1.654,1.134,0.022,-7.742,-60.912,5.273,532658832.000
-1.650,1.140,0.024,-7.684,-60.905,5.292,532658931.000
-1.654,1.132,0.024,-7.758,-60.880,5.264,532659032.000
-1.650,1.140,0.027,-7.711,-60.873,5.292,532659131.000
-1.654,1.134,0.029,-7.715,-60.863,5.301,532659232.000
-1.654,1.137,0.034,-7.714,-60.822,5.283,532659332.000
-1.652,1.138,0.024,-7.733,-60.820,5.274,532659431.000
-1.650,1.140,0.034,-7.698,-60.848,5.293,532659531.000
-1.648,1.136,0.022,-7.706,-60.805,5.266,532659631.000
-1.652,1.133,0.032,-7.695,-60.794,5.284,532659732.000
-1.652,1.133,0.027,-7.681,-60.787,5.284,532659831.000
-1.650,1.132,0.024,-7.702,-60.808,5.266,532659931.000
-1.652,1.138,0.027,-7.664,-60.762,5.275,532660031.000
-1.652,1.133,0.029,-7.681,-60.754,5.285,532660131.000
-1.654,1.134,0.024,-7.659,-60.733,5.275,532660231.000
-1.652,1.130,0.029,-7.696,-60.706,5.303,532660332.000
-1.648,1.130,0.024,-7.681,-60.723,5.276,532660431.000
-1.652,1.128,0.024,-7.697,-60.698,5.294,532660532.000
-1.648,1.136,0.027,-7.651,-60.739,5.295,532660631.000
-1.648,1.130,0.034,-7.668,-60.666,5.305,532660731.000
-1.646,1.132,0.029,-7.687,-60.695,5.295,532660831.000
-1.648,1.130,0.027,-7.695,-60.666,5.277,532660931.000
-1.653,1.133,0.029,-7.639,-60.632,5.286,532661031.000
-1.646,1.129,0.027,-7.661,-60.655,5.287,532661132.000
-1.644,1.135,0.027,-7.623,-60.619,5.269,532661231.000
-1.646,1.132,0.029,-7.646,-60.622,5.296,532661332.000
-1.644,1.133,0.022,-7.651,-60.611,5.287,532661432.000
-1.640,1.128,0.027,-7.654,-60.620,5.270,532661532.000
-1.653,1.128,0.029,-7.670,-60.535,5.268,532661632.000
-1.649,1.133,0.030,-7.611,-60.561,5.287,532661732.000
-1.644,1.133,0.032,-7.611,-60.553,5.260,532661831.000
-1.642,1.131,0.030,-7.618,-60.550,5.270,532661931.000
-1.642,1.131,0.025,-7.645,-60.567,5.269,532662031.000
-1.644,1.125,0.025,-7.642,-60.530,5.261,532662131.000
-1.647,1.129,0.025,-7.633,-60.493,5.260,532662231.000
-1.644,1.125,0.027,-7.642,-60.497,5.289,532662332.000
-1.644,1.130,0.030,-7.626,-60.489,5.279,532662431.000
-1.642,1.126,0.025,-7.606,-60.494,5.280,532662531.000
-1.640,1.127,0.032,-7.585,-60.481,5.271,532662632.000
-1.645,1.130,0.035,-7.598,-60.424,5.280,532662732.000
-1.645,1.127,0.025,-7.613,-60.408,5.271,532662831.000
-1.645,1.122,0.027,-7.630,-60.400,5.280,532662931.000
-1.645,1.125,0.030,-7.628,-60.440,5.289,532663032.000
-1.640,1.130,0.027,-7.543,-60.449,5.253,532663131.000
-1.643,1.121,0.030,-7.637,-60.380,5.262,532663232.000
-1.638,1.126,0.032,-7.593,-60.397,5.281,532663331.000
-1.638,1.124,0.022,-7.593,-60.454,5.272,532663432.000
-1.638,1.126,0.032,-7.607,-60.373,5.254,532663532.000
-1.638,1.129,0.025,-7.563,-60.373,5.263,532663632.000
-1.643,1.126,0.027,-7.565,-60.339,5.281,532663732.000
-1.636,1.125,0.025,-7.599,-60.362,5.264,532663831.000
-1.643,1.126,0.027,-7.552,-60.315,5.254,532663932.000
-1.639,1.126,0.027,-7.565,-60.316,5.255,532664031.000
-1.639,1.126,0.027,-7.565,-60.316,5.255,532664132.000
-1.637,1.120,0.037,-7.575,-60.296,5.274,532664232.000
-1.636,1.125,0.027,-7.558,-60.305,5.264,532664331.000
-1.643,1.123,0.027,-7.580,-60.242,5.273,532664431.000
-1.639,1.123,0.027,-7.593,-60.244,5.274,532664531.000
-1.634,1.128,0.027,-7.508,-60.269,5.265,532664632.000
-1.637,1.122,0.027,-7.573,-60.256,5.256,532664732.000
-1.637,1.122,0.020,-7.559,-60.233,5.283,532664831.000
-1.634,1.123,0.027,-7.538,-60.220,5.247,532664931.000
-1.639,1.123,0.030,-7.511,-60.210,5.274,532665031.000
-1.635,1.121,0.027,-7.553,-60.220,5.266,532665132.000
-1.632,1.122,0.035,-7.532,-60.208,5.257,532665231.000
-1.634,1.123,0.025,-7.552,-60.229,5.247,532665331.000
-1.637,1.124,0.030,-7.489,-60.150,5.266,532665432.000
-1.632,1.124,0.027,-7.503,-60.184,5.239,532665531.000
-1.635,1.118,0.020,-7.527,-60.148,5.230,532665631.000
-1.633,1.117,0.020,-7.561,-60.161,5.239,532665731.000
-1.633,1.114,0.022,-7.563,-60.152,5.257,532665831.000
