0.055,-0.093,-0.115,2.389,1.922,0.389,523982440.000
0.055,-0.093,-0.107,2.402,1.899,0.389,523982539.000
0.055,-0.093,-0.107,2.389,1.923,0.389,523982640.000
0.052,-0.092,-0.110,2.396,1.903,0.379,523982740.000
0.055,-0.094,-0.109,2.402,1.915,0.361,523982840.000
0.053,-0.092,-0.110,2.410,1.879,0.379,523982940.000
0.052,-0.097,-0.112,2.366,1.968,0.389,523983040.000
0.057,-0.095,-0.115,2.410,1.910,0.398,523983139.000
0.057,-0.092,-0.105,2.424,1.895,0.407,523983240.000
0.050,-0.093,-0.112,2.388,1.932,0.388,523983339.000
0.055,-0.093,-0.117,2.403,1.914,0.389,523983439.000
0.050,-0.093,-0.110,2.375,1.940,0.388,523983540.000
0.052,-0.097,-0.115,2.352,1.911,0.388,523983640.000
0.052,-0.095,-0.110,2.395,1.928,0.398,523983740.000
0.050,-0.088,-0.114,2.460,1.924,0.379,523983839.000
0.055,-0.096,-0.110,2.387,1.915,0.379,523983940.000
0.052,-0.095,-0.105,2.381,1.920,0.398,523984040.000
0.055,-0.096,-0.112,2.360,1.931,0.379,523984140.000
0.055,-0.091,-0.115,2.405,1.922,0.398,523984240.000
0.050,-0.096,-0.110,2.360,1.940,0.406,523984340.000
0.052,-0.095,-0.117,2.395,1.927,0.370,523984439.000
0.052,-0.092,-0.117,2.410,1.927,0.379,523984539.000
0.050,-0.096,-0.120,2.388,1.956,0.379,523984640.000
0.050,-0.091,-0.112,2.390,1.956,0.397,523984740.000
0.052,-0.100,-0.117,2.351,1.902,0.407,523984840.000
0.048,-0.092,-0.112,2.396,1.945,0.406,523984939.000
0.055,-0.094,-0.117,2.403,1.914,0.361,523985040.000
0.055,-0.093,-0.115,2.403,1.898,0.388,523985140.000
0.052,-0.092,-0.115,2.383,1.911,0.379,523985240.000
0.052,-0.095,-0.114,2.395,1.911,0.370,523985340.000
0.055,-0.091,-0.112,2.404,1.906,0.398,523985440.000
0.057,-0.092,-0.115,2.384,1.885,0.407,523985539.000
0.052,-0.097,-0.112,2.380,1.943,0.389,523985640.000
0.052,-0.092,-0.110,2.383,1.927,0.407,523985739.000
0.055,-0.094,-0.114,2.375,1.898,0.361,523985840.000
0.057,-0.092,-0.122,2.425,1.909,0.380,523985939.000
0.055,-0.093,-0.110,2.403,1.915,0.416,523986040.000
0.059,-0.096,-0.112,2.402,1.881,0.408,523986139.000
0.055,-0.093,-0.117,2.376,1.914,0.388,523986240.000
0.052,-0.095,-0.112,2.381,1.919,0.397,523986339.000
0.050,-0.093,-0.112,2.388,1.932,0.388,523986440.000
0.055,-0.094,-0.117,2.403,1.914,0.361,523986540.000
0.055,-0.096,-0.112,2.374,1.906,0.379,523986639.000
0.055,-0.091,-0.117,2.405,1.890,0.397,523986740.000
0.055,-0.088,-0.114,2.419,1.922,0.379,523986841.000
0.055,-0.093,-0.115,2.403,1.898,0.388,523986941.000
0.050,-0.091,-0.112,2.404,1.932,0.397,523987040.000
0.055,-0.096,-0.115,2.402,1.923,0.380,523987141.000
0.052,-0.095,-0.115,2.382,1.935,0.398,523987240.000
0.052,-0.095,-0.112,2.409,1.919,0.398,523987341.000
0.050,-0.094,-0.115,2.430,1.924,0.388,523987440.000
0.055,-0.093,-0.115,2.417,1.923,0.389,523987540.000
0.052,-0.097,-0.114,2.380,1.960,0.361,523987640.000
0.057,-0.097,-0.122,2.395,1.909,0.417,523987740.000
0.052,-0.095,-0.115,2.409,1.935,0.398,523987840.000
0.055,-0.099,-0.115,2.400,1.898,0.398,523987940.000
0.055,-0.093,-0.115,2.431,1.898,0.389,523988041.000
0.050,-0.096,-0.120,2.401,1.931,0.379,523988141.000
0.054,-0.096,-0.114,2.415,1.947,0.380,523988240.000
0.050,-0.096,-0.115,2.387,1.924,0.379,523988339.000
0.057,-0.095,-0.112,2.396,1.918,0.398,523988441.000
0.054,-0.093,-0.102,2.416,1.940,0.417,523988540.000
0.048,-0.095,-0.115,2.409,1.961,0.397,523988641.000
0.052,-0.095,-0.115,2.409,1.935,0.425,523988740.000
0.052,-0.097,-0.122,2.394,1.935,0.389,523988841.000
0.055,-0.093,-0.112,2.403,1.882,0.388,523988940.000
0.055,-0.091,-0.117,2.418,1.914,0.370,523989040.000
0.052,-0.095,-0.117,2.423,1.927,0.398,523989141.000
0.057,-0.097,-0.112,2.367,1.894,0.389,523989240.000
0.048,-0.095,-0.112,2.408,1.945,0.397,523989340.000
0.050,-0.096,-0.115,2.415,1.924,0.407,523989440.000
0.055,-0.093,-0.115,2.417,1.923,0.389,523989540.000
0.055,-0.091,-0.115,2.418,1.898,0.398,523989640.000
0.048,-0.097,-0.115,2.379,1.936,0.388,523989740.000
0.052,-0.092,-0.120,2.397,1.918,0.407,523989840.000
0.055,-0.093,-0.115,2.375,1.898,0.388,523989939.000
0.048,-0.095,-0.117,2.367,1.952,0.397,523990040.000
0.052,-0.095,-0.105,2.353,1.920,0.397,523990140.000
0.053,-0.092,-0.112,2.382,1.895,0.379,523990239.000
0.048,-0.092,-0.117,2.383,1.952,0.406,523990340.000
0.052,-0.090,-0.105,2.411,1.920,0.388,523990439.000
0.055,-0.088,-0.115,2.378,1.898,0.406,523990540.000
0.057,-0.092,-0.115,2.342,1.909,0.379,523990640.000
0.050,-0.091,-0.115,2.335,1.923,0.369,523990739.000
0.052,-0.095,-0.112,2.354,1.919,0.397,523990840.000
0.046,-0.094,-0.115,2.346,1.949,0.360,523990939.000
0.052,-0.090,-0.115,2.343,1.910,0.388,523991039.000
0.052,-0.095,-0.110,2.326,1.903,0.369,523991139.000
0.048,-0.092,-0.110,2.313,1.928,0.378,523991239.000
0.052,-0.092,-0.107,2.327,1.911,0.378,523991339.000
0.055,-0.093,-0.115,2.320,1.897,0.388,523991440.000
0.050,-0.088,-0.112,2.350,1.907,0.378,523991540.000
0.055,-0.091,-0.110,2.308,1.865,0.397,523991640.000
0.050,-0.093,-0.107,2.278,1.899,0.387,523991740.000
0.053,-0.087,-0.115,2.330,1.861,0.396,523991840.000
0.053,-0.089,-0.112,2.343,1.894,0.415,523991940.000
0.050,-0.086,-0.110,2.365,1.940,0.387,523992040.000
0.053,-0.089,-0.117,2.302,1.901,0.387,523992139.000
0.050,-0.091,-0.115,2.321,1.898,0.396,523992240.000
0.050,-0.088,-0.112,2.336,1.883,0.378,523992340.000
0.053,-0.089,-0.115,2.315,1.910,0.387,523992440.000
0.048,-0.089,-0.110,2.273,1.927,0.387,523992540.000
0.048,-0.087,-0.115,2.316,1.911,0.396,523992640.000
0.050,-0.091,-0.120,2.280,1.906,0.368,523992740.000
0.052,-0.092,-0.110,2.286,1.902,0.378,523992840.000
0.053,-0.090,-0.115,2.315,1.910,0.360,523992940.000
0.050,-0.093,-0.115,2.278,1.947,0.387,523993040.000
0.050,-0.088,-0.112,2.295,1.906,0.378,523993139.000
0.053,-0.089,-0.115,2.301,1.885,0.387,523993240.000
0.055,-0.086,-0.105,2.310,1.882,0.387,523993339.000
0.050,-0.091,-0.110,2.279,1.890,0.396,523993440.000
0.053,-0.089,-0.110,2.315,1.878,0.387,523993540.000
0.055,-0.091,-0.112,2.307,1.881,0.369,523993640.000
0.052,-0.089,-0.107,2.287,1.910,0.415,523993739.000
0.053,-0.087,-0.115,2.317,1.885,0.396,523993840.000
0.053,-0.092,-0.112,2.286,1.870,0.378,523993940.000
0.053,-0.087,-0.105,2.302,1.894,0.396,523994040.000
0.048,-0.090,-0.112,2.287,1.919,0.387,523994140.000
0.048,-0.092,-0.112,2.272,1.919,0.377,523994240.000
0.055,-0.088,-0.112,2.295,1.881,0.378,523994340.000
0.050,-0.093,-0.120,2.251,1.881,0.386,523994440.000
0.053,-0.087,-0.115,2.275,1.909,0.368,523994540.000
0.048,-0.089,-0.115,2.273,1.911,0.386,523994639.000
0.055,-0.088,-0.115,2.295,1.897,0.378,523994740.000
0.050,-0.088,-0.107,2.308,1.899,0.378,523994840.000
0.050,-0.088,-0.120,2.295,1.906,0.377,523994940.000
0.055,-0.088,-0.112,2.295,1.881,0.378,523995039.000
0.053,-0.092,-0.115,2.258,1.885,0.350,523995140.000
0.050,-0.091,-0.112,2.280,1.906,0.396,523995239.000
0.055,-0.096,-0.115,2.250,1.897,0.406,523995340.000
0.050,-0.091,-0.117,2.280,1.890,0.368,523995440.000
0.050,-0.086,-0.115,2.324,1.898,0.387,523995539.000
0.053,-0.089,-0.110,2.273,1.902,0.387,523995640.000
0.048,-0.087,-0.102,2.301,1.904,0.396,523995739.000
0.050,-0.086,-0.115,2.310,1.922,0.387,523995840.000
0.050,-0.091,-0.120,2.294,1.930,0.396,523995940.000
0.055,-0.088,-0.112,2.295,1.881,0.378,523996039.000
0.050,-0.088,-0.112,2.308,1.931,0.378,523996140.000
0.057,-0.092,-0.115,2.245,1.884,0.378,523996240.000
0.052,-0.092,-0.115,2.272,1.910,0.378,523996339.000
0.053,-0.089,-0.110,2.287,1.878,0.387,523996439.000
0.046,-0.088,-0.112,2.336,1.908,0.405,523996539.000
0.057,-0.089,-0.117,2.289,1.900,0.415,523996639.000
0.050,-0.088,-0.105,2.239,1.858,0.377,523996739.000
0.042,-0.078,-0.085,2.130,1.780,0.328,523996840.000
0.057,-0.081,-0.112,2.043,1.744,0.356,523996940.000
0.051,-0.072,-0.100,1.943,1.677,0.372,523997040.000
0.047,-0.064,-0.113,1.754,1.610,0.341,523997139.000
0.050,-0.060,-0.110,1.597,1.459,0.311,523997239.000
0.048,-0.053,-0.113,1.386,1.243,0.289,523997340.000
0.034,-0.044,-0.108,1.147,0.982,0.300,523997440.000
0.031,-0.028,-0.106,1.002,0.577,0.267,523997539.000
0.019,-0.012,-0.104,0.732,0.101,0.230,523997640.000
0.006,0.001,-0.102,0.549,-0.459,0.222,523997740.000
-0.007,0.021,-0.100,0.329,-1.068,0.212,523997840.000
-0.015,0.024,-0.102,0.218,-1.414,0.161,523997940.000
-0.026,0.037,-0.095,-0.013,-1.971,0.143,523998040.000
-0.042,0.053,-0.091,-0.187,-2.509,0.134,523998140.000
-0.057,0.075,-0.088,-0.387,-3.227,0.086,523998239.000
-0.076,0.089,-0.092,-0.673,-4.008,0.092,523998340.000
-0.087,0.110,-0.082,-0.872,-4.653,0.073,523998440.000
-0.107,0.126,-0.087,-1.198,-5.371,0.061,523998540.000
-0.113,0.148,-0.080,-1.438,-6.099,0.014,523998640.000
-0.135,0.160,-0.088,-1.801,-6.861,0.001,523998739.000
-0.146,0.179,-0.081,-2.084,-7.563,-0.028,523998839.000
-0.167,0.202,-0.079,-2.345,-8.267,-0.031,523998940.000
-0.184,0.223,-0.075,-2.622,-9.013,-0.043,523999039.000
-0.206,0.245,-0.081,-2.896,-9.791,-0.047,523999140.000
-0.219,0.263,-0.069,-3.201,-10.488,-0.068,523999239.000
-0.236,0.289,-0.072,-3.543,-11.357,-0.063,523999340.000
-0.253,0.304,-0.065,-3.809,-12.142,-0.093,523999440.000
-0.276,0.331,-0.070,-4.088,-13.004,-0.071,523999540.000
-0.295,0.352,-0.061,-4.358,-13.817,-0.120,523999640.000
-0.314,0.372,-0.057,-4.641,-14.695,-0.069,523999739.000
-0.333,0.393,-0.052,-4.910,-15.477,-0.063,523999840.000
-0.353,0.418,-0.045,-5.219,-16.323,-0.077,523999940.000
-0.372,0.439,-0.051,-5.556,-17.114,-0.072,524000040.000
-0.393,0.457,-0.039,-5.876,-17.882,-0.094,524000140.000
-0.412,0.484,-0.055,-6.127,-18.706,-0.070,524000240.000
-0.427,0.501,-0.035,-6.454,-19.511,-0.083,524000339.000
-0.455,0.525,-0.044,-6.749,-20.332,-0.042,524000440.000
-0.466,0.547,-0.039,-7.058,-21.092,-0.063,524000540.000
-0.489,0.571,-0.030,-7.312,-21.976,-0.049,524000640.000
-0.510,0.594,-0.026,-7.629,-22.697,-0.025,524000739.000
-0.534,0.616,-0.031,-7.979,-23.584,0.034,524000839.000
-0.544,0.637,-0.022,-8.345,-24.376,-0.070,524000940.000
-0.572,0.662,-0.025,-8.667,-25.181,0.025,524001040.000
-0.593,0.685,-0.018,-8.957,-26.014,-0.006,524001140.000
-0.610,0.708,-0.014,-9.369,-26.834,0.017,524001240.000
-0.642,0.738,-0.010,-9.662,-27.758,0.074,524001340.000
-0.654,0.763,-0.013,-9.962,-28.627,0.052,524001439.000
-0.678,0.785,-0.009,-10.327,-29.505,0.111,524001540.000
-0.699,0.808,-0.005,-10.658,-30.395,0.106,524001639.000
-0.722,0.838,-0.005,-10.950,-31.290,0.165,524001739.000
-0.752,0.859,0.006,-11.283,-32.153,0.205,524001840.000
-0.764,0.884,0.008,-11.556,-33.054,0.183,524001939.000
-0.796,0.914,0.010,-11.876,-33.914,0.241,524002040.000
-0.817,0.937,0.019,-12.206,-34.788,0.291,524002139.000
-0.840,0.959,0.015,-12.571,-35.763,0.349,524002239.000
-0.866,0.985,0.022,-12.914,-36.596,0.380,524002339.000
-0.887,1.011,0.016,-13.256,-37.423,0.385,524002440.000
-0.906,1.038,0.035,-13.550,-38.301,0.463,524002540.000
-0.929,1.062,0.030,-13.831,-39.090,0.449,524002640.000
-0.959,1.083,0.031,-14.163,-39.938,0.517,524002739.000
-0.978,1.105,0.033,-14.472,-40.777,0.550,524002839.000
-0.995,1.130,0.038,-14.717,-41.474,0.612,524002940.000
-1.013,1.143,0.039,-14.885,-41.984,0.686,524003040.000
-1.021,1.167,0.034,-15.413,-42.198,0.622,524003139.000
-1.021,1.190,0.041,-15.884,-42.300,0.589,524003240.000
-1.008,1.211,0.041,-16.562,-42.093,0.493,524003339.000
-0.993,1.231,0.041,-17.247,-41.899,0.379,524003439.000
-0.985,1.252,0.052,-18.050,-41.626,0.283,524003539.000
-0.975,1.280,0.052,-18.704,-41.430,0.224,524003639.000
-0.967,1.303,0.054,-19.436,-41.190,0.109,524003739.000
-0.952,1.331,0.052,-20.118,-41.052,-0.034,524003839.000
-0.950,1.356,0.049,-20.857,-40.863,-0.104,524003939.000
-0.941,1.382,0.056,-21.547,-40.703,-0.210,524004039.000
-0.933,1.406,0.053,-22.265,-40.504,-0.325,524004139.000
-0.918,1.433,0.065,-23.016,-40.341,-0.412,524004241.000
-0.914,1.454,0.072,-23.709,-40.155,-0.509,524004340.000
-0.906,1.483,0.072,-24.397,-40.020,-0.606,524004440.000
-0.901,1.509,0.066,-25.101,-39.925,-0.714,524004540.000
-0.888,1.536,0.071,-25.860,-39.799,-0.848,524004641.000
-0.882,1.561,0.076,-26.585,-39.707,-0.918,524004741.000
-0.867,1.593,0.083,-27.237,-39.633,-1.042,524004841.000
-0.865,1.613,0.083,-27.951,-39.460,-1.130,524004941.000
-0.861,1.642,0.082,-28.709,-39.324,-1.284,524005040.000
-0.850,1.662,0.082,-29.492,-39.275,-1.373,524005140.000
-0.848,1.697,0.089,-30.061,-39.148,-1.489,524005241.000
-0.839,1.721,0.089,-30.793,-39.038,-1.577,524005341.000
-0.831,1.744,0.096,-31.388,-38.876,-1.664,524005440.000
-0.818,1.768,0.088,-32.092,-38.791,-1.807,524005540.000
-0.816,1.795,0.093,-32.748,-38.722,-1.923,524005640.000
-0.814,1.826,0.097,-33.485,-38.581,-2.031,524005741.000
-0.803,1.850,0.102,-34.127,-38.562,-2.156,524005840.000
-0.796,1.878,0.107,-34.893,-38.471,-2.273,524005941.000
-0.785,1.903,0.114,-35.619,-38.469,-2.398,524006041.000
-0.787,1.933,0.111,-36.384,-38.352,-2.535,524006140.000
-0.779,1.965,0.113,-37.043,-38.306,-2.623,524006240.000
-0.772,1.995,0.120,-37.767,-38.230,-2.786,524006341.000
-0.759,2.021,0.118,-38.566,-38.178,-2.893,524006440.000
-0.761,2.051,0.127,-39.221,-38.091,-3.002,524006540.000
-0.757,2.077,0.127,-39.967,-38.003,-3.165,524006641.000
-0.748,2.106,0.139,-40.588,-37.971,-3.262,524006740.000
-0.739,2.135,0.131,-41.373,-37.910,-3.416,524006841.000
-0.737,2.163,0.131,-42.083,-37.858,-3.533,524006940.000
-0.730,2.195,0.141,-42.778,-37.823,-3.687,524007041.000
-0.724,2.220,0.143,-43.518,-37.788,-3.813,524007141.000
-0.719,2.249,0.145,-44.138,-37.715,-3.938,524007241.000
-0.717,2.277,0.152,-44.877,-37.663,-4.056,524007340.000
-0.708,2.308,0.149,-45.592,-37.633,-4.200,524007440.000
-0.702,2.341,0.159,-46.273,-37.573,-4.354,524007540.000
-0.693,2.367,0.162,-46.881,-37.477,-4.487,524007640.000
-0.691,2.389,0.164,-47.442,-37.415,-4.594,524007740.000
-0.684,2.393,0.164,-47.736,-37.383,-4.623,524007841.000
-0.685,2.401,0.164,-47.816,-37.263,-4.679,524007940.000
-0.681,2.398,0.161,-47.815,-37.200,-4.631,524008040.000
-0.681,2.390,0.169,-47.475,-37.099,-4.599,524008141.000
-0.679,2.373,0.162,-47.157,-37.011,-4.503,524008240.000
-0.680,2.357,0.162,-46.889,-36.863,-4.471,524008340.000
-0.682,2.353,0.162,-46.622,-36.775,-4.413,524008441.000
-0.680,2.339,0.160,-46.401,-36.720,-4.391,524008541.000
-0.681,2.331,0.162,-46.212,-36.613,-4.360,524008640.000
-0.677,2.325,0.157,-45.993,-36.555,-4.320,524008740.000
-0.675,2.314,0.160,-45.826,-36.461,-4.290,524008841.000
-0.677,2.309,0.158,-45.641,-36.406,-4.260,524008940.000
-0.675,2.305,0.155,-45.511,-36.329,-4.230,524009040.000
-0.676,2.295,0.155,-45.351,-36.229,-4.237,524009140.000
-0.674,2.288,0.153,-45.195,-36.176,-4.188,524009240.000
-0.669,2.280,0.151,-45.102,-36.136,-4.186,524009341.000
-0.672,2.276,0.156,-44.946,-36.032,-4.184,524009441.000
-0.670,2.272,0.151,-44.788,-35.987,-4.154,524009540.000
-0.675,2.264,0.158,-44.669,-35.911,-4.125,524009641.000
-0.670,2.262,0.156,-44.531,-35.846,-4.104,524009740.000
-0.673,2.255,0.151,-44.445,-35.776,-4.085,524009840.000
-0.669,2.250,0.149,-44.309,-35.736,-4.073,524009940.000
-0.669,2.242,0.156,-44.244,-35.685,-4.072,524010040.000
-0.663,2.240,0.149,-44.112,-35.674,-4.060,524010140.000
-0.667,2.233,0.146,-44.034,-35.559,-4.031,524010240.000
-0.670,2.228,0.149,-43.919,-35.464,-4.030,524010341.000
-0.665,2.226,0.151,-43.796,-35.456,-4.009,524010441.000
-0.659,2.219,0.147,-43.708,-35.437,-3.989,524010540.000
-0.664,2.217,0.147,-43.640,-35.313,-3.969,524010640.000
-0.662,2.210,0.147,-43.554,-35.301,-3.977,524010740.000
-0.660,2.209,0.149,-43.437,-35.256,-3.938,524010840.000
-0.660,2.203,0.147,-43.370,-35.215,-3.928,524010940.000
-0.658,2.205,0.142,-43.252,-35.146,-3.936,524011040.000
-0.660,2.198,0.144,-43.207,-35.100,-3.916,524011140.000
-0.658,2.194,0.137,-43.092,-35.063,-3.942,524011240.000
-0.656,2.190,0.142,-43.045,-35.035,-3.913,524011340.000
-0.654,2.183,0.145,-42.945,-34.965,-3.921,524011440.000
-0.652,2.182,0.140,-42.882,-34.921,-3.883,524011540.000
-0.657,2.179,0.142,-42.774,-34.838,-3.863,524011640.000
-0.653,2.177,0.142,-42.706,-34.814,-3.871,524011740.000
-0.653,2.174,0.138,-42.624,-34.757,-3.851,524011840.000
-0.653,2.166,0.145,-42.573,-34.731,-3.822,524011940.000
-0.653,2.166,0.143,-42.490,-34.666,-3.849,524012040.000
-0.651,2.162,0.143,-42.430,-34.629,-3.820,524012140.000
-0.645,2.158,0.140,-42.355,-34.626,-3.818,524012240.000
-0.647,2.152,0.140,-42.324,-34.589,-3.799,524012340.000
-0.649,2.150,0.135,-42.235,-34.519,-3.816,524012441.000
-0.649,2.150,0.138,-42.152,-34.486,-3.788,524012540.000
-0.645,2.145,0.136,-42.099,-34.446,-3.805,524012641.000
-0.645,2.140,0.136,-42.060,-34.421,-3.795,524012740.000
-0.643,2.141,0.138,-41.956,-34.376,-3.775,524012841.000
-0.643,2.141,0.138,-41.900,-34.327,-3.774,524012940.000
-0.646,2.137,0.141,-41.855,-34.305,-3.773,524013041.000
-0.644,2.130,0.131,-41.822,-34.229,-3.753,524013140.000
-0.642,2.132,0.141,-41.732,-34.208,-3.734,524013240.000
-0.640,2.128,0.136,-41.685,-34.212,-3.733,524013340.000
-0.640,2.125,0.134,-41.617,-34.147,-3.741,524013441.000
-0.638,2.121,0.131,-41.571,-34.119,-3.740,524013540.000
-0.640,2.120,0.131,-41.537,-34.082,-3.730,524013640.000
-0.642,2.121,0.131,-41.433,-34.044,-3.739,524013740.000
-0.642,2.110,0.136,-41.411,-33.978,-3.719,524013840.000
-0.638,2.110,0.136,-41.356,-33.954,-3.718,524013940.000
-0.638,2.105,0.134,-41.302,-33.938,-3.680,524014040.000
-0.638,2.107,0.134,-41.232,-33.889,-3.698,524014140.000
-0.634,2.105,0.129,-41.205,-33.906,-3.678,524014240.000
-0.632,2.104,0.127,-41.157,-33.854,-3.696,524014341.000
-0.639,2.097,0.134,-41.113,-33.814,-3.677,524014441.000
-0.634,2.094,0.124,-41.100,-33.776,-3.685,524014541.000
-0.635,2.094,0.127,-41.017,-33.743,-3.656,524014640.000
-0.633,2.093,0.129,-40.941,-33.722,-3.646,524014740.000
-0.635,2.089,0.132,-40.923,-33.652,-3.673,524014839.000
-0.633,2.088,0.129,-40.875,-33.648,-3.663,524014941.000
-0.631,2.084,0.134,-40.829,-33.619,-3.662,524015041.000
-0.633,2.082,0.137,-40.782,-33.574,-3.652,524015140.000
-0.629,2.082,0.132,-40.698,-33.566,-3.623,524015240.000
-0.631,2.076,0.129,-40.722,-33.513,-3.632,524015339.000
-0.631,2.076,0.134,-40.626,-33.472,-3.631,524015440.000
-0.627,2.073,0.122,-40.612,-33.466,-3.639,524015539.000
-0.631,2.068,0.132,-40.588,-33.406,-3.630,524015640.000
-0.629,2.069,0.122,-40.525,-33.403,-3.638,524015739.000
-0.632,2.070,0.132,-40.449,-33.333,-3.591,524015839.000
-0.629,2.066,0.127,-40.457,-33.337,-3.618,524015940.000
-0.630,2.061,0.125,-40.418,-33.297,-3.608,524016040.000
-0.625,2.061,0.125,-40.362,-33.273,-3.607,524016140.000
-0.625,2.061,0.130,-40.307,-33.256,-3.579,524016240.000
-0.626,2.053,0.127,-40.325,-33.240,-3.606,524016340.000
-0.628,2.057,0.125,-40.234,-33.186,-3.605,524016440.000
-0.628,2.057,0.125,-40.206,-33.137,-3.577,524016539.000
-0.622,2.053,0.125,-40.159,-33.151,-3.603,524016640.000
-0.624,2.049,0.130,-40.154,-33.121,-3.575,524016740.000
-0.620,2.052,0.125,-40.055,-33.114,-3.565,524016840.000
-0.622,2.045,0.123,-40.052,-33.061,-3.574,524016940.000
-0.620,2.044,0.123,-40.005,-33.024,-3.591,524017039.000
-0.618,2.048,0.130,-39.954,-33.036,-3.563,524017140.000
-0.620,2.044,0.130,-39.908,-32.999,-3.535,524017239.000
-0.616,2.044,0.123,-39.851,-32.976,-3.534,524017340.000
-0.620,2.036,0.130,-39.857,-32.925,-3.561,524017439.000
-0.620,2.036,0.120,-39.828,-32.909,-3.533,524017539.000
-0.622,2.037,0.128,-39.766,-32.847,-3.542,524017640.000
-0.620,2.035,0.123,-39.746,-32.827,-3.559,524017740.000
-0.620,2.030,0.123,-39.721,-32.827,-3.550,524017840.000
-0.616,2.030,0.125,-39.679,-32.795,-3.521,524017940.000
-0.619,2.024,0.128,-39.662,-32.749,-3.529,524018040.000
-0.619,2.026,0.130,-39.619,-32.717,-3.520,524018140.000
-0.617,2.025,0.128,-39.571,-32.713,-3.510,524018239.000
-0.617,2.022,0.125,-39.531,-32.697,-3.491,524018339.000
-0.617,2.022,0.118,-39.503,-32.648,-3.518,524018439.000
-0.612,2.025,0.121,-39.474,-32.665,-3.508,524018539.000
-0.612,2.017,0.126,-39.464,-32.648,-3.507,524018640.000
-0.613,2.012,0.123,-39.425,-32.607,-3.497,524018739.000
-0.610,2.016,0.121,-39.361,-32.579,-3.524,524018840.000
-0.613,2.014,0.118,-39.341,-32.551,-3.487,524018940.000
-0.608,2.009,0.123,-39.343,-32.559,-3.504,524019040.000
-0.613,2.006,0.121,-39.303,-32.517,-3.486,524019139.000
-0.615,2.010,0.128,-39.240,-32.479,-3.485,524019239.000
-0.613,2.006,0.121,-39.234,-32.444,-3.485,524019340.000
-0.609,2.009,0.123,-39.205,-32.461,-3.475,524019440.000
-0.611,2.002,0.121,-39.188,-32.432,-3.484,524019540.000
-0.609,2.001,0.123,-39.140,-32.411,-3.473,524019639.000
-0.615,2.005,0.121,-39.090,-32.357,-3.474,524019739.000
-0.607,2.002,0.116,-39.035,-32.351,-3.481,524019839.000
-0.609,1.998,0.121,-39.072,-32.346,-3.481,524019940.000
-0.607,2.002,0.121,-38.980,-32.334,-3.453,524020040.000
-0.607,1.994,0.124,-38.998,-32.301,-3.452,524020140.000
-0.609,1.990,0.116,-38.979,-32.265,-3.452,524020239.000
-0.609,1.990,0.119,-38.924,-32.231,-3.451,524020340.000
-0.607,1.992,0.121,-38.875,-32.236,-3.432,524020439.000
-0.607,1.992,0.124,-38.875,-32.203,-3.432,524020539.000
-0.608,1.986,0.119,-38.850,-32.171,-3.450,524020639.000
-0.605,1.988,0.121,-38.815,-32.199,-3.431,524020739.000
-0.603,1.986,0.124,-38.753,-32.154,-3.448,524020839.000
-0.605,1.985,0.119,-38.733,-32.158,-3.439,524020939.000
-0.606,1.980,0.116,-38.735,-32.093,-3.429,524021039.000
-0.604,1.984,0.124,-38.644,-32.080,-3.428,524021139.000
-0.608,1.978,0.116,-38.675,-32.055,-3.447,524021239.000
-0.601,1.974,0.114,-38.669,-32.077,-3.446,524021339.000
-0.599,1.981,0.112,-38.603,-32.074,-3.436,524021439.000
-0.606,1.977,0.121,-38.586,-31.978,-3.436,524021540.000
-0.602,1.974,0.116,-38.586,-31.996,-3.417,524021639.000
-0.606,1.974,0.116,-38.545,-31.946,-3.417,524021740.000
-0.604,1.973,0.119,-38.525,-31.926,-3.407,524021840.000
-0.604,1.968,0.117,-38.500,-31.909,-3.425,524021940.000
-0.606,1.969,0.124,-38.493,-31.896,-3.406,524022040.000
-0.606,1.969,0.114,-38.451,-31.856,-3.406,524022140.000
-0.598,1.969,0.114,-38.408,-31.882,-3.404,524022241.000
-0.600,1.965,0.117,-38.418,-31.861,-3.404,524022340.000
-0.600,1.962,0.119,-38.392,-31.852,-3.413,524022440.000
-0.602,1.964,0.117,-38.342,-31.799,-3.394,524022540.000
-0.598,1.961,0.107,-38.343,-31.833,-3.431,524022640.000
-0.600,1.962,0.117,-38.295,-31.762,-3.412,524022740.000
-0.598,1.961,0.114,-38.274,-31.759,-3.402,524022840.000
-0.598,1.958,0.117,-38.262,-31.726,-3.383,524022940.000
-0.598,1.958,0.117,-38.234,-31.726,-3.383,524023041.000
-0.598,1.956,0.119,-38.208,-31.717,-3.391,524023141.000
-0.596,1.954,0.117,-38.201,-31.690,-3.382,524023241.000
-0.598,1.958,0.112,-38.151,-31.645,-3.381,524023340.000
-0.598,1.956,0.114,-38.125,-31.636,-3.363,524023441.000
-0.599,1.953,0.117,-38.113,-31.603,-3.371,524023541.000
-0.594,1.953,0.112,-38.043,-31.621,-3.370,524023640.000
-0.599,1.950,0.117,-38.059,-31.578,-3.380,524023740.000
-0.597,1.949,0.122,-38.039,-31.574,-3.370,524023840.000
-0.594,1.945,0.115,-38.047,-31.563,-3.369,524023940.000
-0.597,1.949,0.120,-37.983,-31.509,-3.369,524024041.000
-0.595,1.942,0.117,-37.980,-31.530,-3.378,524024141.000
-0.595,1.948,0.110,-37.935,-31.506,-3.387,524024240.000
-0.590,1.942,0.112,-37.951,-31.523,-3.349,524024340.000
-0.595,1.942,0.112,-37.910,-31.473,-3.349,524024440.000
-0.593,1.944,0.117,-37.861,-31.445,-3.357,524024540.000
-0.590,1.942,0.115,-37.855,-31.466,-3.375,524024640.000
-0.591,1.942,0.120,-37.813,-31.473,-3.347,524024740.000
-0.593,1.938,0.107,-37.835,-31.429,-3.347,524024841.000
-0.593,1.936,0.110,-37.796,-31.396,-3.356,524024940.000
-0.589,1.938,0.115,-37.739,-31.380,-3.346,524025040.000
-0.591,1.939,0.108,-37.718,-31.392,-3.383,524025141.000
-0.589,1.938,0.112,-37.683,-31.364,-3.345,524025240.000
-0.595,1.932,0.117,-37.722,-31.309,-3.327,524025340.000
-0.591,1.932,0.110,-37.694,-31.335,-3.354,524025441.000
-0.589,1.933,0.112,-37.658,-31.315,-3.307,524025541.000
-0.587,1.934,0.118,-37.582,-31.286,-3.343,524025641.000
-0.587,1.932,0.113,-37.583,-31.278,-3.324,524025741.000
-0.589,1.925,0.115,-37.635,-31.257,-3.361,524025840.000
-0.589,1.933,0.110,-37.534,-31.225,-3.333,524025940.000
-0.587,1.929,0.113,-37.529,-31.253,-3.333,524026040.000
-0.587,1.929,0.110,-37.501,-31.237,-3.333,524026140.000
-0.589,1.925,0.120,-37.497,-31.142,-3.304,524026240.000
-0.591,1.924,0.115,-37.505,-31.146,-3.323,524026340.000
-0.585,1.922,0.115,-37.456,-31.184,-3.313,524026440.000
-0.587,1.924,0.110,-37.435,-31.163,-3.322,524026540.000
-0.587,1.918,0.118,-37.438,-31.162,-3.312,524026640.000
-0.585,1.917,0.115,-37.431,-31.135,-3.302,524026741.000
-0.585,1.922,0.113,-37.387,-31.143,-3.312,524026840.000
-0.585,1.920,0.105,-37.346,-31.095,-3.292,524026940.000
-0.585,1.917,0.113,-37.362,-31.094,-3.302,524027040.000
-0.587,1.916,0.108,-37.342,-31.049,-3.292,524027140.000
-0.588,1.916,0.110,-37.301,-31.040,-3.292,524027240.000
-0.581,1.917,0.110,-37.292,-31.079,-3.300,524027340.000
-0.581,1.912,0.110,-37.281,-31.054,-3.290,524027440.000
-0.586,1.909,0.113,-37.270,-30.996,-3.300,524027540.000
-0.583,1.910,0.100,-37.247,-31.001,-3.309,524027640.000
-0.581,1.907,0.115,-37.215,-31.012,-3.280,524027740.000
-0.584,1.913,0.113,-37.164,-30.959,-3.298,524027840.000
-0.584,1.905,0.113,-37.209,-30.959,-3.271,524027940.000
-0.584,1.905,0.103,-37.181,-30.944,-3.298,524028040.000
-0.584,1.908,0.115,-37.139,-30.926,-3.288,524028141.000
-0.584,1.902,0.113,-37.155,-30.886,-3.279,524028240.000
-0.577,1.901,0.113,-37.134,-30.924,-3.269,524028340.000
-0.584,1.902,0.113,-37.086,-30.861,-3.278,524028440.000
-0.580,1.905,0.113,-37.015,-30.886,-3.268,524028540.000
-0.584,1.902,0.113,-37.017,-30.836,-3.277,524028641.000
-0.580,1.902,0.111,-37.016,-30.845,-3.277,524028741.000
-0.580,1.902,0.108,-36.989,-30.829,-3.276,524028840.000
-0.575,1.897,0.106,-37.018,-30.839,-3.266,524028941.000
-0.582,1.898,0.106,-36.970,-30.824,-3.276,524029040.000
-0.580,1.900,0.111,-36.935,-30.772,-3.257,524029140.000
-0.580,1.897,0.106,-36.977,-30.789,-3.266,524029241.000
-0.578,1.896,0.113,-36.916,-30.776,-3.256,524029340.000
-0.576,1.894,0.108,-36.909,-30.781,-3.247,524029440.000
-0.578,1.893,0.113,-36.931,-30.727,-3.265,524029541.000
-0.582,1.896,0.108,-36.861,-30.718,-3.256,524029641.000
-0.576,1.887,0.108,-36.899,-30.732,-3.246,524029740.000
-0.578,1.890,0.106,-36.821,-30.703,-3.245,524029841.000
-0.580,1.889,0.106,-36.829,-30.690,-3.264,524029941.000
-0.578,1.890,0.111,-36.808,-30.662,-3.272,524030040.000
-0.574,1.888,0.111,-36.795,-30.687,-3.253,524030140.000
-0.578,1.890,0.111,-36.739,-30.637,-3.244,524030241.000
-0.574,1.883,0.103,-36.783,-30.663,-3.244,524030341.000
-0.578,1.885,0.111,-36.728,-30.612,-3.234,524030440.000
-0.576,1.884,0.111,-36.721,-30.649,-3.225,524030540.000
-0.576,1.881,0.103,-36.722,-30.577,-3.233,524030640.000
-0.574,1.882,0.111,-36.687,-30.588,-3.242,524030740.000
-0.576,1.881,0.106,-36.681,-30.568,-3.233,524030840.000
-0.576,1.881,0.106,-36.653,-30.568,-3.233,524030940.000
-0.578,1.877,0.106,-36.662,-30.531,-3.233,524031041.000
-0.576,1.878,0.104,-36.599,-30.527,-3.241,524031141.000
-0.576,1.878,0.106,-36.586,-30.518,-3.241,524031241.000
-0.572,1.881,0.106,-36.584,-30.520,-3.231,524031340.000
-0.579,1.874,0.099,-36.594,-30.482,-3.241,524031441.000
-0.574,1.880,0.113,-36.536,-30.506,-3.194,524031540.000
-0.572,1.873,0.109,-36.546,-30.487,-3.203,524031641.000
-0.575,1.874,0.116,-36.526,-30.449,-3.212,524031741.000
-0.572,1.878,0.106,-36.489,-30.470,-3.239,524031840.000
-0.574,1.877,0.116,-36.442,-30.472,-3.202,524031940.000
-0.575,1.874,0.109,-36.484,-30.425,-3.211,524032040.000
-0.572,1.868,0.109,-36.494,-30.437,-3.192,524032140.000
-0.572,1.873,0.116,-36.423,-30.412,-3.201,524032240.000
-0.572,1.876,0.104,-36.406,-30.381,-3.192,524032340.000
-0.572,1.870,0.104,-36.423,-30.405,-3.182,524032440.000
-0.570,1.867,0.104,-36.432,-30.393,-3.209,524032540.000
-0.573,1.870,0.106,-36.341,-30.371,-3.209,524032641.000
-0.573,1.870,0.106,-36.354,-30.347,-3.209,524032741.000
-0.568,1.865,0.111,-36.357,-30.356,-3.199,524032841.000
-0.573,1.865,0.106,-36.344,-30.323,-3.227,524032941.000
-0.571,1.866,0.106,-36.308,-30.335,-3.208,524033040.000
-0.571,1.861,0.106,-36.297,-30.311,-3.198,524033140.000
-0.573,1.865,0.104,-36.246,-30.282,-3.198,524033240.000
-0.571,1.864,0.109,-36.281,-30.278,-3.189,524033340.000
-0.569,1.862,0.109,-36.261,-30.291,-3.179,524033440.000
-0.573,1.857,0.106,-36.264,-30.249,-3.197,524033540.000
-0.573,1.857,0.109,-36.250,-30.240,-3.170,524033641.000
-0.566,1.864,0.109,-36.184,-30.278,-3.160,524033741.000
-0.569,1.860,0.104,-36.207,-30.234,-3.187,524033841.000
-0.569,1.860,0.109,-36.179,-30.217,-3.159,524033940.000
-0.573,1.854,0.104,-36.196,-30.184,-3.178,524034040.000
-0.571,1.861,0.114,-36.117,-30.187,-3.168,524034140.000
-0.569,1.860,0.104,-36.125,-30.184,-3.214,524034241.000
-0.571,1.858,0.104,-36.118,-30.147,-3.204,524034341.000
-0.567,1.858,0.104,-36.104,-30.197,-3.176,524034441.000
-0.569,1.854,0.109,-36.086,-30.143,-3.176,524034541.000
-0.569,1.857,0.104,-36.084,-30.135,-3.194,524034640.000
-0.567,1.851,0.104,-36.094,-30.148,-3.176,524034740.000
-0.571,1.853,0.107,-36.024,-30.089,-3.166,524034840.000
-0.569,1.849,0.104,-36.047,-30.135,-3.166,524034940.000
-0.569,1.847,0.102,-36.089,-30.119,-3.175,524035040.000
-0.567,1.850,0.104,-36.011,-30.099,-3.174,524035140.000
-0.569,1.849,0.107,-35.992,-30.053,-3.165,524035240.000
-0.567,1.850,0.099,-35.983,-30.066,-3.174,524035340.000
-0.565,1.846,0.107,-35.965,-30.102,-3.174,524035440.000
-0.563,1.853,0.107,-35.954,-30.067,-3.164,524035541.000
-0.567,1.850,0.097,-35.928,-30.050,-3.173,524035640.000
-0.567,1.845,0.102,-35.917,-30.057,-3.164,524035741.000
-0.565,1.844,0.107,-35.897,-30.053,-3.154,524035841.000
-0.565,1.846,0.104,-35.910,-30.037,-3.173,524035941.000
-0.561,1.844,0.099,-35.910,-30.055,-3.154,524036040.000
-0.567,1.842,0.102,-35.877,-30.008,-3.145,524036141.000
-0.565,1.846,0.112,-35.813,-30.012,-3.144,524036241.000
-0.570,1.841,0.099,-35.830,-29.979,-3.190,524036341.000
-0.567,1.845,0.104,-35.807,-29.975,-3.162,524036440.000
-0.561,1.841,0.109,-35.815,-30.021,-3.162,524036540.000
-0.565,1.841,0.104,-35.815,-29.964,-3.134,524036640.000
-0.565,1.838,0.104,-35.817,-29.939,-3.143,524036740.000
-0.568,1.840,0.102,-35.768,-29.934,-3.152,524036840.000
-0.563,1.835,0.102,-35.798,-29.960,-3.142,524036940.000
-0.565,1.838,0.102,-35.761,-29.923,-3.142,524037041.000
-0.563,1.837,0.104,-35.741,-29.903,-3.105,524037140.000
-0.568,1.837,0.102,-35.714,-29.909,-3.161,524037240.000
-0.566,1.836,0.107,-35.708,-29.881,-3.151,524037341.000
-0.561,1.833,0.099,-35.736,-29.883,-3.159,524037440.000
-0.559,1.834,0.104,-35.701,-29.879,-3.140,524037540.000
-0.568,1.832,0.104,-35.703,-29.852,-3.150,524037640.000
-0.559,1.832,0.102,-35.674,-29.887,-3.122,524037740.000
-0.559,1.832,0.107,-35.661,-29.895,-3.122,524037840.000
-0.561,1.831,0.104,-35.668,-29.866,-3.140,524037940.000
-0.557,1.833,0.102,-35.625,-29.875,-3.158,524038040.000
-0.562,1.828,0.107,-35.642,-29.809,-3.121,524038140.000
-0.561,1.828,0.102,-35.614,-29.825,-3.121,524038240.000
-0.559,1.832,0.105,-35.578,-29.829,-3.120,524038341.000
-0.562,1.828,0.102,-35.587,-29.776,-3.120,524038441.000
-0.562,1.828,0.097,-35.545,-29.768,-3.120,524038541.000
-0.564,1.826,0.107,-35.567,-29.747,-3.111,524038640.000
-0.564,1.824,0.107,-35.541,-29.770,-3.120,524038740.000
-0.564,1.826,0.095,-35.511,-29.763,-3.138,524038840.000
-0.564,1.829,0.102,-35.482,-29.738,-3.101,524038940.000
-0.560,1.826,0.100,-35.456,-29.723,-3.109,524039040.000
-0.562,1.825,0.102,-35.478,-29.702,-3.128,524039141.000
-0.562,1.825,0.100,-35.436,-29.710,-3.100,524039241.000
-0.558,1.822,0.102,-35.437,-29.727,-3.108,524039342.000
-0.560,1.824,0.102,-35.429,-29.715,-3.090,524039442.000
-0.562,1.825,0.102,-35.395,-29.653,-3.127,524039542.000
-0.558,1.820,0.100,-35.438,-29.687,-3.117,524039642.000
-0.560,1.819,0.100,-35.404,-29.698,-3.108,524039742.000
-0.560,1.818,0.105,-35.391,-29.657,-3.108,524039842.000
-0.558,1.822,0.105,-35.313,-29.669,-3.107,524039942.000
-0.560,1.821,0.100,-35.348,-29.625,-3.098,524040042.000
-0.560,1.818,0.100,-35.363,-29.673,-3.107,524040142.000
-0.562,1.820,0.102,-35.314,-29.652,-3.089,524040241.000
-0.558,1.817,0.102,-35.301,-29.629,-3.097,524040342.000
-0.558,1.817,0.100,-35.329,-29.613,-3.125,524040441.000
-0.560,1.813,0.097,-35.338,-29.609,-3.097,524040541.000
-0.556,1.813,0.092,-35.309,-29.602,-3.096,524040640.000
-0.558,1.809,0.095,-35.291,-29.580,-3.096,524040740.000
-0.560,1.816,0.102,-35.227,-29.567,-3.115,524040841.000
-0.554,1.817,0.102,-35.218,-29.605,-3.096,524040940.000
-0.556,1.816,0.093,-35.225,-29.577,-3.114,524041040.000
-0.556,1.813,0.100,-35.213,-29.576,-3.095,524041140.000
-0.556,1.816,0.102,-35.184,-29.568,-3.058,524041240.000
-0.554,1.809,0.100,-35.208,-29.589,-3.067,524041341.000
-0.554,1.804,0.100,-35.225,-29.564,-3.085,524041440.000
-0.554,1.809,0.100,-35.181,-29.540,-3.094,524041540.000
-0.552,1.810,0.102,-35.159,-29.544,-3.075,524041640.000
-0.556,1.810,0.100,-35.132,-29.502,-3.076,524041741.000
-0.558,1.806,0.105,-35.155,-29.473,-3.076,524041842.000
-0.556,1.810,0.098,-35.104,-29.486,-3.075,524041942.000
-0.554,1.809,0.102,-35.098,-29.506,-3.066,524042040.000
-0.552,1.805,0.098,-35.106,-29.511,-3.093,524042140.000
-0.554,1.806,0.103,-35.058,-29.457,-3.074,524042240.000
-0.556,1.803,0.100,-35.094,-29.453,-3.074,524042340.000
-0.554,1.804,0.100,-35.100,-29.442,-3.083,524042440.000
-0.554,1.809,0.100,-35.015,-29.441,-3.064,524042540.000
-0.554,1.799,0.100,-35.103,-29.441,-3.074,524042641.000
-0.556,1.802,0.098,-35.025,-29.412,-3.073,524042740.000
-0.554,1.801,0.098,-35.046,-29.401,-3.092,524042840.000
-0.552,1.805,0.098,-34.996,-29.462,-3.064,524042941.000
-0.552,1.802,0.095,-35.011,-29.446,-3.073,524043040.000
-0.550,1.799,0.095,-35.019,-29.386,-3.072,524043140.000
-0.559,1.796,0.095,-35.008,-29.335,-3.082,524043240.000
-0.548,1.800,0.095,-34.956,-29.398,-3.053,524043340.000
-0.552,1.802,0.095,-34.914,-29.372,-3.072,524043441.000
-0.554,1.801,0.095,-34.949,-29.360,-3.063,524043540.000
-0.552,1.792,0.105,-34.975,-29.339,-3.053,524043641.000
-0.555,1.796,0.098,-34.925,-29.327,-3.053,524043741.000
-0.550,1.796,0.098,-34.924,-29.352,-3.052,524043840.000
-0.552,1.794,0.095,-34.904,-29.323,-3.071,524043941.000
-0.555,1.793,0.105,-34.926,-29.302,-3.034,524044041.000
-0.555,1.793,0.093,-34.911,-29.295,-3.034,524044140.000
-0.552,1.794,0.093,-34.877,-29.307,-3.070,524044240.000
-0.548,1.795,0.100,-34.862,-29.307,-3.042,524044340.000
-0.552,1.794,0.098,-34.849,-29.290,-3.042,524044441.000
-0.548,1.795,0.098,-34.848,-29.316,-3.042,524044541.000
-0.548,1.794,0.103,-34.807,-29.274,-3.041,524044640.000
-0.553,1.787,0.098,-34.867,-29.290,-3.042,524044741.000
-0.550,1.793,0.098,-34.815,-29.278,-3.032,524044840.000
-0.548,1.789,0.100,-34.824,-29.283,-3.032,524044940.000
-0.548,1.789,0.098,-34.796,-29.266,-3.059,524045040.000
-0.548,1.789,0.098,-34.810,-29.242,-3.032,524045140.000
-0.550,1.790,0.098,-34.761,-29.253,-3.041,524045241.000
-0.548,1.787,0.095,-34.769,-29.226,-3.040,524045340.000
-0.553,1.789,0.095,-34.741,-29.225,-3.004,524045440.000
-0.548,1.787,0.095,-34.756,-29.201,-3.040,524045540.000
-0.549,1.789,0.098,-34.699,-29.193,-3.030,524045641.000
-0.551,1.790,0.095,-34.678,-29.188,-3.040,524045740.000
-0.546,1.785,0.098,-34.708,-29.230,-3.030,524045840.000
-0.553,1.789,0.093,-34.672,-29.184,-3.031,524045941.000
-0.551,1.785,0.095,-34.681,-29.188,-3.030,524046040.000
-0.544,1.784,0.090,-34.701,-29.219,-3.020,524046140.000
-0.546,1.785,0.093,-34.652,-29.197,-3.002,524046241.000
-0.549,1.786,0.095,-34.631,-29.176,-3.011,524046340.000
-0.551,1.785,0.098,-34.639,-29.131,-3.029,524046441.000
-0.547,1.783,0.098,-34.654,-29.156,-3.010,524046540.000
-0.551,1.785,0.098,-34.625,-29.106,-3.001,524046640.000
-0.547,1.783,0.098,-34.626,-29.107,-3.010,524046740.000
-0.547,1.783,0.091,-34.612,-29.132,-3.010,524046840.000
-0.547,1.780,0.086,-34.613,-29.124,-3.019,524046941.000
-0.549,1.784,0.103,-34.564,-29.078,-2.991,524047041.000
-0.549,1.781,0.096,-34.565,-29.054,-3.028,524047140.000
-0.547,1.775,0.091,-34.588,-29.107,-3.009,524047240.000
-0.547,1.777,0.096,-34.574,-29.091,-3.027,524047340.000
-0.547,1.777,0.088,-34.573,-29.091,-3.028,524047441.000
-0.547,1.780,0.091,-34.530,-29.059,-3.018,524047540.000
-0.547,1.777,0.101,-34.532,-29.049,-2.999,524047640.000
-0.547,1.777,0.096,-34.504,-29.066,-2.999,524047740.000
-0.547,1.777,0.093,-34.490,-29.026,-2.999,524047841.000
-0.545,1.779,0.096,-34.469,-29.030,-2.980,524047940.000
-0.545,1.779,0.103,-34.455,-29.053,-2.980,524048040.000
-0.549,1.773,0.091,-34.513,-28.997,-2.999,524048140.000
-0.547,1.780,0.098,-34.434,-29.033,-2.989,524048240.000
-0.545,1.773,0.093,-34.444,-29.013,-2.998,524048340.000
-0.549,1.776,0.088,-34.429,-29.004,-3.017,524048440.000
-0.543,1.775,0.088,-34.422,-29.018,-3.006,524048540.000
-0.547,1.772,0.096,-34.410,-28.992,-2.988,524048640.000
-0.547,1.769,0.098,-34.426,-28.959,-2.997,524048741.000
-0.545,1.773,0.093,-34.402,-28.989,-2.997,524048841.000
-0.543,1.775,0.098,-34.367,-28.985,-2.978,524048941.000
-0.545,1.771,0.098,-34.363,-28.923,-2.978,524049041.000
-0.545,1.770,0.088,-34.362,-28.956,-3.006,524049140.000
-0.545,1.768,0.093,-34.377,-28.940,-2.987,524049240.000
-0.547,1.769,0.093,-34.370,-28.927,-2.969,524049340.000
-0.545,1.771,0.096,-34.321,-28.931,-2.977,524049441.000
-0.545,1.768,0.093,-34.336,-28.915,-2.986,524049540.000
-0.545,1.770,0.098,-34.307,-28.923,-2.977,524049640.000
-0.543,1.764,0.091,-34.345,-28.936,-2.986,524049740.000
-0.543,1.767,0.091,-34.288,-28.911,-2.976,524049841.000
-0.545,1.765,0.088,-34.310,-28.907,-2.995,524049941.000
-0.543,1.767,0.098,-34.275,-28.935,-2.976,524050040.000
-0.543,1.764,0.093,-34.290,-28.903,-2.985,524050140.000
-0.543,1.767,0.093,-34.274,-28.903,-2.976,524050240.000
-0.541,1.763,0.093,-34.283,-28.891,-2.976,524050341.000
-0.545,1.762,0.088,-34.256,-28.834,-3.003,524050441.000
-0.543,1.766,0.098,-34.192,-28.837,-2.975,524050540.000
-0.548,1.766,0.091,-34.219,-28.812,-2.976,524050641.000
-0.543,1.761,0.093,-34.249,-28.854,-2.966,524050740.000
-0.541,1.763,0.093,-34.186,-28.818,-2.974,524050841.000
-0.543,1.764,0.093,-34.193,-28.829,-2.956,524050940.000
-0.545,1.760,0.091,-34.230,-28.825,-2.984,524051041.000
-0.543,1.764,0.096,-34.179,-28.821,-2.956,524051141.000
-0.545,1.765,0.091,-34.158,-28.800,-2.965,524051240.000
-0.541,1.760,0.091,-34.188,-28.826,-2.983,524051340.000
-0.539,1.759,0.093,-34.181,-28.830,-2.974,524051440.000
-0.543,1.759,0.098,-34.127,-28.788,-2.946,524051541.000
-0.543,1.759,0.093,-34.113,-28.780,-2.973,524051640.000
-0.541,1.760,0.093,-34.132,-28.793,-2.955,524051740.000
-0.541,1.760,0.103,-34.092,-28.783,-2.955,524051840.000
-0.541,1.755,0.093,-34.135,-28.792,-2.973,524051940.000
-0.539,1.759,0.093,-34.098,-28.781,-2.945,524052040.000
-0.539,1.751,0.091,-34.089,-28.764,-2.972,524052140.000
-0.541,1.749,0.093,-34.110,-28.743,-2.963,524052240.000
-0.541,1.755,0.089,-34.066,-28.736,-2.972,524052341.000
-0.539,1.753,0.091,-34.059,-28.691,-2.962,524052440.000
-0.539,1.751,0.093,-34.075,-28.756,-2.944,524052541.000
-0.541,1.752,0.086,-34.026,-28.719,-2.981,524052640.000
-0.542,1.752,0.094,-34.012,-28.694,-2.953,524052741.000
-0.539,1.746,0.093,-34.063,-28.683,-2.934,524052840.000
-0.539,1.753,0.094,-33.977,-28.707,-2.962,524052940.000
-0.537,1.749,0.099,-34.013,-28.727,-2.934,524053041.000
-0.539,1.756,0.094,-33.962,-28.707,-2.952,524053141.000
-0.537,1.749,0.094,-33.958,-28.695,-2.933,524053240.000
-0.542,1.749,0.091,-33.985,-28.654,-2.934,524053340.000
-0.535,1.748,0.096,-33.965,-28.675,-2.923,524053440.000
-0.535,1.748,0.099,-33.952,-28.666,-2.951,524053540.000
-0.542,1.744,0.096,-33.975,-28.612,-2.924,524053640.000
-0.540,1.745,0.086,-33.967,-28.658,-2.961,524053741.000
-0.540,1.748,0.091,-33.910,-28.617,-2.951,524053840.000
-0.533,1.754,0.091,-33.871,-28.704,-2.941,524053940.000
-0.537,1.749,0.089,-33.875,-28.613,-2.960,524054041.000
-0.535,1.745,0.091,-33.925,-28.643,-2.932,524054140.000
-0.538,1.747,0.089,-33.890,-28.614,-2.941,524054240.000
-0.540,1.745,0.094,-33.870,-28.584,-2.932,524054341.000
-0.538,1.749,0.094,-33.806,-28.621,-2.931,524054440.000
-0.535,1.743,0.094,-33.857,-28.609,-2.913,524054541.000
-0.535,1.745,0.094,-33.842,-28.609,-2.903,524054641.000
-0.535,1.743,0.091,-33.830,-28.593,-2.940,524054740.000
-0.538,1.739,0.091,-33.853,-28.580,-2.940,524054841.000
-0.536,1.743,0.096,-33.816,-28.552,-2.912,524054941.000
-0.536,1.740,0.094,-33.803,-28.584,-2.921,524055041.000
-0.538,1.744,0.096,-33.781,-28.539,-2.921,524055140.000
-0.538,1.744,0.094,-33.754,-28.523,-2.948,524055241.000
-0.533,1.739,0.089,-33.810,-28.565,-2.939,524055340.000
-0.536,1.743,0.094,-33.747,-28.560,-2.911,524055440.000
-0.538,1.741,0.094,-33.740,-28.523,-2.902,524055541.000
-0.538,1.741,0.089,-33.754,-28.515,-2.930,524055640.000
-0.538,1.739,0.091,-33.756,-28.507,-2.911,524055740.000
-0.534,1.739,0.096,-33.728,-28.515,-2.938,524055841.000
-0.536,1.735,0.091,-33.764,-28.495,-2.910,524055940.000
-0.534,1.741,0.089,-33.698,-28.491,-2.928,524056041.000
-0.538,1.739,0.089,-33.700,-28.490,-2.910,524056140.000
-0.534,1.736,0.084,-33.687,-28.483,-2.919,524056241.000
-0.534,1.736,0.091,-33.660,-28.482,-2.919,524056341.000
-0.538,1.733,0.096,-33.731,-28.441,-2.901,524056441.000
-0.536,1.735,0.089,-33.668,-28.454,-2.937,524056540.000
-0.536,1.732,0.094,-33.683,-28.437,-2.891,524056640.000
-0.540,1.732,0.099,-33.656,-28.395,-2.891,524056742.000
-0.532,1.732,0.089,-33.640,-28.455,-2.890,524056841.000
-0.536,1.735,0.099,-33.640,-28.420,-2.881,524056942.000
-0.538,1.733,0.094,-33.634,-28.400,-2.900,524057042.000
-0.534,1.728,0.091,-33.636,-28.458,-2.890,524057141.000
-0.536,1.729,0.094,-33.629,-28.412,-2.899,524057242.000
-0.534,1.736,0.087,-33.549,-28.401,-2.917,524057342.000
-0.536,1.732,0.089,-33.586,-28.429,-2.918,524057442.000
-0.534,1.731,0.091,-33.593,-28.409,-2.908,524057541.000
-0.534,1.733,0.089,-33.564,-28.417,-2.899,524057641.000
-0.532,1.732,0.089,-33.572,-28.381,-2.916,524057742.000
-0.536,1.727,0.086,-33.588,-28.364,-2.880,524057842.000
-0.538,1.728,0.089,-33.595,-28.343,-2.889,524057942.000
-0.534,1.728,0.089,-33.553,-28.392,-2.889,524058041.000
-0.534,1.728,0.094,-33.567,-28.352,-2.889,524058142.000
-0.534,1.723,0.094,-33.584,-28.327,-2.907,524058242.000
-0.536,1.729,0.089,-33.504,-28.355,-2.870,524058341.000
-0.532,1.732,0.094,-33.475,-28.340,-2.888,524058441.000
-0.532,1.724,0.087,-33.507,-28.364,-2.915,524058542.000
-0.532,1.729,0.087,-33.476,-28.364,-2.869,524058642.000
-0.534,1.728,0.092,-33.470,-28.311,-2.887,524058742.000
-0.532,1.724,0.087,-33.492,-28.340,-2.887,524058841.000
-0.532,1.724,0.094,-33.493,-28.339,-2.887,524058941.000
-0.536,1.729,0.089,-33.435,-28.282,-2.897,524059042.000
-0.536,1.721,0.094,-33.468,-28.289,-2.896,524059142.000
-0.532,1.727,0.089,-33.450,-28.307,-2.878,524059241.000
-0.532,1.724,0.092,-33.465,-28.323,-2.859,524059342.000
-0.528,1.724,0.089,-33.437,-28.332,-2.886,524059442.000
-0.537,1.724,0.092,-33.438,-28.249,-2.887,524059542.000
-0.534,1.720,0.087,-33.433,-28.278,-2.887,524059641.000
-0.528,1.719,0.084,-33.412,-28.300,-2.904,524059742.000
-0.532,1.721,0.089,-33.411,-28.282,-2.868,524059841.000
-0.530,1.717,0.087,-33.434,-28.279,-2.895,524059941.000
-0.530,1.723,0.087,-33.375,-28.279,-2.876,524060041.000
-0.530,1.718,0.087,-33.406,-28.279,-2.867,524060141.000
-0.530,1.723,0.094,-33.348,-28.229,-2.876,524060241.000
-0.532,1.719,0.087,-33.371,-28.217,-2.876,524060341.000
-0.530,1.720,0.087,-33.349,-28.254,-2.885,524060442.000
-0.535,1.717,0.089,-33.365,-28.196,-2.867,524060541.000
-0.530,1.720,0.092,-33.322,-28.237,-2.857,524060642.000
-0.532,1.716,0.089,-33.331,-28.233,-2.885,524060742.000
-0.530,1.717,0.089,-33.296,-28.245,-2.866,524060841.000
-0.530,1.717,0.089,-33.323,-28.197,-2.866,524060941.000
-0.530,1.715,0.089,-33.297,-28.221,-2.875,524061042.000
-0.532,1.716,0.087,-33.331,-28.217,-2.885,524061142.000
-0.528,1.716,0.092,-33.262,-28.201,-2.883,524061242.000
-0.530,1.715,0.087,-33.296,-28.205,-2.847,524061342.000
-0.530,1.715,0.087,-33.283,-28.180,-2.874,524061441.000
-0.530,1.712,0.087,-33.270,-28.180,-2.856,524061542.000
-0.530,1.715,0.097,-33.242,-28.171,-2.846,524061642.000
-0.533,1.716,0.087,-33.221,-28.167,-2.883,524061741.000
-0.530,1.717,0.087,-33.212,-28.180,-2.837,524061842.000
-0.533,1.716,0.089,-33.220,-28.135,-2.855,524061941.000
-0.528,1.713,0.092,-33.194,-28.151,-2.864,524062042.000
-0.535,1.712,0.087,-33.202,-28.130,-2.855,524062142.000
-0.526,1.712,0.089,-33.201,-28.148,-2.854,524062242.000
-0.526,1.712,0.087,-33.201,-28.132,-2.882,524062342.000
-0.528,1.716,0.087,-33.137,-28.143,-2.854,524062442.000
-0.528,1.711,0.087,-33.181,-28.119,-2.845,524062542.000
-0.531,1.712,0.092,-33.160,-28.114,-2.854,524062642.000
-0.526,1.709,0.089,-33.147,-28.123,-2.863,524062742.000
-0.535,1.717,0.084,-33.116,-28.065,-2.864,524062842.000
-0.526,1.707,0.092,-33.162,-28.091,-2.844,524062942.000
-0.528,1.708,0.087,-33.154,-28.143,-2.826,524063041.000
-0.531,1.712,0.094,-33.133,-28.081,-2.854,524063141.000
-0.531,1.707,0.089,-33.149,-28.074,-2.844,524063242.000
-0.526,1.709,0.089,-33.119,-28.075,-2.834,524063341.000
-0.529,1.705,0.087,-33.156,-28.070,-2.862,524063442.000
-0.529,1.708,0.089,-33.100,-28.062,-2.853,524063542.000
-0.526,1.709,0.092,-33.078,-28.066,-2.834,524063642.000
-0.529,1.711,0.089,-33.043,-28.037,-2.843,524063742.000
-0.526,1.707,0.089,-33.079,-28.074,-2.843,524063842.000
-0.527,1.707,0.092,-33.065,-28.066,-2.815,524063942.000
-0.527,1.704,0.097,-33.053,-28.049,-2.824,524064041.000
-0.524,1.708,0.087,-33.044,-28.022,-2.851,524064142.000
-0.527,1.707,0.087,-33.065,-28.034,-2.843,524064241.000
-0.529,1.705,0.087,-33.018,-28.021,-2.833,524064342.000
-0.527,1.704,0.087,-33.025,-28.033,-2.824,524064441.000
-0.529,1.703,0.085,-33.019,-28.029,-2.842,524064541.000
-0.527,1.701,0.082,-33.012,-28.001,-2.833,524064641.000
-0.527,1.701,0.087,-33.013,-27.985,-2.832,524064742.000
-0.525,1.700,0.087,-33.020,-27.997,-2.823,524064842.000
-0.527,1.701,0.087,-32.985,-27.984,-2.832,524064942.000
-0.524,1.700,0.087,-33.006,-28.021,-2.823,524065041.000
-0.525,1.700,0.090,-32.993,-27.964,-2.850,524065140.000
-0.527,1.701,0.087,-32.999,-27.960,-2.832,524065241.000
-0.522,1.699,0.087,-32.959,-27.985,-2.840,524065342.000
-0.531,1.704,0.090,-32.915,-27.926,-2.823,524065442.000
-0.529,1.703,0.085,-32.936,-27.931,-2.841,524065542.000
-0.527,1.704,0.087,-32.887,-27.935,-2.822,524065641.000
-0.525,1.700,0.085,-32.923,-27.956,-2.822,524065742.000
-0.525,1.697,0.092,-32.911,-27.955,-2.831,524065840.000
-0.529,1.695,0.085,-32.940,-27.906,-2.840,524065942.000
-0.520,1.697,0.090,-32.883,-27.964,-2.830,524066040.000
-0.525,1.697,0.085,-32.910,-27.907,-2.803,524066141.000
-0.527,1.696,0.085,-32.877,-27.919,-2.821,524066242.000
-0.523,1.696,0.090,-32.877,-27.927,-2.821,524066340.000
-0.523,1.694,0.087,-32.892,-27.911,-2.802,524066441.000
-0.523,1.696,0.085,-32.877,-27.895,-2.820,524066540.000
-0.521,1.695,0.087,-32.884,-27.924,-2.811,524066642.000
-0.525,1.697,0.092,-32.842,-27.882,-2.802,524066741.000
-0.527,1.696,0.092,-32.850,-27.869,-2.793,524066841.000
-0.527,1.699,0.092,-32.807,-27.869,-2.811,524066941.000
-0.523,1.693,0.087,-32.823,-27.887,-2.801,524067040.000
-0.523,1.693,0.087,-32.796,-27.886,-2.829,524067141.000
-0.523,1.693,0.085,-32.823,-27.871,-2.801,524067242.000
-0.523,1.696,0.085,-32.780,-27.870,-2.792,524067340.000
-0.523,1.688,0.085,-32.812,-27.894,-2.819,524067441.000
-0.525,1.692,0.090,-32.803,-27.841,-2.792,524067540.000
-0.525,1.692,0.077,-32.775,-27.858,-2.819,524067641.000
-0.523,1.696,0.082,-32.752,-27.854,-2.819,524067741.000
-0.527,1.691,0.087,-32.783,-27.812,-2.810,524067840.000
-0.523,1.693,0.087,-32.754,-27.813,-2.800,524067941.000
-0.519,1.691,0.095,-32.728,-27.862,-2.809,524068041.000
-0.523,1.688,0.090,-32.757,-27.829,-2.818,524068140.000
-0.523,1.691,0.080,-32.713,-27.813,-2.809,524068241.000
-0.521,1.690,0.085,-32.707,-27.834,-2.772,524068340.000
-0.525,1.689,0.085,-32.735,-27.808,-2.800,524068441.000
-0.519,1.688,0.092,-32.729,-27.821,-2.790,524068541.000
-0.523,1.686,0.080,-32.730,-27.789,-2.799,524068640.000
-0.527,1.688,0.090,-32.688,-27.778,-2.790,524068741.000
-0.525,1.687,0.082,-32.709,-27.768,-2.809,524068840.000
-0.523,1.688,0.085,-32.701,-27.796,-2.790,524068941.000
-0.521,1.687,0.087,-32.695,-27.801,-2.780,524069041.000
-0.527,1.691,0.090,-32.659,-27.754,-2.781,524069141.000
-0.521,1.684,0.085,-32.668,-27.760,-2.789,524069240.000
-0.521,1.687,0.092,-32.654,-27.759,-2.780,524069340.000
-0.521,1.687,0.090,-32.640,-27.768,-2.807,524069441.000
-0.521,1.682,0.082,-32.656,-27.744,-2.798,524069541.000
-0.523,1.683,0.087,-32.635,-27.739,-2.780,524069640.000
-0.523,1.683,0.080,-32.635,-27.739,-2.807,524069741.000
-0.523,1.683,0.080,-32.621,-27.715,-2.807,524069841.000
-0.521,1.684,0.087,-32.613,-27.727,-2.761,524069941.000
-0.523,1.683,0.085,-32.593,-27.698,-2.779,524070041.000
-0.521,1.681,0.085,-32.573,-27.759,-2.797,524070140.000
-0.521,1.684,0.087,-32.572,-27.702,-2.788,524070241.000
-0.517,1.681,0.087,-32.587,-27.728,-2.797,524070341.000
-0.521,1.681,0.083,-32.545,-27.694,-2.797,524070440.000
-0.523,1.683,0.082,-32.565,-27.682,-2.779,524070540.000
-0.521,1.684,0.085,-32.516,-27.686,-2.787,524070640.000
-0.517,1.679,0.085,-32.560,-27.736,-2.778,524070740.000
-0.521,1.679,0.077,-32.574,-27.687,-2.778,524070840.000
-0.521,1.679,0.082,-32.533,-27.694,-2.778,524070940.000
-0.521,1.679,0.083,-32.519,-27.670,-2.778,524071041.000
-0.523,1.683,0.080,-32.482,-27.665,-2.778,524071140.000
-0.523,1.680,0.083,-32.498,-27.681,-2.787,524071240.000
-0.519,1.680,0.083,-32.483,-27.682,-2.759,524071340.000
-0.521,1.681,0.088,-32.449,-27.653,-2.768,524071440.000
-0.519,1.678,0.080,-32.484,-27.690,-2.768,524071541.000
-0.521,1.679,0.088,-32.464,-27.653,-2.777,524071640.000
-0.521,1.679,0.085,-32.491,-27.637,-2.777,524071740.000
-0.526,1.681,0.085,-32.421,-27.611,-2.740,524071840.000
-0.519,1.672,0.083,-32.460,-27.657,-2.758,524071940.000
-0.517,1.679,0.080,-32.394,-27.654,-2.748,524072040.000
-0.519,1.677,0.087,-32.429,-27.641,-2.739,524072141.000
-0.519,1.675,0.080,-32.444,-27.642,-2.749,524072240.000
-0.519,1.672,0.080,-32.432,-27.641,-2.758,524072341.000
-0.524,1.672,0.085,-32.433,-27.599,-2.758,524072441.000
-0.517,1.674,0.085,-32.410,-27.613,-2.738,524072540.000
-0.519,1.675,0.083,-32.390,-27.608,-2.776,524072640.000
-0.522,1.671,0.080,-32.371,-27.604,-2.775,524072740.000
-0.522,1.673,0.080,-32.383,-27.604,-2.766,524072841.000
-0.517,1.674,0.083,-32.383,-27.645,-2.738,524072940.000
-0.515,1.672,0.088,-32.349,-27.617,-2.756,524073041.000
-0.519,1.675,0.090,-32.376,-27.583,-2.747,524073141.000
-0.519,1.672,0.083,-32.336,-27.583,-2.756,524073241.000
-0.522,1.668,0.090,-32.359,-27.570,-2.729,524073340.000
-0.517,1.673,0.080,-32.314,-27.604,-2.765,524073440.000
-0.520,1.669,0.083,-32.365,-27.559,-2.765,524073541.000
-0.517,1.668,0.083,-32.344,-27.572,-2.756,524073641.000
-0.517,1.671,0.088,-32.316,-27.579,-2.774,524073741.000
-0.520,1.672,0.085,-32.281,-27.550,-2.756,524073840.000
-0.522,1.673,0.083,-32.245,-27.522,-2.737,524073940.000
-0.517,1.671,0.083,-32.287,-27.596,-2.719,524074041.000
-0.517,1.668,0.080,-32.303,-27.531,-2.755,524074142.000
-0.520,1.667,0.083,-32.283,-27.534,-2.746,524074241.000
-0.517,1.671,0.080,-32.259,-27.531,-2.718,524074342.000
-0.517,1.668,0.080,-32.261,-27.555,-2.727,524074441.000
-0.518,1.671,0.088,-32.205,-27.530,-2.717,524074542.000
-0.520,1.667,0.085,-32.242,-27.526,-2.746,524074642.000
-0.518,1.663,0.085,-32.264,-27.538,-2.745,524074742.000
-0.515,1.664,0.078,-32.242,-27.527,-2.754,524074841.000
-0.518,1.663,0.078,-32.263,-27.491,-2.717,524074942.000
-0.520,1.667,0.080,-32.241,-27.494,-2.718,524075042.000
-0.518,1.666,0.080,-32.221,-27.506,-2.736,524075142.000
-0.516,1.664,0.083,-32.201,-27.486,-2.726,524075242.000
-0.515,1.664,0.078,-32.200,-27.503,-2.726,524075341.000
-0.520,1.664,0.083,-32.187,-27.485,-2.726,524075441.000
-0.513,1.660,0.085,-32.223,-27.515,-2.726,524075542.000
-0.516,1.659,0.080,-32.189,-27.494,-2.716,524075642.000
-0.516,1.662,0.085,-32.175,-27.477,-2.734,524075742.000
-0.518,1.665,0.085,-32.125,-27.464,-2.734,524075842.000
-0.518,1.665,0.088,-32.124,-27.432,-2.707,524075942.000
-0.520,1.662,0.078,-32.133,-27.428,-2.707,524076042.000
-0.518,1.665,0.085,-32.097,-27.464,-2.734,524076142.000
-0.516,1.659,0.083,-32.134,-27.461,-2.715,524076242.000
-0.516,1.662,0.080,-32.133,-27.469,-2.734,524076341.000
-0.516,1.664,0.085,-32.104,-27.428,-2.724,524076442.000
-0.518,1.658,0.083,-32.101,-27.424,-2.706,524076542.000
-0.516,1.656,0.080,-32.122,-27.445,-2.724,524076641.000
-0.518,1.660,0.083,-32.100,-27.399,-2.724,524076742.000
-0.516,1.659,0.090,-32.066,-27.435,-2.715,524076841.000
-0.516,1.656,0.080,-32.094,-27.445,-2.696,524076941.000
-0.518,1.658,0.075,-32.100,-27.424,-2.734,524077041.000
-0.514,1.658,0.083,-32.072,-27.449,-2.678,524077142.000
-0.520,1.659,0.080,-32.038,-27.394,-2.715,524077241.000
-0.516,1.656,0.085,-32.080,-27.404,-2.696,524077342.000
-0.516,1.651,0.078,-32.097,-27.428,-2.714,524077442.000
-0.514,1.652,0.083,-32.103,-27.400,-2.696,524077542.000
-0.516,1.656,0.083,-32.067,-27.363,-2.723,524077642.000
-0.516,1.661,0.083,-31.995,-27.387,-2.705,524077742.000
-0.516,1.659,0.083,-31.996,-27.411,-2.686,524077842.000
-0.518,1.658,0.085,-31.976,-27.366,-2.677,524077942.000
-0.516,1.656,0.088,-31.984,-27.394,-2.695,524078042.000
-0.516,1.656,0.085,-31.984,-27.378,-2.695,524078142.000
-0.516,1.656,0.083,-31.997,-27.338,-2.695,524078242.000
-0.516,1.654,0.088,-31.986,-27.370,-2.704,524078341.000
-0.514,1.652,0.083,-32.006,-27.375,-2.695,524078442.000
-0.516,1.651,0.078,-31.986,-27.330,-2.685,524078542.000
-0.510,1.652,0.083,-31.964,-27.376,-2.694,524078642.000
-0.514,1.652,0.080,-31.964,-27.335,-2.694,524078742.000
-0.516,1.651,0.083,-31.931,-27.362,-2.685,524078841.000
-0.516,1.656,0.081,-31.914,-27.322,-2.694,524078942.000
-0.516,1.648,0.083,-31.933,-27.337,-2.694,524079041.000
-0.512,1.648,0.083,-31.904,-27.314,-2.693,524079142.000
-0.516,1.651,0.080,-31.917,-27.321,-2.684,524079242.000
-0.518,1.650,0.080,-31.925,-27.309,-2.675,524079342.000
-0.518,1.652,0.078,-31.896,-27.317,-2.694,524079441.000
-0.518,1.652,0.083,-31.883,-27.324,-2.694,524079542.000
-0.512,1.651,0.083,-31.889,-27.314,-2.684,524079642.000
-0.514,1.650,0.078,-31.883,-27.294,-2.674,524079741.000
-0.512,1.648,0.083,-31.877,-27.314,-2.692,524079841.000
-0.512,1.646,0.083,-31.891,-27.314,-2.646,524079942.000
-0.510,1.652,0.083,-31.867,-27.302,-2.665,524080041.000
-0.514,1.650,0.086,-31.814,-27.268,-2.674,524080142.000
-0.516,1.643,0.078,-31.852,-27.256,-2.711,524080242.000
-0.510,1.647,0.076,-31.814,-27.302,-2.682,524080342.000
-0.514,1.647,0.083,-31.815,-27.276,-2.655,524080442.000
-0.514,1.647,0.081,-31.815,-27.260,-2.683,524080541.000
-0.512,1.648,0.081,-31.780,-27.273,-2.664,524080642.000
-0.512,1.646,0.081,-31.809,-27.249,-2.673,524080741.000
-0.512,1.643,0.073,-31.837,-27.274,-2.682,524080842.000
-0.514,1.647,0.081,-31.787,-27.260,-2.655,524080941.000
-0.512,1.646,0.078,-31.781,-27.232,-2.673,524081041.000
-0.514,1.644,0.086,-31.789,-27.267,-2.664,524081141.000
-0.514,1.647,0.081,-31.774,-27.236,-2.654,524081242.000
-0.514,1.642,0.086,-31.763,-27.243,-2.645,524081341.000
-0.510,1.642,0.081,-31.789,-27.237,-2.644,524081442.000
-0.510,1.642,0.076,-31.776,-27.229,-2.672,524081542.000
-0.510,1.644,0.078,-31.747,-27.220,-2.663,524081641.000
-0.514,1.644,0.083,-31.720,-27.227,-2.663,524081741.000
-0.512,1.640,0.081,-31.756,-27.199,-2.635,524081842.000
-0.508,1.643,0.083,-31.699,-27.216,-2.652,524081941.000
-0.510,1.639,0.081,-31.736,-27.212,-2.653,524082042.000
-0.514,1.642,0.083,-31.708,-27.178,-2.672,524082141.000
-0.512,1.643,0.076,-31.713,-27.216,-2.653,524082242.000
-0.510,1.642,0.081,-31.693,-27.212,-2.643,524082341.000
-0.512,1.638,0.083,-31.702,-27.190,-2.643,524082441.000
-0.514,1.642,0.076,-31.693,-27.203,-2.644,524082542.000
-0.510,1.642,0.081,-31.679,-27.187,-2.643,524082641.000
-0.512,1.635,0.078,-31.690,-27.158,-2.652,524082742.000
-0.514,1.639,0.076,-31.667,-27.178,-2.653,524082841.000
-0.510,1.636,0.078,-31.681,-27.171,-2.634,524082941.000
-0.510,1.639,0.083,-31.653,-27.178,-2.652,524083041.000
-0.510,1.639,0.083,-31.667,-27.203,-2.652,524083142.000
-0.508,1.638,0.076,-31.646,-27.167,-2.642,524083241.000
-0.510,1.636,0.076,-31.640,-27.179,-2.661,524083342.000
-0.515,1.641,0.081,-31.583,-27.136,-2.643,524083441.000
-0.506,1.636,0.073,-31.612,-27.188,-2.660,524083542.000
-0.512,1.640,0.081,-31.604,-27.125,-2.661,524083642.000
-0.510,1.631,0.081,-31.616,-27.162,-2.651,524083742.000
-0.506,1.636,0.086,-31.613,-27.171,-2.660,524083841.000
-0.512,1.632,0.078,-31.594,-27.109,-2.632,524083942.000
-0.510,1.634,0.081,-31.587,-27.137,-2.642,524084041.000
-0.513,1.640,0.086,-31.535,-27.084,-2.604,524084142.000
-0.508,1.632,0.083,-31.566,-27.117,-2.632,524084241.000
-0.508,1.635,0.081,-31.565,-27.126,-2.650,524084341.000
-0.506,1.636,0.081,-31.543,-27.114,-2.631,524084441.000
