0.059,-0.101,-0.137,2.651,1.897,0.530,524613851.000
0.055,-0.104,-0.144,2.622,1.946,0.492,524613951.000
0.055,-0.104,-0.137,2.636,1.923,0.520,524614051.000
0.055,-0.101,-0.137,2.651,1.923,0.529,524614150.000
0.059,-0.104,-0.135,2.623,1.905,0.548,524614251.000
0.055,-0.104,-0.140,2.622,1.914,0.520,524614351.000
0.057,-0.100,-0.137,2.617,1.934,0.520,524614451.000
0.052,-0.100,-0.132,2.672,1.928,0.547,524614551.000
0.052,-0.105,-0.142,2.614,1.943,0.529,524614650.000
0.052,-0.105,-0.135,2.627,1.919,0.501,524614750.000
0.055,-0.101,-0.144,2.637,1.946,0.502,524614851.000
0.054,-0.101,-0.132,2.664,1.964,0.530,524614950.000
0.052,-0.107,-0.142,2.613,1.919,0.547,524615050.000
0.057,-0.102,-0.132,2.657,1.902,0.539,524615151.000
0.057,-0.105,-0.144,2.629,1.909,0.529,524615250.000
0.055,-0.104,-0.134,2.677,1.931,0.520,524615350.000
0.057,-0.102,-0.137,2.671,1.910,0.539,524615451.000
0.059,-0.101,-0.137,2.679,1.897,0.530,524615551.000
0.057,-0.102,-0.140,2.658,1.902,0.539,524615651.000
0.057,-0.105,-0.137,2.642,1.934,0.530,524615751.000
0.057,-0.100,-0.140,2.673,1.902,0.548,524615851.000
0.057,-0.102,-0.142,2.644,1.893,0.538,524615950.000
0.057,-0.100,-0.139,2.645,1.901,0.520,524616051.000
0.055,-0.101,-0.149,2.638,1.929,0.529,524616151.000
0.052,-0.100,-0.135,2.686,1.920,0.548,524616251.000
0.057,-0.100,-0.137,2.659,1.910,0.520,524616352.000
0.052,-0.102,-0.142,2.616,1.918,0.538,524616451.000
0.057,-0.100,-0.139,2.645,1.901,0.520,524616551.000
0.057,-0.102,-0.137,2.643,1.910,0.511,524616651.000
0.057,-0.100,-0.144,2.659,1.909,0.520,524616751.000
0.055,-0.104,-0.137,2.636,1.923,0.520,524616852.000
0.057,-0.105,-0.135,2.642,1.870,0.529,524616951.000
0.057,-0.105,-0.149,2.616,1.917,0.529,524617052.000
0.055,-0.101,-0.137,2.651,1.923,0.529,524617152.000
0.055,-0.101,-0.139,2.665,1.914,0.529,524617252.000
0.057,-0.105,-0.130,2.655,1.911,0.530,524617352.000
0.055,-0.104,-0.137,2.636,1.923,0.548,524617451.000
0.057,-0.102,-0.130,2.643,1.911,0.511,524617552.000
0.052,-0.097,-0.142,2.674,1.919,0.529,524617652.000
0.057,-0.102,-0.135,2.630,1.918,0.539,524617751.000
0.054,-0.098,-0.135,2.694,1.955,0.539,524617851.000
0.057,-0.102,-0.137,2.644,1.910,0.539,524617952.000
0.057,-0.105,-0.137,2.629,1.910,0.557,524618052.000
0.052,-0.100,-0.140,2.659,1.951,0.547,524618151.000
0.055,-0.104,-0.142,2.664,1.906,0.520,524618252.000
0.057,-0.107,-0.135,2.627,1.918,0.548,524618352.000
0.055,-0.104,-0.137,2.663,1.923,0.520,524618452.000
0.057,-0.102,-0.139,2.671,1.926,0.539,524618552.000
0.052,-0.105,-0.142,2.642,1.943,0.557,524618652.000
0.055,-0.104,-0.137,2.649,1.899,0.520,524618752.000
0.057,-0.100,-0.140,2.673,1.902,0.548,524618852.000
0.055,-0.104,-0.142,2.650,1.930,0.520,524618952.000
0.057,-0.105,-0.135,2.642,1.918,0.530,524619052.000
0.055,-0.101,-0.142,2.665,1.930,0.529,524619152.000
0.059,-0.104,-0.137,2.637,1.897,0.548,524619251.000
0.059,-0.104,-0.139,2.636,1.913,0.521,524619352.000
0.057,-0.102,-0.134,2.643,1.894,0.511,524619451.000
0.055,-0.106,-0.140,2.621,1.938,0.539,524619551.000
0.055,-0.106,-0.144,2.635,1.946,0.511,524619652.000
0.050,-0.104,-0.140,2.663,1.964,0.520,524619751.000
0.057,-0.100,-0.142,2.645,1.917,0.520,524619851.000
0.057,-0.105,-0.135,2.642,1.918,0.557,524619951.000
0.055,-0.101,-0.142,2.665,1.930,0.529,524620051.000
0.055,-0.101,-0.137,2.665,1.898,0.529,524620152.000
0.052,-0.102,-0.137,2.643,1.935,0.538,524620252.000
0.055,-0.101,-0.135,2.664,1.931,0.529,524620352.000
0.059,-0.104,-0.135,2.650,1.906,0.548,524620451.000
0.057,-0.100,-0.135,2.673,1.918,0.548,524620551.000
0.057,-0.102,-0.137,2.671,1.910,0.511,524620652.000
0.057,-0.102,-0.142,2.630,1.917,0.511,524620751.000
0.052,-0.105,-0.140,2.642,1.927,0.529,524620852.000
0.055,-0.101,-0.140,2.637,1.914,0.529,524620952.000
0.057,-0.100,-0.137,2.659,1.910,0.520,524621051.000
0.052,-0.100,-0.137,2.644,1.911,0.519,524621151.000
0.055,-0.101,-0.132,2.664,1.915,0.529,524621252.000
0.055,-0.101,-0.142,2.624,1.906,0.529,524621352.000
0.057,-0.105,-0.139,2.614,1.902,0.502,524621451.000
0.052,-0.102,-0.140,2.630,1.927,0.538,524621552.000
0.053,-0.100,-0.139,2.658,1.903,0.519,524621652.000
0.055,-0.101,-0.140,2.610,1.865,0.528,524621751.000
0.057,-0.102,-0.137,2.602,1.885,0.510,524621852.000
0.057,-0.102,-0.132,2.588,1.877,0.538,524621952.000
0.052,-0.102,-0.137,2.602,1.911,0.538,524622052.000
0.055,-0.101,-0.132,2.623,1.890,0.529,524622151.000
0.057,-0.102,-0.140,2.588,1.877,0.510,524622251.000
0.052,-0.102,-0.137,2.574,1.910,0.510,524622351.000
0.055,-0.101,-0.137,2.568,1.873,0.528,524622452.000
0.050,-0.101,-0.140,2.581,1.891,0.528,524622551.000
0.055,-0.101,-0.135,2.595,1.858,0.528,524622652.000
0.050,-0.096,-0.135,2.597,1.883,0.518,524622752.000
0.057,-0.097,-0.142,2.591,1.844,0.500,524622852.000
0.050,-0.103,-0.140,2.525,1.866,0.546,524622952.000
0.055,-0.098,-0.135,2.569,1.833,0.509,524623052.000
0.050,-0.101,-0.137,2.567,1.899,0.500,524623151.000
0.057,-0.097,-0.137,2.536,1.812,0.527,524623252.000
0.055,-0.101,-0.137,2.540,1.825,0.527,524623351.000
0.053,-0.100,-0.142,2.507,1.845,0.518,524623451.000
0.053,-0.094,-0.135,2.564,1.846,0.509,524623552.000
0.055,-0.093,-0.140,2.531,1.840,0.527,524623651.000
0.053,-0.100,-0.132,2.506,1.829,0.518,524623751.000
0.053,-0.097,-0.135,2.507,1.821,0.499,524623852.000
0.055,-0.098,-0.140,2.500,1.840,0.509,524623952.000
0.055,-0.101,-0.140,2.472,1.816,0.527,524624052.000
0.053,-0.097,-0.137,2.494,1.812,0.526,524624151.000
0.059,-0.096,-0.137,2.461,1.798,0.518,524624251.000
0.055,-0.096,-0.142,2.502,1.832,0.490,524624351.000
0.051,-0.098,-0.140,2.472,1.817,0.508,524624452.000
0.055,-0.096,-0.137,2.446,1.799,0.489,524624551.000
0.055,-0.096,-0.142,2.460,1.807,0.489,524624652.000
0.055,-0.098,-0.132,2.445,1.792,0.508,524624752.000
0.053,-0.094,-0.137,2.454,1.812,0.508,524624852.000
0.053,-0.099,-0.137,2.423,1.812,0.517,524624952.000
0.053,-0.092,-0.135,2.455,1.820,0.489,524625051.000
0.051,-0.096,-0.135,2.460,1.833,0.517,524625151.000
0.053,-0.094,-0.140,2.454,1.779,0.507,524625251.000
0.055,-0.093,-0.132,2.447,1.791,0.498,524625352.000
0.053,-0.099,-0.137,2.410,1.787,0.517,524625452.000
0.055,-0.088,-0.130,2.478,1.775,0.517,524625551.000
0.053,-0.097,-0.140,2.411,1.779,0.498,524625651.000
0.051,-0.090,-0.137,2.449,1.776,0.507,524625752.000
0.055,-0.093,-0.140,2.434,1.766,0.498,524625851.000
0.053,-0.086,-0.132,2.472,1.780,0.535,524625952.000
0.053,-0.094,-0.140,2.427,1.779,0.535,524626052.000
0.053,-0.092,-0.135,2.455,1.772,0.516,524626152.000
0.049,-0.089,-0.140,2.428,1.804,0.497,524626252.000
0.055,-0.093,-0.142,2.393,1.758,0.498,524626351.000
0.053,-0.089,-0.137,2.456,1.763,0.498,524626451.000
0.051,-0.093,-0.140,2.433,1.743,0.497,524626551.000
0.051,-0.093,-0.132,2.419,1.768,0.525,524626651.000
0.055,-0.088,-0.135,2.450,1.759,0.516,524626752.000
0.051,-0.090,-0.142,2.394,1.759,0.506,524626852.000
0.055,-0.088,-0.140,2.423,1.742,0.488,524626952.000
0.049,-0.092,-0.137,2.413,1.788,0.515,524627052.000
0.051,-0.090,-0.140,2.407,1.767,0.479,524627151.000
0.053,-0.089,-0.145,2.415,1.738,0.469,524627251.000
0.051,-0.093,-0.142,2.378,1.759,0.469,524627352.000
0.053,-0.092,-0.137,2.372,1.738,0.488,524627451.000
0.051,-0.090,-0.130,2.379,1.752,0.506,524627551.000
0.053,-0.089,-0.140,2.415,1.754,0.497,524627652.000
0.053,-0.089,-0.140,2.401,1.730,0.497,524627752.000
0.046,-0.090,-0.135,2.420,1.785,0.506,524627851.000
0.051,-0.088,-0.135,2.422,1.784,0.488,524627951.000
0.049,-0.092,-0.135,2.385,1.772,0.515,524628051.000
0.053,-0.089,-0.132,2.373,1.731,0.497,524628151.000
0.055,-0.090,-0.135,2.366,1.734,0.506,524628251.000
0.053,-0.092,-0.142,2.359,1.746,0.488,524628351.000
0.053,-0.089,-0.142,2.374,1.697,0.496,524628451.000
0.055,-0.090,-0.135,2.380,1.710,0.506,524628551.000
0.049,-0.094,-0.135,2.343,1.772,0.506,524628652.000
0.049,-0.089,-0.135,2.373,1.772,0.496,524628751.000
0.053,-0.092,-0.145,2.359,1.713,0.487,524628850.000
0.053,-0.092,-0.135,2.358,1.747,0.460,524628951.000
0.057,-0.092,-0.137,2.345,1.713,0.488,524629051.000
0.051,-0.096,-0.137,2.349,1.751,0.488,524629151.000
0.049,-0.084,-0.132,2.389,1.780,0.487,524629250.000
0.049,-0.089,-0.135,2.373,1.772,0.496,524629351.000
0.053,-0.094,-0.137,2.357,1.738,0.479,524629450.000
0.051,-0.090,-0.135,2.366,1.759,0.506,524629551.000
0.053,-0.092,-0.145,2.317,1.737,0.487,524629651.000
0.051,-0.090,-0.132,2.324,1.767,0.506,524629750.000
0.053,-0.087,-0.145,2.375,1.737,0.478,524629851.000
0.053,-0.089,-0.137,2.360,1.738,0.497,524629951.000
0.049,-0.089,-0.140,2.387,1.780,0.497,524630051.000
0.055,-0.088,-0.132,2.367,1.742,0.515,524630150.000
0.049,-0.092,-0.130,2.357,1.789,0.487,524630251.000
0.053,-0.094,-0.142,2.343,1.746,0.478,524630350.000
0.055,-0.090,-0.137,2.366,1.750,0.479,524630450.000
0.053,-0.089,-0.132,2.373,1.779,0.497,524630550.000
0.051,-0.090,-0.145,2.338,1.774,0.478,524630651.000
0.042,-0.088,-0.137,2.420,1.705,0.458,524630751.000
0.049,-0.089,-0.130,2.387,1.764,0.524,524630851.000
0.051,-0.090,-0.132,2.351,1.670,0.505,524630951.000
0.049,-0.094,-0.135,2.343,1.626,0.532,524631050.000
0.039,-0.085,-0.155,2.312,1.477,0.464,524631151.000
0.042,-0.081,-0.135,2.210,1.215,0.489,524631250.000
0.034,-0.070,-0.143,2.228,0.852,0.494,524631350.000
0.020,-0.063,-0.128,2.234,0.458,0.442,524631451.000
0.011,-0.059,-0.126,2.214,-0.101,0.491,524631551.000
-0.011,-0.049,-0.123,2.180,-0.657,0.473,524631651.000
-0.020,-0.037,-0.124,2.178,-1.249,0.494,524631750.000
-0.034,-0.033,-0.121,2.087,-1.710,0.487,524631851.000
-0.045,-0.022,-0.124,1.994,-2.274,0.489,524631951.000
-0.061,-0.011,-0.120,1.914,-2.933,0.489,524632050.000
-0.081,-0.000,-0.120,1.833,-3.437,0.463,524632151.000
-0.092,0.013,-0.120,1.741,-4.139,0.472,524632250.000
-0.107,0.022,-0.123,1.619,-4.750,0.491,524632350.000
-0.116,0.037,-0.116,1.437,-5.343,0.464,524632450.000
-0.136,0.053,-0.111,1.331,-6.025,0.482,524632550.000
-0.149,0.065,-0.114,1.177,-6.650,0.500,524632651.000
-0.165,0.084,-0.107,1.086,-7.276,0.473,524632751.000
-0.178,0.096,-0.107,0.848,-7.918,0.463,524632851.000
-0.197,0.108,-0.108,0.644,-8.593,0.489,524632951.000
-0.208,0.127,-0.106,0.416,-9.263,0.488,524633051.000
-0.228,0.143,-0.106,0.187,-9.988,0.504,524633151.000
-0.243,0.162,-0.104,-0.055,-10.657,0.503,524633251.000
-0.265,0.185,-0.090,-0.207,-11.343,0.501,524633350.000
-0.282,0.197,-0.101,-0.458,-12.065,0.517,524633450.000
-0.297,0.211,-0.096,-0.717,-12.774,0.497,524633551.000
-0.316,0.238,-0.099,-0.968,-13.580,0.521,524633651.000
-0.331,0.249,-0.092,-1.242,-14.306,0.519,524633752.000
-0.355,0.276,-0.088,-1.425,-15.061,0.571,524633851.000
-0.370,0.290,-0.078,-1.698,-15.826,0.551,524633951.000
-0.387,0.315,-0.079,-1.874,-16.564,0.558,524634052.000
-0.405,0.330,-0.075,-2.208,-17.261,0.583,524634151.000
-0.422,0.359,-0.078,-2.423,-18.031,0.654,524634251.000
-0.437,0.372,-0.078,-2.654,-18.757,0.633,524634352.000
-0.456,0.389,-0.076,-2.994,-19.499,0.649,524634451.000
-0.478,0.409,-0.067,-3.201,-20.177,0.720,524634551.000
-0.495,0.427,-0.063,-3.520,-20.923,0.671,524634652.000
-0.514,0.449,-0.066,-3.815,-21.705,0.732,524634751.000
-0.534,0.476,-0.061,-4.109,-22.438,0.701,524634852.000
-0.553,0.490,-0.065,-4.422,-23.221,0.734,524634952.000
-0.566,0.515,-0.055,-4.695,-23.975,0.741,524635052.000
-0.589,0.545,-0.061,-4.972,-24.717,0.829,524635151.000
-0.609,0.561,-0.044,-5.314,-25.554,0.816,524635251.000
-0.626,0.579,-0.052,-5.645,-26.293,0.849,524635351.000
-0.652,0.605,-0.046,-5.932,-27.028,0.909,524635451.000
-0.664,0.625,-0.041,-6.277,-27.824,0.897,524635551.000
-0.686,0.651,-0.045,-6.549,-28.594,0.958,524635651.000
-0.705,0.670,-0.038,-6.861,-29.440,0.954,524635751.000
-0.722,0.693,-0.039,-7.190,-30.130,1.006,524635851.000
-0.748,0.719,-0.032,-7.478,-30.962,1.038,524635951.000
-0.765,0.734,-0.025,-7.756,-31.626,1.064,524636052.000
-0.786,0.760,-0.033,-8.056,-32.413,1.124,524636152.000
-0.804,0.778,-0.027,-8.361,-33.150,1.158,524636251.000
-0.827,0.807,-0.025,-8.597,-33.915,1.191,524636352.000
-0.840,0.820,-0.021,-8.945,-34.735,1.234,524636451.000
-0.864,0.844,-0.019,-9.268,-35.451,1.276,524636552.000
-0.889,0.875,-0.020,-9.511,-36.211,1.327,524636652.000
-0.896,0.889,-0.013,-9.864,-36.964,1.362,524636751.000
-0.920,0.911,-0.011,-10.160,-37.656,1.423,524636852.000
-0.943,0.930,-0.007,-10.403,-38.387,1.447,524636952.000
-0.962,0.957,-0.013,-10.708,-39.130,1.527,524637051.000
-0.984,0.978,-0.001,-10.998,-39.825,1.570,524637151.000
-0.999,0.999,0.001,-11.239,-40.519,1.577,524637251.000
-1.009,1.009,0.000,-11.475,-40.822,1.672,524637352.000
-1.011,1.029,0.000,-11.956,-40.984,1.610,524637452.000
-1.006,1.050,-0.008,-12.413,-40.919,1.597,524637552.000
-1.000,1.062,-0.003,-13.035,-40.705,1.483,524637652.000
-0.988,1.085,0.002,-13.628,-40.407,1.426,524637751.000
-0.973,1.105,0.006,-14.313,-40.148,1.340,524637852.000
-0.961,1.129,0.006,-14.907,-39.916,1.255,524637951.000
-0.955,1.146,0.003,-15.539,-39.630,1.187,524638052.000
-0.940,1.168,0.003,-16.044,-39.482,1.056,524638151.000
-0.932,1.181,0.000,-16.656,-39.281,1.016,524638251.000
-0.928,1.205,0.008,-17.252,-39.046,0.929,524638352.000
-0.915,1.226,0.015,-17.889,-38.910,0.834,524638451.000
-0.907,1.250,0.019,-18.496,-38.757,0.802,524638551.000
-0.899,1.270,0.014,-19.023,-38.613,0.707,524638652.000
-0.892,1.290,0.016,-19.695,-38.456,0.619,524638751.000
-0.888,1.314,0.013,-20.262,-38.302,0.560,524638851.000
-0.875,1.335,0.023,-20.885,-38.207,0.464,524638952.000
-0.873,1.352,0.018,-21.503,-38.049,0.422,524639052.000
-0.865,1.381,0.030,-22.027,-37.943,0.299,524639152.000
-0.856,1.399,0.020,-22.568,-37.815,0.249,524639251.000
-0.848,1.415,0.022,-23.208,-37.670,0.163,524639351.000
-0.839,1.441,0.032,-23.788,-37.574,0.085,524639451.000
-0.835,1.460,0.036,-24.358,-37.467,0.007,524639551.000
-0.822,1.483,0.031,-24.923,-37.397,-0.052,524639651.000
-0.816,1.503,0.038,-25.513,-37.320,-0.112,524639751.000
-0.814,1.523,0.040,-26.145,-37.210,-0.228,524639851.000
-0.805,1.547,0.035,-26.767,-37.163,-0.316,524639952.000
-0.803,1.564,0.042,-27.386,-37.037,-0.385,524640052.000
-0.794,1.600,0.042,-27.905,-36.924,-0.481,524640152.000
-0.790,1.619,0.042,-28.503,-36.884,-0.588,524640251.000
-0.784,1.636,0.054,-29.150,-36.814,-0.685,524640351.000
-0.777,1.658,0.051,-29.793,-36.747,-0.764,524640452.000
-0.771,1.686,0.051,-30.323,-36.694,-0.824,524640551.000
-0.769,1.706,0.058,-30.873,-36.567,-0.911,524640651.000
-0.762,1.723,0.060,-31.505,-36.507,-0.980,524640751.000
-0.755,1.750,0.052,-32.132,-36.480,-1.096,524640852.000
-0.751,1.771,0.057,-32.729,-36.399,-1.166,524640951.000
-0.743,1.795,0.061,-33.282,-36.342,-1.253,524641052.000
-0.734,1.816,0.069,-33.810,-36.228,-1.376,524641151.000
-0.732,1.846,0.066,-34.408,-36.135,-1.455,524641252.000
-0.725,1.863,0.066,-35.013,-36.059,-1.580,524641351.000
-0.717,1.884,0.068,-35.568,-35.962,-1.648,524641452.000
-0.717,1.910,0.073,-36.190,-35.904,-1.756,524641552.000
-0.708,1.929,0.077,-36.801,-35.848,-1.834,524641652.000
-0.697,1.962,0.085,-37.384,-35.821,-1.958,524641752.000
-0.695,1.979,0.079,-38.100,-35.736,-2.084,524641852.000
-0.689,2.009,0.079,-38.685,-35.660,-2.191,524641951.000
-0.682,2.023,0.091,-39.072,-35.588,-2.294,524642052.000
-0.680,2.032,0.094,-39.336,-35.499,-2.333,524642152.000
-0.676,2.030,0.081,-39.349,-35.348,-2.313,524642251.000
-0.670,2.028,0.089,-39.246,-35.239,-2.301,524642351.000
-0.668,2.014,0.092,-38.874,-35.142,-2.250,524642452.000
-0.669,2.005,0.082,-38.573,-35.002,-2.190,524642552.000
-0.669,1.987,0.085,-38.334,-34.845,-2.168,524642652.000
-0.672,1.978,0.082,-38.083,-34.717,-2.128,524642752.000
-0.668,1.967,0.078,-37.853,-34.635,-2.105,524642852.000
-0.660,1.957,0.073,-37.635,-34.554,-2.055,524642952.000
-0.662,1.950,0.080,-37.425,-34.442,-2.034,524643052.000
-0.667,1.939,0.078,-37.237,-34.301,-1.985,524643152.000
-0.661,1.927,0.068,-37.042,-34.249,-1.982,524643252.000
-0.657,1.925,0.071,-36.849,-34.167,-1.933,524643351.000
-0.657,1.917,0.073,-36.660,-34.059,-1.930,524643452.000
-0.657,1.906,0.074,-36.541,-33.985,-1.909,524643552.000
-0.649,1.901,0.071,-36.391,-33.946,-1.897,524643651.000
-0.656,1.894,0.074,-36.222,-33.849,-1.821,524643752.000
-0.654,1.890,0.069,-36.079,-33.780,-1.847,524643851.000
-0.652,1.884,0.074,-35.965,-33.701,-1.826,524643951.000
-0.650,1.877,0.067,-35.822,-33.641,-1.806,524644051.000
-0.653,1.873,0.072,-35.666,-33.537,-1.776,524644151.000
-0.648,1.862,0.064,-35.574,-33.489,-1.783,524644251.000
-0.649,1.860,0.062,-35.451,-33.423,-1.763,524644351.000
-0.649,1.852,0.064,-35.344,-33.365,-1.733,524644451.000
-0.645,1.844,0.062,-35.251,-33.324,-1.759,524644551.000
-0.643,1.845,0.065,-35.105,-33.255,-1.711,524644651.000
-0.645,1.836,0.060,-35.061,-33.185,-1.700,524644752.000
-0.641,1.833,0.058,-34.910,-33.145,-1.707,524644851.000
-0.639,1.829,0.060,-34.808,-33.099,-1.678,524644952.000
-0.641,1.825,0.060,-34.734,-33.013,-1.649,524645052.000
-0.640,1.816,0.065,-34.636,-32.935,-1.637,524645152.000
-0.640,1.813,0.055,-34.554,-32.895,-1.646,524645252.000
-0.640,1.808,0.065,-34.447,-32.860,-1.635,524645351.000
-0.640,1.810,0.068,-34.335,-32.802,-1.624,524645451.000
-0.642,1.801,0.063,-34.277,-32.708,-1.614,524645552.000
-0.640,1.802,0.063,-34.186,-32.672,-1.594,524645651.000
-0.636,1.795,0.061,-34.121,-32.632,-1.592,524645752.000
-0.636,1.792,0.063,-33.998,-32.598,-1.545,524645851.000
-0.639,1.785,0.056,-33.939,-32.512,-1.553,524645951.000
-0.632,1.784,0.058,-33.822,-32.492,-1.569,524646051.000
-0.630,1.783,0.053,-33.773,-32.473,-1.559,524646152.000
-0.637,1.773,0.056,-33.703,-32.377,-1.549,524646251.000
-0.631,1.780,0.056,-33.568,-32.390,-1.538,524646351.000
-0.635,1.767,0.056,-33.575,-32.291,-1.528,524646452.000
-0.631,1.767,0.056,-33.477,-32.243,-1.498,524646551.000
-0.629,1.765,0.061,-33.416,-32.214,-1.516,524646651.000
-0.629,1.760,0.059,-33.350,-32.173,-1.505,524646751.000
-0.625,1.757,0.059,-33.254,-32.149,-1.485,524646852.000
-0.629,1.755,0.056,-33.187,-32.106,-1.494,524646951.000
-0.628,1.748,0.054,-33.154,-32.030,-1.446,524647051.000
-0.625,1.749,0.049,-33.064,-32.010,-1.482,524647152.000
-0.624,1.743,0.067,-33.020,-31.988,-1.462,524647251.000
-0.626,1.736,0.049,-32.988,-31.936,-1.471,524647351.000
-0.626,1.736,0.054,-32.933,-31.870,-1.442,524647452.000
-0.620,1.735,0.057,-32.843,-31.851,-1.431,524647551.000
-0.622,1.731,0.049,-32.810,-31.838,-1.431,524647652.000
-0.622,1.728,0.054,-32.701,-31.748,-1.411,524647752.000
-0.620,1.729,0.054,-32.625,-31.735,-1.419,524647851.000
-0.622,1.723,0.052,-32.621,-31.682,-1.428,524647951.000
-0.618,1.723,0.047,-32.537,-31.675,-1.399,524648051.000
-0.618,1.720,0.050,-32.484,-31.617,-1.407,524648152.000
-0.616,1.716,0.050,-32.423,-31.581,-1.405,524648251.000
-0.618,1.715,0.055,-32.362,-31.527,-1.396,524648351.000
-0.619,1.710,0.052,-32.351,-31.486,-1.386,524648451.000
-0.616,1.708,0.050,-32.275,-31.482,-1.375,524648551.000
-0.617,1.705,0.052,-32.222,-31.425,-1.384,524648652.000
-0.617,1.703,0.057,-32.168,-31.383,-1.364,524648751.000
-0.615,1.701,0.048,-32.078,-31.355,-1.381,524648852.000
-0.613,1.700,0.055,-32.044,-31.343,-1.344,524648951.000
-0.613,1.692,0.048,-32.062,-31.295,-1.371,524649052.000
-0.615,1.693,0.048,-31.972,-31.281,-1.352,524649151.000
-0.615,1.693,0.048,-31.903,-31.208,-1.351,524649252.000
-0.611,1.691,0.050,-31.862,-31.200,-1.331,524649352.000
-0.611,1.685,0.043,-31.823,-31.176,-1.349,524649452.000
-0.611,1.683,0.048,-31.783,-31.159,-1.330,524649552.000
-0.611,1.683,0.048,-31.742,-31.086,-1.329,524649651.000
-0.611,1.683,0.048,-31.672,-31.061,-1.300,524649751.000
-0.611,1.680,0.050,-31.619,-31.052,-1.309,524649851.000
-0.609,1.676,0.046,-31.600,-31.008,-1.335,524649951.000
-0.610,1.676,0.048,-31.517,-30.975,-1.307,524650051.000
-0.607,1.672,0.043,-31.498,-30.980,-1.306,524650151.000
-0.610,1.671,0.048,-31.450,-30.901,-1.296,524650251.000
-0.605,1.668,0.046,-31.410,-30.910,-1.304,524650351.000
-0.603,1.667,0.046,-31.362,-30.874,-1.294,524650451.000
-0.604,1.664,0.048,-31.336,-30.865,-1.275,524650551.000
-0.606,1.663,0.041,-31.288,-30.804,-1.293,524650651.000
-0.604,1.659,0.043,-31.255,-30.784,-1.264,524650752.000
-0.604,1.661,0.046,-31.185,-30.751,-1.282,524650852.000
-0.606,1.657,0.051,-31.153,-30.721,-1.254,524650952.000
-0.602,1.650,0.043,-31.156,-30.722,-1.253,524651052.000
-0.604,1.656,0.046,-31.049,-30.652,-1.243,524651152.000
-0.602,1.652,0.048,-31.031,-30.656,-1.242,524651253.000
-0.606,1.652,0.046,-30.962,-30.590,-1.242,524651353.000
-0.604,1.648,0.046,-31.012,-30.554,-1.242,524651452.000
-0.602,1.647,0.041,-30.936,-30.534,-1.259,524651553.000
-0.605,1.643,0.049,-30.877,-30.520,-1.231,524651653.000
-0.598,1.644,0.041,-30.840,-30.510,-1.239,524651753.000
-0.600,1.638,0.041,-30.837,-30.473,-1.220,524651853.000
-0.596,1.635,0.044,-30.797,-30.465,-1.228,524651952.000
-0.596,1.637,0.039,-30.767,-30.409,-1.246,524652052.000
-0.594,1.634,0.049,-30.735,-30.437,-1.218,524652152.000
-0.599,1.633,0.041,-30.680,-30.363,-1.217,524652253.000
-0.599,1.631,0.046,-30.640,-30.346,-1.226,524652353.000
-0.601,1.635,0.039,-30.576,-30.309,-1.226,524652453.000
-0.599,1.631,0.037,-30.584,-30.281,-1.225,524652553.000
-0.595,1.628,0.044,-30.530,-30.281,-1.205,524652652.000
-0.595,1.623,0.044,-30.519,-30.257,-1.195,524652752.000
-0.595,1.626,0.039,-30.503,-30.225,-1.186,524652853.000
-0.595,1.623,0.047,-30.437,-30.175,-1.194,524652953.000
-0.597,1.624,0.042,-30.373,-30.178,-1.175,524653052.000
-0.591,1.618,0.044,-30.397,-30.160,-1.183,524653153.000
-0.595,1.620,0.034,-30.327,-30.118,-1.202,524653253.000
-0.597,1.619,0.042,-30.307,-30.056,-1.192,524653353.000
-0.593,1.616,0.042,-30.294,-30.081,-1.173,524653452.000
-0.595,1.612,0.037,-30.248,-30.060,-1.173,524653552.000
-0.593,1.619,0.047,-30.196,-30.015,-1.163,524653653.000
-0.591,1.612,0.037,-30.192,-30.037,-1.171,524653752.000
-0.593,1.611,0.044,-30.159,-29.999,-1.162,524653853.000
-0.585,1.611,0.040,-30.088,-29.993,-1.160,524653952.000
-0.591,1.607,0.039,-30.084,-29.954,-1.160,524654053.000
-0.592,1.604,0.042,-30.072,-29.922,-1.141,524654153.000
-0.589,1.605,0.037,-30.022,-29.926,-1.150,524654251.000
-0.589,1.600,0.037,-30.039,-29.902,-1.168,524654351.000
-0.592,1.601,0.037,-29.976,-29.840,-1.149,524654452.000
-0.583,1.599,0.032,-29.949,-29.883,-1.157,524654552.000
-0.587,1.599,0.032,-29.908,-29.833,-1.157,524654651.000
-0.590,1.595,0.040,-29.931,-29.820,-1.129,524654752.000
-0.592,1.591,0.040,-29.899,-29.758,-1.129,524654851.000
-0.592,1.596,0.035,-29.827,-29.750,-1.138,524654951.000
-0.588,1.593,0.037,-29.814,-29.743,-1.118,524655052.000
-0.588,1.593,0.032,-29.758,-29.710,-1.117,524655151.000
-0.584,1.591,0.042,-29.760,-29.726,-1.126,524655252.000
-0.586,1.595,0.042,-29.710,-29.713,-1.126,524655352.000
-0.584,1.588,0.037,-29.692,-29.694,-1.107,524655453.000
-0.590,1.592,0.040,-29.656,-29.647,-1.107,524655551.000
-0.586,1.589,0.040,-29.629,-29.648,-1.088,524655651.000
-0.584,1.583,0.040,-29.612,-29.612,-1.096,524655751.000
-0.586,1.587,0.033,-29.562,-29.599,-1.124,524655852.000
-0.584,1.578,0.035,-29.601,-29.604,-1.114,524655951.000
-0.582,1.579,0.040,-29.565,-29.600,-1.095,524656053.000
-0.586,1.576,0.035,-29.539,-29.566,-1.104,524656152.000
-0.584,1.580,0.043,-29.462,-29.529,-1.103,524656252.000
-0.582,1.576,0.040,-29.457,-29.526,-1.102,524656351.000
-0.582,1.576,0.035,-29.443,-29.518,-1.130,524656451.000
-0.584,1.572,0.035,-29.438,-29.505,-1.102,524656552.000
-0.584,1.570,0.040,-29.412,-29.464,-1.083,524656652.000
-0.582,1.576,0.035,-29.345,-29.444,-1.046,524656752.000
-0.580,1.572,0.035,-29.340,-29.457,-1.073,524656852.000
-0.580,1.569,0.038,-29.328,-29.424,-1.109,524656951.000
-0.580,1.567,0.035,-29.301,-29.383,-1.062,524657051.000
-0.585,1.569,0.035,-29.259,-29.358,-1.081,524657152.000
-0.578,1.571,0.035,-29.209,-29.371,-1.061,524657252.000
-0.583,1.566,0.038,-29.227,-29.337,-1.052,524657352.000
-0.578,1.565,0.033,-29.170,-29.330,-1.051,524657451.000
-0.576,1.564,0.035,-29.178,-29.359,-1.070,524657551.000
-0.581,1.561,0.033,-29.152,-29.293,-1.079,524657651.000
-0.581,1.556,0.040,-29.169,-29.268,-1.069,524657751.000
-0.579,1.560,0.033,-29.104,-29.257,-1.068,524657851.000
-0.577,1.561,0.036,-29.069,-29.236,-1.077,524657951.000
-0.577,1.559,0.038,-29.029,-29.252,-1.058,524658051.000
-0.572,1.561,0.031,-29.027,-29.254,-1.076,524658152.000
-0.577,1.559,0.041,-29.002,-29.219,-1.057,524658252.000
-0.579,1.552,0.043,-28.999,-29.198,-1.039,524658352.000
-0.577,1.553,0.033,-28.976,-29.171,-1.047,524658451.000
-0.581,1.556,0.031,-28.947,-29.154,-1.039,524658552.000
-0.577,1.548,0.028,-28.979,-29.139,-1.065,524658652.000
-0.577,1.553,0.031,-28.907,-29.130,-1.047,524658752.000
-0.577,1.553,0.038,-28.866,-29.105,-1.046,524658852.000
-0.575,1.552,0.033,-28.873,-29.085,-1.036,524658952.000
-0.577,1.548,0.031,-28.868,-29.057,-1.036,524659052.000
-0.577,1.551,0.036,-28.812,-29.064,-1.027,524659152.000
-0.573,1.545,0.033,-28.800,-29.049,-1.044,524659252.000
-0.575,1.542,0.033,-28.837,-29.012,-1.044,524659352.000
-0.573,1.548,0.041,-28.744,-29.023,-1.034,524659451.000
-0.577,1.545,0.033,-28.732,-28.998,-1.016,524659552.000
-0.573,1.545,0.036,-28.717,-28.967,-1.015,524659651.000
-0.573,1.540,0.031,-28.748,-28.983,-1.033,524659751.000
-0.575,1.541,0.036,-28.713,-28.954,-1.015,524659852.000
-0.575,1.541,0.028,-28.671,-28.930,-1.042,524659952.000
-0.575,1.539,0.031,-28.686,-28.897,-1.023,524660052.000
-0.573,1.535,0.028,-28.653,-28.894,-1.022,524660151.000
-0.573,1.535,0.033,-28.653,-28.877,-0.995,524660252.000
-0.576,1.536,0.026,-28.618,-28.865,-1.004,524660352.000
-0.569,1.537,0.031,-28.569,-28.910,-1.012,524660451.000
-0.571,1.533,0.029,-28.578,-28.857,-1.012,524660551.000
-0.574,1.532,0.038,-28.531,-28.811,-1.002,524660651.000
-0.574,1.532,0.026,-28.558,-28.828,-1.003,524660752.000
-0.574,1.532,0.031,-28.517,-28.787,-1.002,524660852.000
-0.572,1.528,0.033,-28.525,-28.791,-1.001,524660952.000
-0.574,1.532,0.036,-28.462,-28.770,-1.001,524661051.000
-0.570,1.529,0.034,-28.463,-28.755,-1.010,524661152.000
-0.567,1.528,0.029,-28.442,-28.784,-1.028,524661252.000
-0.572,1.528,0.034,-28.415,-28.742,-1.000,524661351.000
-0.572,1.525,0.026,-28.402,-28.742,-0.982,524661452.000
-0.567,1.525,0.029,-28.388,-28.759,-1.009,524661552.000
-0.568,1.528,0.026,-28.317,-28.694,-0.998,524661651.000
-0.570,1.527,0.041,-28.326,-28.680,-0.989,524661751.000
-0.563,1.528,0.034,-28.276,-28.694,-0.997,524661852.000
-0.570,1.524,0.036,-28.258,-28.647,-0.998,524661952.000
-0.568,1.523,0.029,-28.279,-28.637,-0.988,524662051.000
-0.570,1.521,0.036,-28.274,-28.599,-1.006,524662152.000
-0.568,1.520,0.036,-28.253,-28.611,-0.969,524662252.000
-0.568,1.520,0.039,-28.253,-28.579,-0.969,524662352.000
-0.568,1.520,0.031,-28.198,-28.579,-0.996,524662452.000
-0.564,1.515,0.029,-28.227,-28.588,-0.986,524662551.000
-0.566,1.519,0.031,-28.177,-28.543,-0.986,524662651.000
-0.564,1.520,0.031,-28.142,-28.555,-0.967,524662752.000
-0.564,1.512,0.024,-28.187,-28.508,-0.994,524662852.000
-0.568,1.517,0.026,-28.143,-28.522,-0.977,524662952.000
-0.562,1.511,0.029,-28.125,-28.527,-0.984,524663051.000
-0.568,1.515,0.027,-28.076,-28.473,-0.985,524663151.000
-0.566,1.511,0.024,-28.098,-28.470,-0.984,524663252.000
-0.566,1.508,0.024,-28.113,-28.470,-0.966,524663352.000
-0.568,1.512,0.031,-28.077,-28.432,-0.966,524663452.000
-0.564,1.507,0.031,-28.065,-28.433,-0.956,524663551.000
-0.562,1.505,0.027,-28.059,-28.438,-0.974,524663651.000
-0.564,1.509,0.027,-28.009,-28.425,-0.974,524663752.000
-0.564,1.507,0.027,-27.982,-28.400,-0.955,524663852.000
-0.564,1.507,0.027,-27.996,-28.376,-0.955,524663952.000
-0.567,1.500,0.032,-28.007,-28.346,-0.964,524664052.000
-0.556,1.502,0.029,-27.957,-28.418,-0.971,524664152.000
-0.564,1.501,0.024,-27.944,-28.359,-0.972,524664252.000
-0.560,1.501,0.027,-27.957,-28.376,-0.972,524664352.000
-0.562,1.500,0.024,-27.937,-28.348,-0.962,524664452.000
-0.562,1.503,0.027,-27.894,-28.315,-0.953,524664552.000
-0.565,1.499,0.029,-27.904,-28.294,-0.953,524664652.000
-0.565,1.499,0.029,-27.876,-28.293,-0.952,524664751.000
-0.558,1.500,0.027,-27.840,-28.315,-0.961,524664852.000
-0.562,1.503,0.027,-27.839,-28.266,-0.952,524664952.000
-0.558,1.497,0.022,-27.841,-28.308,-0.970,524665052.000
-0.560,1.499,0.027,-27.806,-28.278,-0.951,524665151.000
-0.560,1.499,0.029,-27.779,-28.245,-0.951,524665251.000
-0.560,1.496,0.024,-27.780,-28.237,-0.960,524665352.000
-0.563,1.492,0.024,-27.762,-28.200,-0.959,524665451.000
-0.561,1.493,0.027,-27.740,-28.204,-0.941,524665552.000
-0.558,1.495,0.029,-27.732,-28.184,-0.949,524665652.000
-0.558,1.492,0.027,-27.747,-28.217,-0.931,524665751.000
-0.559,1.489,0.032,-27.721,-28.176,-0.940,524665852.000
-0.556,1.493,0.027,-27.657,-28.180,-0.939,524665952.000
-0.559,1.489,0.025,-27.707,-28.152,-0.967,524666051.000
-0.559,1.487,0.027,-27.681,-28.143,-0.948,524666151.000
-0.561,1.491,0.034,-27.645,-28.106,-0.948,524666251.000
-0.561,1.488,0.029,-27.646,-28.098,-0.929,524666352.000
-0.559,1.489,0.022,-27.638,-28.111,-0.938,524666451.000
-0.559,1.487,0.029,-27.639,-28.086,-0.920,524666551.000
-0.559,1.487,0.025,-27.598,-28.078,-0.947,524666651.000
-0.559,1.487,0.025,-27.571,-28.078,-0.947,524666751.000
-0.554,1.487,0.032,-27.571,-28.103,-0.946,524666851.000
-0.554,1.487,0.022,-27.542,-28.087,-0.918,524666951.000
-0.557,1.488,0.030,-27.508,-28.025,-0.955,524667051.000
-0.557,1.485,0.027,-27.523,-28.057,-0.937,524667151.000
-0.559,1.487,0.032,-27.502,-28.004,-0.918,524667251.000
-0.559,1.481,0.027,-27.504,-28.020,-0.936,524667352.000
-0.561,1.483,0.032,-27.497,-27.991,-0.918,524667452.000
-0.557,1.480,0.030,-27.484,-28.000,-0.926,524667552.000
-0.557,1.485,0.032,-27.440,-27.992,-0.908,524667651.000
-0.553,1.477,0.025,-27.484,-27.969,-0.907,524667751.000
-0.555,1.481,0.032,-27.408,-27.955,-0.934,524667852.000
-0.559,1.481,0.027,-27.408,-27.946,-0.935,524667952.000
-0.555,1.479,0.025,-27.408,-27.932,-0.915,524668052.000
-0.557,1.480,0.025,-27.388,-27.943,-0.953,524668151.000
-0.557,1.475,0.025,-27.376,-27.918,-0.915,524668251.000
-0.555,1.479,0.032,-27.354,-27.930,-0.915,524668351.000
-0.555,1.476,0.025,-27.327,-27.906,-0.924,524668451.000
-0.557,1.477,0.025,-27.347,-27.894,-0.906,524668551.000
-0.551,1.471,0.032,-27.371,-27.907,-0.914,524668652.000
-0.553,1.475,0.027,-27.320,-27.911,-0.914,524668753.000
-0.555,1.471,0.027,-27.316,-27.849,-0.941,524668853.000
-0.551,1.476,0.022,-27.312,-27.892,-0.923,524668952.000
-0.553,1.469,0.027,-27.282,-27.837,-0.904,524669052.000
-0.555,1.471,0.025,-27.288,-27.833,-0.913,524669153.000
-0.555,1.473,0.027,-27.259,-27.825,-0.932,524669252.000
-0.551,1.473,0.025,-27.259,-27.834,-0.931,524669352.000
-0.553,1.467,0.022,-27.255,-27.829,-0.912,524669452.000
-0.551,1.471,0.027,-27.232,-27.825,-0.912,524669552.000
-0.549,1.467,0.025,-27.227,-27.822,-0.912,524669652.000
-0.553,1.467,0.027,-27.242,-27.788,-0.912,524669752.000
-0.553,1.469,0.030,-27.185,-27.780,-0.902,524669852.000
-0.551,1.471,0.025,-27.177,-27.761,-0.884,524669952.000
-0.549,1.469,0.032,-27.157,-27.772,-0.901,524670053.000
-0.549,1.467,0.020,-27.171,-27.741,-0.910,524670152.000
-0.551,1.468,0.033,-27.152,-27.735,-0.920,524670252.000
-0.551,1.463,0.027,-27.153,-27.703,-0.882,524670353.000
-0.554,1.464,0.025,-27.132,-27.699,-0.892,524670452.000
-0.551,1.465,0.025,-27.124,-27.711,-0.901,524670553.000
-0.551,1.463,0.025,-27.126,-27.687,-0.910,524670653.000
-0.551,1.465,0.028,-27.097,-27.678,-0.900,524670752.000
-0.551,1.463,0.020,-27.084,-27.679,-0.909,524670852.000
-0.547,1.460,0.018,-27.099,-27.688,-0.918,524670952.000
-0.554,1.461,0.023,-27.064,-27.633,-0.900,524671052.000
-0.547,1.460,0.028,-27.058,-27.679,-0.918,524671152.000
-0.552,1.462,0.025,-27.043,-27.638,-0.909,524671252.000
-0.547,1.463,0.025,-27.015,-27.663,-0.880,524671353.000
-0.547,1.460,0.025,-27.016,-27.638,-0.889,524671452.000
-0.547,1.460,0.028,-26.989,-27.606,-0.889,524671553.000
-0.552,1.460,0.020,-26.989,-27.581,-0.889,524671652.000
-0.547,1.460,0.030,-27.003,-27.597,-0.889,524671752.000
-0.548,1.455,0.018,-27.005,-27.566,-0.907,524671852.000
-0.545,1.459,0.025,-26.968,-27.602,-0.879,524671953.000
-0.545,1.456,0.025,-26.970,-27.578,-0.888,524672052.000
-0.548,1.455,0.033,-26.950,-27.564,-0.879,524672152.000
-0.548,1.457,0.020,-26.921,-27.557,-0.897,524672253.000
-0.545,1.458,0.018,-26.885,-27.554,-0.878,524672352.000
-0.548,1.455,0.023,-26.922,-27.549,-0.878,524672452.000
-0.546,1.451,0.015,-26.917,-27.513,-0.905,524672552.000
-0.546,1.453,0.023,-26.874,-27.512,-0.896,524672653.000
-0.541,1.451,0.025,-26.889,-27.554,-0.877,524672752.000
-0.543,1.452,0.025,-26.868,-27.517,-0.886,524672852.000
-0.543,1.452,0.020,-26.854,-27.509,-0.886,524672952.000
-0.543,1.447,0.018,-26.884,-27.493,-0.876,524673052.000
-0.544,1.452,0.023,-26.826,-27.476,-0.885,524673153.000
-0.546,1.451,0.023,-26.806,-27.463,-0.876,524673252.000
-0.544,1.449,0.016,-26.813,-27.476,-0.894,524673352.000
-0.548,1.452,0.025,-26.827,-27.466,-0.886,524673452.000
-0.544,1.449,0.025,-26.800,-27.467,-0.866,524673552.000
-0.541,1.451,0.025,-26.778,-27.456,-0.875,524673652.000
-0.548,1.449,0.021,-26.745,-27.409,-0.894,524673752.000
-0.544,1.447,0.018,-26.759,-27.419,-0.875,524673853.000
-0.544,1.447,0.021,-26.746,-27.410,-0.875,524673953.000
-0.546,1.443,0.025,-26.783,-27.405,-0.875,524674052.000
-0.540,1.447,0.023,-26.745,-27.403,-0.874,524674153.000
-0.546,1.445,0.028,-26.754,-27.397,-0.866,524674252.000
-0.548,1.447,0.025,-26.719,-27.368,-0.847,524674353.000
-0.542,1.445,0.028,-26.712,-27.398,-0.865,524674452.000
-0.546,1.443,0.011,-26.713,-27.334,-0.874,524674553.000
-0.546,1.442,0.026,-26.673,-27.307,-0.873,524674652.000
-0.544,1.441,0.026,-26.694,-27.345,-0.864,524674752.000
-0.544,1.439,0.021,-26.695,-27.337,-0.873,524674853.000
-0.544,1.439,0.018,-26.694,-27.321,-0.845,524674952.000
-0.546,1.440,0.023,-26.674,-27.316,-0.855,524675052.000
-0.542,1.435,0.018,-26.676,-27.309,-0.872,524675152.000
-0.544,1.441,0.016,-26.624,-27.304,-0.863,524675252.000
-0.542,1.437,0.023,-26.647,-27.268,-0.863,524675353.000
-0.542,1.442,0.023,-26.603,-27.292,-0.872,524675452.000
-0.544,1.441,0.018,-26.596,-27.272,-0.835,524675552.000
-0.538,1.437,0.021,-26.605,-27.301,-0.862,524675653.000
-0.542,1.437,0.021,-26.619,-27.252,-0.862,524675752.000
-0.540,1.431,0.026,-26.643,-27.272,-0.871,524675853.000
-0.542,1.435,0.026,-26.593,-27.259,-0.844,524675952.000
-0.542,1.440,0.023,-26.563,-27.243,-0.880,524676052.000
-0.540,1.433,0.031,-26.560,-27.230,-0.861,524676152.000
-0.542,1.435,0.026,-26.565,-27.210,-0.843,524676253.000
-0.538,1.437,0.018,-26.549,-27.236,-0.861,524676352.000
-0.547,1.440,0.018,-26.480,-27.185,-0.852,524676452.000
-0.542,1.434,0.021,-26.538,-27.178,-0.870,524676552.000
-0.538,1.432,0.021,-26.552,-27.204,-0.851,524676653.000
-0.542,1.434,0.018,-26.482,-27.162,-0.842,524676752.000
-0.540,1.431,0.023,-26.533,-27.158,-0.869,524676852.000
-0.538,1.434,0.023,-26.455,-27.170,-0.869,524676953.000
-0.538,1.427,0.023,-26.528,-27.170,-0.869,524677052.000
-0.543,1.429,0.023,-26.499,-27.121,-0.832,524677153.000
-0.536,1.433,0.023,-26.407,-27.134,-0.858,524677253.000
-0.540,1.433,0.026,-26.462,-27.125,-0.859,524677353.000
-0.540,1.431,0.023,-26.450,-27.109,-0.841,524677452.000
-0.538,1.434,0.021,-26.441,-27.130,-0.868,524677552.000
-0.538,1.432,0.021,-26.428,-27.130,-0.850,524677652.000
-0.543,1.427,0.016,-26.444,-27.096,-0.841,524677753.000
-0.540,1.428,0.018,-26.436,-27.077,-0.822,524677852.000
-0.540,1.428,0.026,-26.424,-27.100,-0.849,524677952.000
-0.540,1.428,0.016,-26.423,-27.085,-0.877,524678053.000
-0.534,1.424,0.023,-26.432,-27.098,-0.848,524678152.000
-0.536,1.425,0.023,-26.410,-27.061,-0.830,524678252.000
-0.538,1.426,0.016,-26.375,-27.048,-0.867,524678353.000
-0.536,1.425,0.021,-26.369,-27.069,-0.857,524678453.000
-0.534,1.427,0.021,-26.347,-27.057,-0.838,524678552.000
-0.534,1.419,0.023,-26.420,-27.073,-0.839,524678653.000
-0.536,1.425,0.026,-26.342,-27.052,-0.857,524678752.000
-0.534,1.429,0.018,-26.332,-27.041,-0.829,524678853.000
-0.536,1.422,0.016,-26.315,-27.012,-0.865,524678953.000
-0.534,1.421,0.021,-26.322,-27.008,-0.828,524679053.000
-0.536,1.428,0.026,-26.299,-27.003,-0.847,524679153.000
-0.532,1.417,0.021,-26.317,-27.020,-0.855,524679252.000
-0.539,1.421,0.021,-26.282,-26.958,-0.856,524679352.000
-0.537,1.420,0.019,-26.302,-26.979,-0.846,524679453.000
-0.537,1.425,0.016,-26.272,-26.963,-0.828,524679552.000
-0.536,1.420,0.016,-26.289,-26.987,-0.874,524679652.000
-0.534,1.421,0.019,-26.239,-26.943,-0.855,524679753.000
-0.539,1.419,0.019,-26.283,-26.918,-0.837,524679852.000
-0.537,1.420,0.019,-26.247,-26.930,-0.846,524679952.000
-0.532,1.422,0.016,-26.217,-26.964,-0.836,524680051.000
-0.539,1.424,0.024,-26.170,-26.900,-0.845,524680151.000
-0.535,1.413,0.019,-26.244,-26.918,-0.854,524680251.000
-0.532,1.415,0.021,-26.236,-26.947,-0.863,524680352.000
-0.532,1.420,0.016,-26.177,-26.915,-0.817,524680451.000
-0.530,1.416,0.021,-26.186,-26.935,-0.816,524680552.000
-0.535,1.413,0.019,-26.230,-26.894,-0.854,524680652.000
-0.533,1.417,0.029,-26.166,-26.897,-0.853,524680751.000
-0.533,1.412,0.021,-26.168,-26.898,-0.844,524680851.000
-0.535,1.413,0.021,-26.174,-26.861,-0.825,524680952.000
-0.537,1.414,0.019,-26.153,-26.856,-0.835,524681052.000
-0.533,1.412,0.016,-26.167,-26.866,-0.816,524681151.000
-0.533,1.415,0.021,-26.152,-26.849,-0.806,524681252.000
-0.537,1.412,0.021,-26.155,-26.848,-0.844,524681353.000
-0.531,1.413,0.024,-26.133,-26.829,-0.824,524681451.000
-0.535,1.416,0.016,-26.076,-26.828,-0.815,524681551.000
-0.533,1.414,0.016,-26.083,-26.841,-0.806,524681652.000
-0.533,1.414,0.019,-26.084,-26.808,-0.833,524681752.000
-0.535,1.410,0.024,-26.107,-26.827,-0.834,524681852.000
-0.528,1.412,0.021,-26.099,-26.850,-0.842,524681952.000
-0.535,1.408,0.019,-26.108,-26.771,-0.815,524682052.000
-0.533,1.409,0.016,-26.086,-26.792,-0.824,524682151.000
-0.533,1.412,0.014,-26.057,-26.800,-0.814,524682251.000
-0.535,1.410,0.021,-26.065,-26.787,-0.833,524682352.000
-0.531,1.410,0.021,-26.024,-26.788,-0.832,524682452.000
-0.529,1.407,0.016,-26.059,-26.793,-0.832,524682552.000
-0.533,1.409,0.019,-26.045,-26.735,-0.823,524682651.000
-0.533,1.409,0.021,-26.017,-26.751,-0.823,524682752.000
-0.533,1.407,0.016,-26.004,-26.767,-0.804,524682851.000
-0.531,1.405,0.016,-26.026,-26.707,-0.822,524682952.000
-0.533,1.409,0.024,-26.004,-26.694,-0.822,524683052.000
-0.531,1.405,0.014,-26.026,-26.740,-0.822,524683152.000
-0.529,1.412,0.024,-25.947,-26.743,-0.812,524683252.000
-0.531,1.408,0.014,-25.955,-26.739,-0.840,524683351.000
-0.529,1.406,0.019,-25.991,-26.735,-0.831,524683451.000
-0.529,1.406,0.024,-25.977,-26.694,-0.830,524683552.000
-0.529,1.404,0.016,-25.963,-26.695,-0.784,524683652.000
-0.529,1.406,0.014,-25.963,-26.703,-0.830,524683752.000
-0.533,1.404,0.014,-25.923,-26.677,-0.839,524683851.000
-0.529,1.404,0.024,-25.936,-26.694,-0.784,524683952.000
-0.531,1.403,0.021,-25.931,-26.689,-0.802,524684052.000
-0.533,1.401,0.021,-25.925,-26.652,-0.821,524684152.000
-0.531,1.402,0.017,-25.931,-26.657,-0.830,524684252.000
-0.527,1.400,0.016,-25.931,-26.659,-0.811,524684351.000
-0.529,1.401,0.014,-25.938,-26.654,-0.820,524684451.000
-0.531,1.397,0.016,-25.933,-26.609,-0.820,524684552.000
-0.525,1.401,0.014,-25.896,-26.655,-0.847,524684652.000
-0.529,1.396,0.022,-25.914,-26.653,-0.838,524684752.000
-0.531,1.402,0.014,-25.875,-26.592,-0.829,524684851.000
-0.529,1.401,0.012,-25.868,-26.613,-0.819,524684951.000
-0.527,1.402,0.022,-25.820,-26.617,-0.828,524685051.000
-0.529,1.399,0.019,-25.856,-26.612,-0.801,524685152.000
-0.527,1.397,0.016,-25.863,-26.609,-0.791,524685251.000
-0.529,1.399,0.016,-25.884,-26.597,-0.801,524685351.000
-0.529,1.398,0.024,-25.788,-26.571,-0.800,524685451.000
-0.527,1.397,0.019,-25.836,-26.576,-0.791,524685551.000
-0.529,1.398,0.019,-25.801,-26.563,-0.800,524685651.000
-0.531,1.395,0.024,-25.825,-26.583,-0.800,524685751.000
-0.529,1.396,0.019,-25.803,-26.539,-0.809,524685851.000
-0.527,1.400,0.024,-25.766,-26.559,-0.808,524685951.000
-0.529,1.398,0.022,-25.760,-26.555,-0.799,524686051.000
-0.527,1.394,0.014,-25.810,-26.568,-0.827,524686153.000
-0.527,1.397,0.014,-25.753,-26.544,-0.817,524686252.000
-0.529,1.396,0.014,-25.761,-26.531,-0.808,524686353.000
-0.525,1.393,0.019,-25.762,-26.516,-0.789,524686453.000
-0.527,1.392,0.017,-25.783,-26.511,-0.808,524686552.000
-0.527,1.394,0.022,-25.741,-26.494,-0.798,524686653.000
-0.529,1.396,0.024,-25.706,-26.497,-0.807,524686752.000
-0.527,1.394,0.017,-25.741,-26.511,-0.798,524686852.000
-0.527,1.392,0.017,-25.742,-26.487,-0.807,524686952.000
-0.529,1.393,0.022,-25.707,-26.505,-0.789,524687052.000
-0.530,1.388,0.012,-25.751,-26.466,-0.807,524687153.000
-0.527,1.394,0.019,-25.686,-26.478,-0.798,524687253.000
-0.523,1.394,0.019,-25.657,-26.503,-0.797,524687353.000
-0.527,1.394,0.017,-25.672,-26.438,-0.797,524687452.000
-0.523,1.392,0.024,-25.673,-26.486,-0.778,524687553.000
-0.525,1.390,0.017,-25.708,-26.475,-0.797,524687653.000
-0.525,1.388,0.014,-25.668,-26.458,-0.806,524687753.000
-0.519,1.389,0.022,-25.687,-26.496,-0.787,524687853.000
-0.527,1.389,0.012,-25.660,-26.429,-0.815,524687953.000
-0.523,1.389,0.017,-25.632,-26.438,-0.787,524688052.000
-0.525,1.388,0.022,-25.654,-26.433,-0.778,524688153.000
-0.525,1.388,0.017,-25.668,-26.426,-0.778,524688252.000
-0.523,1.386,0.014,-25.647,-26.422,-0.796,524688352.000
-0.528,1.386,0.017,-25.648,-26.413,-0.796,524688452.000
-0.525,1.385,0.014,-25.669,-26.385,-0.814,524688553.000
-0.523,1.386,0.017,-25.620,-26.389,-0.795,524688652.000
-0.525,1.393,0.019,-25.583,-26.392,-0.814,524688752.000
-0.528,1.381,0.017,-25.651,-26.364,-0.786,524688853.000
-0.523,1.384,0.012,-25.621,-26.382,-0.777,524688953.000
-0.523,1.389,0.009,-25.577,-26.390,-0.814,524689052.000
-0.523,1.392,0.019,-25.548,-26.381,-0.804,524689152.000
-0.528,1.386,0.022,-25.579,-26.371,-0.768,524689252.000
-0.519,1.384,0.014,-25.579,-26.398,-0.776,524689352.000
-0.519,1.386,0.019,-25.564,-26.382,-0.794,524689453.000
-0.523,1.389,0.012,-25.521,-26.357,-0.785,524689552.000
-0.523,1.384,0.009,-25.565,-26.365,-0.776,524689653.000
-0.528,1.384,0.012,-25.539,-26.307,-0.804,524689752.000
-0.521,1.385,0.024,-25.531,-26.328,-0.784,524689853.000
-0.524,1.384,0.022,-25.539,-26.348,-0.776,524689953.000
-0.521,1.382,0.019,-25.518,-26.344,-0.794,524690052.000
-0.526,1.382,0.017,-25.533,-26.327,-0.794,524690153.000
-0.524,1.381,0.015,-25.526,-26.299,-0.812,524690253.000
-0.521,1.382,0.022,-25.519,-26.311,-0.821,524690352.000
-0.521,1.377,0.007,-25.534,-26.337,-0.784,524690452.000
-0.522,1.382,0.019,-25.490,-26.295,-0.765,524690553.000
-0.524,1.384,0.014,-25.455,-26.299,-0.775,524690652.000
-0.522,1.382,0.022,-25.477,-26.287,-0.793,524690753.000
-0.524,1.384,0.012,-25.455,-26.283,-0.775,524690852.000
-0.522,1.382,0.022,-25.463,-26.262,-0.792,524690953.000
-0.524,1.381,0.019,-25.498,-26.234,-0.784,524691053.000
-0.519,1.381,0.015,-25.470,-26.276,-0.783,524691153.000
-0.522,1.380,0.017,-25.423,-26.279,-0.801,524691253.000
-0.526,1.380,0.014,-25.451,-26.238,-0.774,524691352.000
-0.522,1.382,0.017,-25.449,-26.255,-0.792,524691452.000
-0.520,1.376,0.022,-25.459,-26.251,-0.773,524691552.000
-0.520,1.378,0.014,-25.443,-26.251,-0.764,524691653.000
-0.522,1.382,0.014,-25.421,-26.239,-0.764,524691752.000
-0.522,1.380,0.012,-25.450,-26.247,-0.801,524691852.000
-0.517,1.382,0.012,-25.379,-26.224,-0.763,524691952.000
-0.526,1.377,0.019,-25.411,-26.172,-0.782,524692053.000
-0.522,1.377,0.012,-25.410,-26.198,-0.782,524692153.000
-0.520,1.373,0.020,-25.419,-26.186,-0.781,524692252.000
-0.522,1.380,0.012,-25.395,-26.198,-0.801,524692352.000
-0.520,1.378,0.012,-25.402,-26.211,-0.791,524692452.000
-0.520,1.378,0.012,-25.375,-26.210,-0.791,524692553.000
-0.524,1.376,0.012,-25.404,-26.161,-0.773,524692652.000
-0.522,1.377,0.017,-25.383,-26.181,-0.782,524692753.000
-0.518,1.374,0.015,-25.383,-26.166,-0.762,524692852.000
-0.520,1.376,0.015,-25.363,-26.178,-0.800,524692953.000
-0.518,1.374,0.012,-25.397,-26.175,-0.763,524693052.000
-0.520,1.373,0.020,-25.378,-26.161,-0.781,524693152.000
-0.522,1.374,0.022,-25.329,-26.140,-0.762,524693253.000
-0.522,1.377,0.015,-25.341,-26.141,-0.781,524693353.000
-0.518,1.374,0.020,-25.315,-26.125,-0.789,524693453.000
-0.518,1.372,0.010,-25.357,-26.158,-0.799,524693552.000
-0.520,1.373,0.012,-25.336,-26.137,-0.780,524693653.000
-0.518,1.374,0.017,-25.315,-26.157,-0.789,524693752.000
-0.520,1.373,0.017,-25.309,-26.120,-0.780,524693852.000
-0.518,1.372,0.010,-25.315,-26.134,-0.771,524693952.000
-0.518,1.372,0.015,-25.316,-26.117,-0.798,524694053.000
-0.520,1.373,0.017,-25.295,-26.096,-0.780,524694153.000
-0.520,1.373,0.012,-25.281,-26.088,-0.780,524694252.000
-0.518,1.369,0.020,-25.304,-26.100,-0.779,524694352.000
-0.522,1.369,0.017,-25.276,-26.058,-0.779,524694453.000
-0.518,1.372,0.017,-25.274,-26.108,-0.770,524694553.000
-0.518,1.372,0.012,-25.274,-26.076,-0.798,524694652.000
-0.516,1.375,0.017,-25.224,-26.072,-0.797,524694753.000
-0.518,1.369,0.007,-25.275,-26.069,-0.807,524694852.000
-0.516,1.368,0.020,-25.269,-26.088,-0.769,524694952.000
-0.518,1.366,0.017,-25.263,-26.035,-0.760,524695052.000
-0.516,1.368,0.017,-25.269,-26.072,-0.769,524695152.000
-0.516,1.368,0.012,-25.255,-26.064,-0.797,524695252.000
-0.518,1.366,0.015,-25.250,-26.043,-0.788,524695352.000
-0.516,1.368,0.012,-25.228,-26.064,-0.796,524695453.000
-0.518,1.366,0.015,-25.249,-25.995,-0.759,524695552.000
-0.516,1.368,0.017,-25.228,-26.047,-0.796,524695652.000
-0.516,1.368,0.017,-25.200,-25.999,-0.768,524695753.000
-0.516,1.368,0.012,-25.200,-26.015,-0.768,524695852.000
-0.514,1.366,0.015,-25.221,-26.020,-0.786,524695952.000
-0.516,1.365,0.010,-25.215,-26.000,-0.777,524696052.000
-0.516,1.368,0.012,-25.172,-26.015,-0.768,524696152.000
-0.514,1.364,0.017,-25.209,-26.036,-0.768,524696253.000
-0.514,1.366,0.012,-25.194,-26.004,-0.786,524696353.000
-0.514,1.364,0.015,-25.209,-26.020,-0.768,524696453.000
-0.514,1.364,0.017,-25.181,-25.987,-0.767,524696553.000
-0.512,1.367,0.020,-25.117,-25.991,-0.794,524696652.000
-0.514,1.361,0.015,-25.183,-25.995,-0.804,524696752.000
-0.516,1.362,0.017,-25.203,-25.950,-0.786,524696852.000
-0.514,1.366,0.017,-25.166,-25.987,-0.786,524696952.000
-0.516,1.365,0.007,-25.159,-25.935,-0.776,524697053.000
-0.516,1.360,0.015,-25.163,-25.934,-0.767,524697153.000
-0.516,1.362,0.007,-25.147,-25.934,-0.785,524697253.000
-0.514,1.361,0.017,-25.155,-25.962,-0.748,524697352.000
-0.512,1.365,0.017,-25.146,-25.951,-0.776,524697453.000
-0.514,1.364,0.020,-25.154,-25.954,-0.767,524697552.000
-0.516,1.365,0.017,-25.133,-25.901,-0.776,524697653.000
-0.512,1.365,0.013,-25.077,-25.943,-0.775,524697753.000
-0.514,1.361,0.012,-25.141,-25.954,-0.776,524697852.000
-0.514,1.364,0.020,-25.126,-25.905,-0.766,524697953.000
-0.510,1.366,0.017,-25.096,-25.939,-0.757,524698053.000
-0.514,1.361,0.013,-25.086,-25.905,-0.775,524698153.000
-0.514,1.361,0.017,-25.086,-25.889,-0.747,524698253.000
-0.508,1.362,0.018,-25.078,-25.927,-0.783,524698353.000
-0.519,1.361,0.015,-25.086,-25.847,-0.775,524698452.000
-0.514,1.356,0.015,-25.102,-25.897,-0.765,524698553.000
-0.510,1.356,0.017,-25.088,-25.914,-0.765,524698653.000
-0.514,1.361,0.015,-25.072,-25.849,-0.747,524698753.000
-0.516,1.360,0.008,-25.065,-25.861,-0.766,524698852.000
-0.512,1.362,0.013,-25.050,-25.869,-0.783,524698952.000
-0.514,1.358,0.013,-25.073,-25.857,-0.784,524699053.000
-0.516,1.360,0.013,-25.038,-25.844,-0.765,524699152.000
-0.512,1.362,0.018,-25.037,-25.828,-0.783,524699253.000
-0.512,1.360,0.013,-25.024,-25.845,-0.764,524699352.000
-0.512,1.354,0.010,-25.082,-25.829,-0.783,524699453.000
-0.512,1.357,0.015,-25.039,-25.861,-0.774,524699552.000
-0.512,1.357,0.015,-25.026,-25.836,-0.773,524699653.000
-0.512,1.357,0.010,-25.039,-25.829,-0.773,524699752.000
-0.512,1.360,0.018,-24.997,-25.828,-0.764,524699853.000
-0.512,1.357,0.015,-25.026,-25.836,-0.801,524699952.000
-0.514,1.361,0.018,-24.976,-25.791,-0.773,524700053.000
-0.512,1.357,0.015,-25.012,-25.812,-0.773,524700153.000
-0.512,1.357,0.015,-24.998,-25.788,-0.745,524700253.000
-0.510,1.356,0.013,-24.992,-25.808,-0.791,524700353.000
-0.510,1.353,0.015,-25.007,-25.776,-0.772,524700453.000
-0.510,1.353,0.010,-24.979,-25.792,-0.772,524700552.000
-0.508,1.354,0.013,-24.985,-25.797,-0.781,524700653.000
-0.510,1.353,0.013,-25.006,-25.760,-0.772,524700752.000
-0.512,1.354,0.013,-24.944,-25.747,-0.781,524700852.000
-0.508,1.354,0.020,-24.971,-25.772,-0.753,524700952.000
-0.512,1.354,0.020,-24.944,-25.746,-0.753,524701053.000
-0.510,1.350,0.010,-24.980,-25.768,-0.781,524701153.000
-0.515,1.355,0.018,-24.937,-25.717,-0.763,524701252.000
-0.508,1.359,0.013,-24.941,-25.772,-0.763,524701353.000
-0.513,1.352,0.018,-24.959,-25.730,-0.762,524701452.000
-0.513,1.354,0.015,-24.917,-25.714,-0.781,524701552.000
-0.510,1.348,0.013,-24.968,-25.735,-0.762,524701652.000
-0.510,1.353,0.013,-24.910,-25.735,-0.771,524701752.000
-0.506,1.355,0.010,-24.921,-25.745,-0.762,524701853.000
-0.508,1.349,0.010,-24.946,-25.707,-0.771,524701953.000
-0.508,1.352,0.015,-24.917,-25.715,-0.761,524702052.000
-0.506,1.353,0.015,-24.881,-25.728,-0.743,524702152.000
-0.510,1.353,0.013,-24.896,-25.710,-0.771,524702253.000
-0.506,1.348,0.015,-24.939,-25.728,-0.733,524702353.000
-0.508,1.352,0.010,-24.875,-25.707,-0.761,524702452.000
-0.508,1.352,0.023,-24.904,-25.690,-0.761,524702553.000
-0.508,1.349,0.010,-24.891,-25.658,-0.770,524702653.000
-0.508,1.351,0.013,-24.862,-25.699,-0.761,524702753.000
-0.511,1.350,0.013,-24.856,-25.661,-0.751,524702853.000
-0.510,1.348,0.010,-24.898,-25.694,-0.761,524702953.000
-0.508,1.351,0.013,-24.848,-25.674,-0.761,524703053.000
-0.515,1.348,0.015,-24.885,-25.628,-0.733,524703152.000
-0.511,1.345,0.010,-24.886,-25.646,-0.742,524703253.000
-0.506,1.345,0.015,-24.872,-25.678,-0.769,524703352.000
-0.506,1.348,0.013,-24.843,-25.687,-0.760,524703452.000
-0.511,1.347,0.013,-24.830,-25.637,-0.760,524703554.000
-0.506,1.348,0.013,-24.857,-25.663,-0.760,524703654.000
-0.511,1.347,0.010,-24.829,-25.621,-0.760,524703754.000
-0.511,1.350,0.013,-24.828,-25.613,-0.751,524703854.000
-0.509,1.349,0.018,-24.822,-25.633,-0.741,524703954.000
-0.506,1.347,0.015,-24.788,-25.654,-0.759,524704054.000
-0.509,1.349,0.015,-24.794,-25.617,-0.769,524704154.000
-0.506,1.342,0.018,-24.819,-25.621,-0.777,524704253.000
-0.509,1.346,0.013,-24.810,-25.601,-0.778,524704353.000
-0.509,1.349,0.015,-24.808,-25.593,-0.769,524704453.000
-0.509,1.344,0.015,-24.825,-25.568,-0.759,524704554.000
-0.506,1.345,0.010,-24.817,-25.598,-0.768,524704653.000
-0.507,1.345,0.018,-24.790,-25.597,-0.768,524704754.000
-0.509,1.344,0.013,-24.797,-25.552,-0.759,524704854.000
-0.509,1.344,0.010,-24.797,-25.585,-0.759,524704953.000
-0.507,1.340,0.020,-24.806,-25.588,-0.731,524705053.000
-0.509,1.346,0.011,-24.768,-25.560,-0.805,524705154.000
-0.507,1.347,0.013,-24.760,-25.589,-0.759,524705254.000
-0.505,1.341,0.013,-24.770,-25.553,-0.739,524705354.000
-0.509,1.343,0.013,-24.769,-25.552,-0.758,524705453.000
-0.504,1.344,0.010,-24.755,-25.585,-0.758,524705553.000
-0.502,1.347,0.008,-24.745,-25.558,-0.758,524705654.000
-0.507,1.340,0.010,-24.778,-25.524,-0.758,524705754.000
-0.502,1.342,0.008,-24.762,-25.582,-0.748,524705852.000
-0.507,1.345,0.015,-24.734,-25.580,-0.767,524705953.000
-0.504,1.344,0.013,-24.754,-25.553,-0.730,524706052.000
-0.505,1.341,0.011,-24.742,-25.537,-0.767,524706153.000
-0.505,1.338,0.010,-24.757,-25.537,-0.748,524706252.000
-0.507,1.345,0.008,-24.734,-25.532,-0.767,524706353.000
-0.505,1.343,0.018,-24.714,-25.512,-0.757,524706453.000
-0.507,1.340,0.008,-24.764,-25.532,-0.758,524706552.000
-0.507,1.342,0.015,-24.708,-25.507,-0.748,524706652.000
-0.505,1.338,0.011,-24.730,-25.488,-0.775,524706753.000
-0.509,1.343,0.020,-24.701,-25.478,-0.757,524706853.000
-0.509,1.343,0.011,-24.686,-25.486,-0.757,524706953.000
-0.507,1.339,0.018,-24.737,-25.450,-0.757,524707053.000
-0.505,1.341,0.013,-24.687,-25.503,-0.766,524707152.000
-0.505,1.341,0.006,-24.687,-25.504,-0.766,524707252.000
-0.502,1.342,0.008,-24.665,-25.509,-0.747,524707352.000
-0.505,1.341,0.015,-24.660,-25.471,-0.738,524707453.000
-0.503,1.339,0.008,-24.667,-25.484,-0.756,524707553.000
-0.507,1.339,0.011,-24.681,-25.450,-0.756,524707653.000
-0.505,1.341,0.018,-24.646,-25.462,-0.737,524707752.000
-0.505,1.336,0.013,-24.662,-25.454,-0.756,524707852.000
-0.500,1.338,0.006,-24.674,-25.481,-0.746,524707953.000
-0.505,1.343,0.008,-24.630,-25.447,-0.756,524708052.000
-0.505,1.336,0.016,-24.676,-25.446,-0.756,524708152.000
-0.505,1.336,0.016,-24.649,-25.446,-0.756,524708252.000
-0.503,1.334,0.016,-24.642,-25.434,-0.746,524708352.000
-0.505,1.338,0.013,-24.606,-25.430,-0.746,524708452.000
-0.505,1.336,0.008,-24.662,-25.423,-0.728,524708553.000
-0.505,1.336,0.018,-24.649,-25.414,-0.728,524708654.000
-0.501,1.336,0.018,-24.648,-25.439,-0.755,524708752.000
-0.503,1.337,0.013,-24.599,-25.467,-0.737,524708852.000
-0.505,1.336,0.015,-24.648,-25.398,-0.728,524708952.000
-0.507,1.334,0.018,-24.615,-25.376,-0.746,524709053.000
-0.505,1.338,0.016,-24.565,-25.373,-0.773,524709152.000
-0.503,1.339,0.011,-24.597,-25.427,-0.727,524709253.000
-0.499,1.337,0.016,-24.585,-25.387,-0.735,524709353.000
-0.503,1.337,0.011,-24.599,-25.402,-0.764,524709453.000
-0.501,1.335,0.013,-24.579,-25.431,-0.754,524709553.000
-0.503,1.334,0.016,-24.587,-25.385,-0.745,524709652.000
-0.501,1.333,0.013,-24.580,-25.406,-0.735,524709753.000
-0.505,1.333,0.013,-24.594,-25.357,-0.736,524709853.000
-0.503,1.337,0.016,-24.572,-25.385,-0.736,524709952.000
-0.509,1.338,0.021,-24.538,-25.330,-0.745,524710052.000
-0.501,1.335,0.013,-24.537,-25.358,-0.726,524710153.000
-0.503,1.334,0.011,-24.573,-25.378,-0.745,524710253.000
-0.503,1.329,0.013,-24.617,-25.369,-0.763,524710352.000
-0.499,1.329,0.008,-24.588,-25.363,-0.735,524710452.000
-0.505,1.333,0.011,-24.580,-25.365,-0.736,524710553.000
-0.501,1.335,0.011,-24.551,-25.366,-0.754,524710653.000
-0.501,1.330,0.011,-24.595,-25.342,-0.744,524710753.000
-0.501,1.333,0.013,-24.553,-25.357,-0.763,524710852.000
-0.499,1.329,0.011,-24.548,-25.354,-0.762,524710953.000
-0.499,1.329,0.016,-24.562,-25.362,-0.762,524711052.000
-0.505,1.330,0.011,-24.541,-25.316,-0.744,524711152.000
-0.499,1.331,0.013,-24.505,-25.321,-0.752,524711252.000
-0.501,1.330,0.016,-24.540,-25.325,-0.744,524711352.000
-0.501,1.330,0.013,-24.526,-25.333,-0.744,524711453.000
-0.501,1.333,0.013,-24.484,-25.333,-0.734,524711552.000
-0.499,1.331,0.018,-24.505,-25.305,-0.752,524711653.000
-0.499,1.329,0.016,-24.507,-25.313,-0.761,524711752.000
-0.501,1.335,0.013,-24.496,-25.284,-0.725,524711853.000
-0.505,1.327,0.011,-24.528,-25.267,-0.753,524711953.000
-0.503,1.331,0.011,-24.464,-25.255,-0.752,524712053.000
-0.503,1.331,0.013,-24.505,-25.247,-0.725,524712153.000
-0.501,1.327,0.013,-24.486,-25.284,-0.752,524712252.000
