0.039,-0.073,-0.102,2.187,1.481,0.177,523452431.000
0.032,-0.074,-0.095,2.164,1.544,0.186,523452530.000
0.036,-0.079,-0.099,2.176,1.527,0.168,523452630.000
0.030,-0.070,-0.102,2.187,1.557,0.158,523452730.000
0.032,-0.074,-0.092,2.178,1.553,0.186,523452830.000
0.034,-0.076,-0.094,2.170,1.556,0.168,523452930.000
0.034,-0.073,-0.092,2.199,1.516,0.177,523453030.000
0.032,-0.077,-0.094,2.162,1.520,0.149,523453130.000
0.036,-0.074,-0.094,2.192,1.519,0.187,523453230.000
0.032,-0.074,-0.097,2.206,1.537,0.186,523453329.000
0.034,-0.070,-0.092,2.200,1.540,0.159,523453430.000
0.034,-0.076,-0.097,2.184,1.499,0.168,523453530.000
0.037,-0.074,-0.094,2.178,1.495,0.159,523453630.000
0.041,-0.079,-0.099,2.190,1.526,0.169,523453730.000
0.034,-0.070,-0.097,2.174,1.523,0.186,523453830.000
0.030,-0.070,-0.095,2.187,1.509,0.185,523453930.000
0.036,-0.077,-0.099,2.164,1.527,0.177,523454029.000
0.034,-0.073,-0.094,2.199,1.532,0.177,523454130.000
0.032,-0.074,-0.097,2.150,1.536,0.158,523454230.000
0.037,-0.074,-0.097,2.220,1.487,0.187,523454330.000
0.037,-0.077,-0.099,2.149,1.502,0.149,523454430.000
0.034,-0.073,-0.107,2.200,1.515,0.149,523454529.000
0.034,-0.078,-0.100,2.142,1.515,0.186,523454630.000
0.036,-0.077,-0.099,2.136,1.526,0.177,523454730.000
0.036,-0.077,-0.097,2.163,1.511,0.177,523454830.000
0.034,-0.078,-0.097,2.128,1.523,0.186,523454929.000
0.034,-0.076,-0.097,2.170,1.524,0.168,523455030.000
0.030,-0.073,-0.092,2.171,1.541,0.176,523455130.000
0.037,-0.077,-0.099,2.150,1.502,0.177,523455229.000
0.034,-0.078,-0.104,2.156,1.474,0.186,523455330.000
0.037,-0.074,-0.104,2.179,1.510,0.159,523455430.000
0.034,-0.068,-0.102,2.203,1.531,0.168,523455529.000
0.034,-0.076,-0.099,2.157,1.515,0.168,523455629.000
0.030,-0.073,-0.095,2.199,1.557,0.204,523455729.000
0.032,-0.077,-0.097,2.135,1.536,0.177,523455830.000
0.032,-0.074,-0.107,2.151,1.503,0.158,523455930.000
0.032,-0.077,-0.102,2.177,1.544,0.177,523456029.000
0.032,-0.077,-0.097,2.163,1.488,0.176,523456130.000
0.030,-0.076,-0.095,2.156,1.509,0.167,523456229.000
0.030,-0.076,-0.092,2.170,1.517,0.167,523456329.000
0.028,-0.074,-0.095,2.136,1.521,0.185,523456430.000
0.032,-0.072,-0.099,2.165,1.504,0.139,523456529.000
0.032,-0.074,-0.095,2.136,1.496,0.185,523456630.000
0.032,-0.074,-0.102,2.178,1.520,0.186,523456730.000
0.030,-0.073,-0.092,2.143,1.493,0.176,523456830.000
0.032,-0.072,-0.095,2.166,1.520,0.195,523456930.000
0.034,-0.075,-0.099,2.143,1.491,0.167,523457030.000
0.032,-0.072,-0.099,2.138,1.503,0.167,523457130.000
0.034,-0.076,-0.099,2.129,1.515,0.140,523457229.000
0.034,-0.073,-0.097,2.117,1.499,0.204,523457329.000
0.034,-0.076,-0.092,2.156,1.516,0.168,523457430.000
0.037,-0.072,-0.094,2.166,1.446,0.167,523457530.000
0.034,-0.070,-0.095,2.173,1.507,0.186,523457630.000
0.034,-0.073,-0.092,2.158,1.491,0.176,523457729.000
0.034,-0.073,-0.097,2.144,1.499,0.176,523457830.000
0.032,-0.077,-0.097,2.108,1.487,0.176,523457929.000
0.034,-0.070,-0.097,2.159,1.499,0.158,523458030.000
0.030,-0.070,-0.104,2.159,1.475,0.157,523458129.000
0.034,-0.073,-0.102,2.159,1.507,0.177,523458229.000
0.037,-0.069,-0.102,2.154,1.445,0.148,523458330.000
0.032,-0.072,-0.102,2.124,1.495,0.139,523458430.000
0.030,-0.068,-0.102,2.160,1.532,0.139,523458530.000
0.037,-0.074,-0.099,2.151,1.478,0.158,523458630.000
0.034,-0.070,-0.097,2.118,1.523,0.158,523458729.000
0.032,-0.077,-0.100,2.108,1.503,0.176,523458830.000
0.030,-0.075,-0.105,2.116,1.499,0.194,523458930.000
0.037,-0.072,-0.097,2.125,1.486,0.167,523459029.000
0.032,-0.074,-0.102,2.109,1.495,0.185,523459130.000
0.032,-0.074,-0.095,2.095,1.471,0.157,523459230.000
0.032,-0.072,-0.099,2.138,1.503,0.167,523459330.000
0.034,-0.075,-0.104,2.143,1.474,0.167,523459430.000
0.030,-0.073,-0.100,2.116,1.492,0.175,523459529.000
0.030,-0.075,-0.097,2.115,1.500,0.194,523459630.000
0.030,-0.070,-0.102,2.118,1.483,0.157,523459730.000
0.035,-0.073,-0.099,2.089,1.466,0.148,523459829.000
0.030,-0.070,-0.095,2.145,1.484,0.157,523459930.000
0.028,-0.066,-0.100,2.112,1.480,0.156,523460029.000
0.032,-0.072,-0.095,2.096,1.447,0.166,523460130.000
0.030,-0.070,-0.104,2.118,1.499,0.157,523460230.000
0.032,-0.066,-0.095,2.140,1.471,0.157,523460330.000
0.035,-0.068,-0.102,2.120,1.433,0.166,523460429.000
0.032,-0.074,-0.095,2.067,1.422,0.156,523460530.000
0.030,-0.073,-0.097,2.075,1.451,0.175,523460629.000
0.032,-0.066,-0.095,2.126,1.447,0.157,523460729.000
0.035,-0.070,-0.097,2.076,1.401,0.156,523460829.000
0.030,-0.070,-0.102,2.021,1.409,0.155,523460929.000
0.032,-0.074,-0.092,2.081,1.431,0.157,523461029.000
0.035,-0.068,-0.100,2.106,1.393,0.166,523461129.000
0.035,-0.073,-0.097,2.075,1.426,0.148,523461229.000
0.035,-0.068,-0.102,2.120,1.385,0.166,523461329.000
0.033,-0.066,-0.095,2.072,1.398,0.184,523461430.000
0.033,-0.069,-0.097,2.097,1.390,0.147,523461529.000
0.033,-0.071,-0.095,2.069,1.398,0.165,523461629.000
0.033,-0.066,-0.100,2.113,1.357,0.156,523461730.000
0.033,-0.074,-0.100,2.040,1.357,0.156,523461829.000
0.031,-0.065,-0.095,2.064,1.338,0.146,523461930.000
0.031,-0.068,-0.095,2.077,1.338,0.137,523462029.000
0.026,-0.068,-0.097,2.063,1.355,0.164,523462130.000
0.028,-0.066,-0.095,2.071,1.375,0.155,523462231.000
0.024,-0.069,-0.097,2.027,1.367,0.145,523462330.000
0.028,-0.069,-0.095,2.028,1.326,0.173,523462431.000
0.029,-0.066,-0.100,2.071,1.310,0.155,523462531.000
0.031,-0.070,-0.100,2.035,1.321,0.155,523462630.000
0.031,-0.068,-0.097,2.022,1.305,0.136,523462731.000
0.028,-0.064,-0.095,2.058,1.326,0.164,523462831.000
0.028,-0.071,-0.095,2.013,1.326,0.164,523462931.000
0.031,-0.067,-0.097,2.036,1.281,0.164,523463030.000
0.029,-0.069,-0.095,2.028,1.277,0.173,523463131.000
0.029,-0.069,-0.100,2.000,1.261,0.144,523463231.000
0.028,-0.069,-0.087,2.013,1.302,0.145,523463330.000
0.031,-0.070,-0.100,1.979,1.272,0.154,523463430.000
0.029,-0.064,-0.097,2.031,1.293,0.163,523463530.000
0.029,-0.063,-0.095,2.017,1.253,0.190,523463631.000
0.027,-0.062,-0.095,2.038,1.241,0.181,523463730.000
0.027,-0.062,-0.100,2.011,1.273,0.181,523463830.000
0.026,-0.065,-0.102,1.995,1.289,0.144,523463930.000
0.027,-0.065,-0.100,1.982,1.249,0.171,523464030.000
0.031,-0.060,-0.097,1.999,1.231,0.162,523464131.000
0.031,-0.060,-0.095,2.026,1.216,0.163,523464231.000
0.029,-0.066,-0.095,1.974,1.253,0.153,523464331.000
0.027,-0.065,-0.100,1.968,1.273,0.171,523464431.000
0.027,-0.062,-0.097,1.955,1.208,0.125,523464531.000
0.027,-0.062,-0.090,1.968,1.233,0.153,523464631.000
0.029,-0.061,-0.100,1.977,1.236,0.144,523464730.000
0.027,-0.062,-0.090,1.968,1.233,0.153,523464830.000
0.024,-0.063,-0.090,1.961,1.246,0.162,523464931.000
0.029,-0.061,-0.097,1.949,1.219,0.143,523465030.000
0.027,-0.062,-0.097,1.969,1.232,0.153,523465131.000
0.025,-0.061,-0.097,1.963,1.221,0.170,523465231.000
0.033,-0.063,-0.100,1.907,1.210,0.134,523465330.000
0.024,-0.061,-0.095,1.962,1.253,0.143,523465431.000
0.027,-0.060,-0.092,1.956,1.249,0.134,523465530.000
0.024,-0.061,-0.097,1.921,1.245,0.115,523465630.000
0.027,-0.060,-0.095,1.956,1.265,0.134,523465730.000
0.027,-0.060,-0.095,1.929,1.264,0.162,523465831.000
0.031,-0.060,-0.092,1.929,1.223,0.134,523465930.000
0.031,-0.062,-0.092,1.914,1.223,0.125,523466030.000
0.029,-0.066,-0.092,1.905,1.260,0.153,523466131.000
0.029,-0.063,-0.100,1.879,1.235,0.134,523466231.000
0.031,-0.067,-0.102,1.884,1.238,0.134,523466330.000
0.033,-0.061,-0.090,1.880,1.218,0.143,523466430.000
0.027,-0.065,-0.097,1.871,1.280,0.115,523466530.000
0.029,-0.058,-0.095,1.895,1.227,0.152,523466631.000
0.029,-0.058,-0.100,1.909,1.235,0.125,523466731.000
0.033,-0.061,-0.100,1.867,1.209,0.143,523466830.000
0.031,-0.057,-0.092,1.889,1.223,0.143,523466931.000
0.033,-0.061,-0.100,1.853,1.233,0.143,523467031.000
0.029,-0.058,-0.095,1.895,1.276,0.152,523467130.000
0.029,-0.058,-0.097,1.868,1.243,0.152,523467231.000
0.033,-0.058,-0.102,1.855,1.225,0.125,523467330.000
0.031,-0.062,-0.095,1.872,1.263,0.125,523467431.000
0.031,-0.060,-0.092,1.860,1.247,0.134,523467530.000
0.035,-0.060,-0.097,1.875,1.229,0.134,523467630.000
0.031,-0.057,-0.095,1.862,1.238,0.143,523467730.000
0.031,-0.062,-0.097,1.832,1.254,0.152,523467830.000
0.029,-0.058,-0.092,1.840,1.259,0.124,523467930.000
0.031,-0.062,-0.097,1.818,1.230,0.152,523468031.000
0.031,-0.054,-0.095,1.917,1.215,0.097,523468130.000
0.027,-0.057,-0.095,1.833,1.263,0.142,523468231.000
0.029,-0.056,-0.090,1.868,1.268,0.134,523468330.000
0.031,-0.060,-0.097,1.847,1.254,0.134,523468431.000
0.029,-0.061,-0.100,1.811,1.234,0.115,523468530.000
0.029,-0.058,-0.105,1.813,1.290,0.124,523468630.000
0.027,-0.060,-0.100,1.805,1.271,0.133,523468730.000
0.029,-0.061,-0.097,1.811,1.267,0.143,523468830.000
0.029,-0.056,-0.095,1.827,1.275,0.133,523468930.000
0.027,-0.057,-0.097,1.833,1.279,0.115,523469030.000
0.031,-0.057,-0.087,1.819,1.263,0.115,523469130.000
0.029,-0.058,-0.095,1.799,1.299,0.152,523469230.000
0.026,-0.057,-0.092,1.806,1.296,0.142,523469330.000
0.031,-0.062,-0.095,1.776,1.286,0.152,523469430.000
0.029,-0.058,-0.095,1.798,1.299,0.124,523469530.000
0.033,-0.058,-0.095,1.799,1.274,0.125,523469630.000
0.031,-0.057,-0.092,1.779,1.319,0.143,523469730.000
0.031,-0.057,-0.095,1.792,1.310,0.115,523469831.000
0.033,-0.058,-0.102,1.759,1.297,0.152,523469931.000
0.031,-0.057,-0.092,1.792,1.294,0.115,523470030.000
0.031,-0.060,-0.100,1.778,1.342,0.134,523470130.000
0.033,-0.056,-0.095,1.787,1.322,0.134,523470231.000
0.029,-0.056,-0.092,1.800,1.307,0.133,523470331.000
0.035,-0.059,-0.095,1.737,1.309,0.134,523470430.000
0.031,-0.060,-0.095,1.764,1.383,0.134,523470531.000
0.035,-0.054,-0.090,1.766,1.325,0.125,523470630.000
0.018,-0.052,-0.085,1.917,1.154,0.131,523470730.000
0.031,-0.057,-0.092,1.875,1.198,0.143,523470831.000
0.023,-0.049,-0.092,1.809,1.006,0.139,523470930.000
0.013,-0.042,-0.093,1.679,0.728,0.115,523471030.000
0.012,-0.030,-0.090,1.567,0.311,0.083,523471130.000
-0.010,-0.020,-0.086,1.381,-0.286,0.063,523471230.000
-0.019,-0.006,-0.091,1.146,-0.945,0.035,523471331.000
-0.038,0.005,-0.086,0.940,-1.555,0.007,523471430.000
-0.051,0.033,-0.087,0.682,-2.295,-0.033,523471530.000
-0.064,0.049,-0.080,0.404,-2.984,-0.034,523471630.000
-0.076,0.062,-0.090,0.160,-3.502,-0.080,523471731.000
-0.091,0.076,-0.073,-0.168,-4.170,-0.100,523471830.000
-0.106,0.097,-0.069,-0.450,-4.856,-0.120,523471930.000
-0.119,0.118,-0.072,-0.725,-5.530,-0.131,523472030.000
-0.137,0.143,-0.062,-1.027,-6.211,-0.180,523472130.000
-0.152,0.159,-0.063,-1.367,-6.865,-0.219,523472230.000
-0.163,0.183,-0.068,-1.674,-7.585,-0.230,523472330.000
-0.180,0.198,-0.059,-1.981,-8.265,-0.260,523472430.000
-0.198,0.213,-0.052,-2.329,-8.858,-0.262,523472530.000
-0.204,0.240,-0.055,-2.621,-9.571,-0.319,523472630.000
-0.226,0.266,-0.060,-2.962,-10.252,-0.286,523472730.000
-0.235,0.278,-0.053,-3.311,-10.968,-0.324,523472830.000
-0.258,0.302,-0.051,-3.703,-11.660,-0.366,523472930.000
-0.265,0.322,-0.047,-4.054,-12.349,-0.367,523473030.000
-0.282,0.344,-0.052,-4.342,-13.031,-0.370,523473130.000
-0.296,0.362,-0.040,-4.689,-13.656,-0.417,523473230.000
-0.311,0.386,-0.039,-5.080,-14.351,-0.430,523473330.000
-0.328,0.406,-0.037,-5.411,-14.984,-0.469,523473430.000
-0.345,0.432,-0.040,-5.753,-15.707,-0.463,523473530.000
-0.354,0.450,-0.030,-6.099,-16.390,-0.483,523473631.000
-0.373,0.477,-0.033,-6.433,-17.197,-0.488,523473731.000
-0.382,0.492,-0.029,-6.808,-17.824,-0.544,523473830.000
-0.406,0.516,-0.017,-7.090,-18.531,-0.529,523473930.000
-0.417,0.530,-0.025,-7.471,-19.212,-0.577,523474030.000
-0.436,0.554,-0.026,-7.848,-19.890,-0.562,523474131.000
-0.447,0.575,-0.021,-8.130,-20.504,-0.582,523474231.000
-0.467,0.599,-0.019,-8.397,-21.196,-0.594,523474330.000
-0.480,0.620,-0.017,-8.700,-21.806,-0.577,523474430.000
-0.493,0.635,-0.008,-9.103,-22.488,-0.607,523474530.000
-0.508,0.659,-0.013,-9.409,-23.184,-0.563,523474631.000
-0.520,0.678,-0.011,-9.775,-23.758,-0.620,523474731.000
-0.537,0.701,-0.007,-10.105,-24.528,-0.596,523474830.000
-0.550,0.716,-0.005,-10.438,-25.138,-0.625,523474930.000
-0.569,0.746,-0.008,-10.784,-25.849,-0.592,523475030.000
-0.582,0.758,0.011,-11.065,-26.545,-0.602,523475130.000
-0.602,0.785,0.001,-11.413,-27.183,-0.605,523475230.000
-0.619,0.808,0.010,-11.729,-27.913,-0.609,523475330.000
-0.634,0.824,0.009,-12.041,-28.615,-0.620,523475430.000
-0.654,0.849,0.011,-12.432,-29.333,-0.578,523475530.000
-0.663,0.866,0.016,-12.763,-29.960,-0.597,523475630.000
-0.686,0.891,0.012,-13.100,-30.766,-0.584,523475730.000
-0.699,0.911,0.024,-13.362,-31.512,-0.595,523475831.000
-0.719,0.928,0.019,-13.742,-32.133,-0.552,523475930.000
-0.734,0.955,0.023,-14.021,-32.916,-0.500,523476030.000
-0.745,0.966,0.020,-14.335,-33.579,-0.528,523476130.000
-0.768,0.995,0.024,-14.627,-34.312,-0.523,523476230.000
-0.770,0.997,0.024,-14.690,-34.615,-0.536,523476331.000
-0.793,1.019,0.021,-15.095,-35.324,-0.476,523476431.000
-0.808,1.038,0.035,-15.366,-36.073,-0.478,523476530.000
-0.823,1.067,0.034,-15.656,-36.776,-0.417,523476630.000
-0.841,1.085,0.034,-15.988,-37.466,-0.438,523476731.000
-0.856,1.107,0.038,-16.256,-38.176,-0.403,523476831.000
-0.880,1.126,0.037,-16.636,-38.877,-0.380,523476930.000
-0.891,1.145,0.044,-16.877,-39.603,-0.353,523477030.000
-0.912,1.160,0.044,-17.128,-40.242,-0.300,523477130.000
-0.923,1.177,0.043,-17.370,-40.848,-0.282,523477230.000
-0.935,1.200,0.038,-17.621,-41.180,-0.290,523477330.000
-0.934,1.214,0.040,-18.001,-41.419,-0.277,523477430.000
-0.932,1.234,0.052,-18.439,-41.419,-0.309,523477530.000
-0.921,1.241,0.052,-19.021,-41.416,-0.359,523477631.000
-0.917,1.270,0.049,-19.433,-41.237,-0.371,523477731.000
-0.913,1.280,0.041,-20.006,-41.172,-0.422,523477831.000
-0.907,1.295,0.050,-20.529,-41.086,-0.443,523477930.000
-0.898,1.319,0.053,-21.026,-40.965,-0.474,523478030.000
-0.898,1.332,0.050,-21.543,-40.930,-0.488,523478130.000
-0.892,1.355,0.052,-22.021,-40.845,-0.538,523478230.000
-0.883,1.371,0.056,-22.578,-40.861,-0.570,523478330.000
-0.874,1.389,0.063,-23.023,-40.819,-0.592,523478430.000
-0.874,1.408,0.063,-23.538,-40.704,-0.642,523478529.000
-0.868,1.425,0.053,-24.058,-40.660,-0.655,523478629.000
-0.864,1.438,0.057,-24.562,-40.626,-0.696,523478730.000
-0.861,1.458,0.059,-25.110,-40.612,-0.729,523478829.000
-0.857,1.479,0.052,-25.567,-40.596,-0.743,523478930.000
-0.848,1.501,0.059,-26.108,-40.555,-0.811,523479029.000
-0.844,1.519,0.066,-26.608,-40.537,-0.834,523479130.000
-0.844,1.538,0.070,-27.095,-40.453,-0.829,523479229.000
-0.839,1.551,0.065,-27.599,-40.452,-0.898,523479329.000
-0.835,1.570,0.065,-28.113,-40.411,-0.949,523479429.000
-0.830,1.591,0.062,-28.612,-40.402,-0.990,523479529.000
-0.824,1.613,0.066,-29.158,-40.406,-1.013,523479629.000
-0.819,1.632,0.073,-29.659,-40.388,-1.036,523479731.000
-0.815,1.650,0.068,-30.119,-40.362,-1.114,523479831.000
-0.813,1.665,0.068,-30.628,-40.308,-1.109,523479930.000
-0.806,1.680,0.072,-31.192,-40.312,-1.132,523480031.000
-0.806,1.701,0.074,-31.734,-40.285,-1.202,523480131.000
-0.797,1.722,0.069,-32.149,-40.285,-1.242,523480230.000
-0.797,1.743,0.084,-32.622,-40.265,-1.284,523480330.000
-0.791,1.758,0.076,-33.186,-40.286,-1.335,523480430.000
-0.786,1.774,0.078,-33.758,-40.236,-1.395,523480530.000
-0.784,1.801,0.075,-34.219,-40.215,-1.455,523480630.000
-0.784,1.820,0.084,-34.706,-40.211,-1.451,523480731.000
-0.777,1.829,0.087,-35.233,-40.174,-1.519,523480830.000
-0.773,1.853,0.089,-35.758,-40.173,-1.552,523480930.000
-0.766,1.873,0.093,-36.279,-40.200,-1.584,523481031.000
-0.762,1.889,0.088,-36.836,-40.176,-1.644,523481130.000
-0.759,1.911,0.090,-37.232,-40.112,-1.722,523481230.000
-0.755,1.938,0.090,-37.741,-40.096,-1.745,523481330.000
-0.753,1.952,0.094,-38.293,-40.098,-1.796,523481431.000
-0.750,1.975,0.099,-38.855,-40.052,-1.875,523481530.000
-0.744,1.992,0.096,-39.390,-40.080,-1.944,523481630.000
-0.739,2.011,0.103,-39.946,-40.111,-1.940,523481731.000
-0.737,2.036,0.103,-40.492,-40.130,-2.011,523481830.000
-0.735,2.053,0.105,-41.015,-40.092,-2.080,523481931.000
-0.726,2.061,0.102,-41.382,-40.082,-2.137,523482030.000
-0.730,2.074,0.107,-41.542,-39.969,-2.148,523482131.000
-0.722,2.069,0.105,-41.474,-39.931,-2.109,523482231.000
-0.724,2.067,0.105,-41.385,-39.796,-2.098,523482331.000
-0.718,2.058,0.105,-41.133,-39.734,-2.057,523482431.000
-0.721,2.049,0.095,-40.938,-39.607,-2.073,523482530.000
-0.719,2.039,0.098,-40.755,-39.512,-2.033,523482630.000
-0.717,2.033,0.100,-40.599,-39.394,-1.984,523482731.000
-0.718,2.025,0.101,-40.452,-39.295,-2.009,523482831.000
-0.714,2.017,0.098,-40.275,-39.205,-1.951,523482930.000
-0.714,2.011,0.101,-40.127,-39.147,-1.967,523483031.000
-0.712,2.007,0.101,-39.970,-39.037,-1.937,523483130.000
-0.712,1.999,0.096,-39.863,-38.979,-1.935,523483230.000
-0.715,1.993,0.096,-39.763,-38.868,-1.943,523483331.000
-0.711,1.990,0.092,-39.612,-38.812,-1.922,523483431.000
-0.704,1.983,0.094,-39.538,-38.768,-1.901,523483531.000
-0.709,1.978,0.092,-39.445,-38.652,-1.918,523483630.000
-0.709,1.978,0.092,-39.293,-38.578,-1.889,523483731.000
-0.705,1.970,0.089,-39.213,-38.514,-1.886,523483830.000
-0.705,1.967,0.087,-39.104,-38.472,-1.867,523483930.000
-0.703,1.963,0.090,-39.002,-38.379,-1.864,523484031.000
-0.704,1.958,0.095,-38.909,-38.288,-1.853,523484131.000
-0.702,1.951,0.092,-38.836,-38.187,-1.833,523484231.000
-0.700,1.950,0.092,-38.746,-38.175,-1.795,523484330.000
-0.698,1.946,0.083,-38.658,-38.074,-1.848,523484431.000
-0.698,1.940,0.088,-38.578,-38.008,-1.837,523484531.000
-0.694,1.935,0.090,-38.511,-37.975,-1.826,523484630.000
-0.696,1.931,0.090,-38.423,-37.913,-1.798,523484731.000
-0.692,1.934,0.093,-38.298,-37.857,-1.814,523484831.000
-0.697,1.928,0.093,-38.245,-37.733,-1.776,523484930.000
-0.693,1.923,0.083,-38.137,-37.694,-1.820,523485030.000
-0.691,1.919,0.091,-38.077,-37.656,-1.791,523485130.000
-0.686,1.914,0.083,-38.024,-37.633,-1.808,523485230.000
-0.689,1.915,0.091,-37.906,-37.522,-1.761,523485330.000
-0.689,1.910,0.091,-37.854,-37.473,-1.778,523485430.000
-0.689,1.907,0.083,-37.785,-37.424,-1.758,523485530.000
-0.687,1.906,0.084,-37.696,-37.363,-1.775,523485630.000
-0.685,1.896,0.091,-37.680,-37.302,-1.765,523485731.000
-0.683,1.900,0.089,-37.519,-37.249,-1.763,523485830.000
-0.686,1.899,0.094,-37.472,-37.170,-1.753,523485930.000
-0.684,1.892,0.084,-37.454,-37.119,-1.761,523486030.000
-0.684,1.884,0.079,-37.389,-37.037,-1.787,523486131.000
-0.682,1.885,0.086,-37.298,-37.000,-1.739,523486231.000
-0.682,1.880,0.087,-37.205,-36.926,-1.756,523486331.000
-0.680,1.879,0.084,-37.183,-36.874,-1.718,523486430.000
-0.678,1.875,0.087,-37.110,-36.829,-1.744,523486530.000
-0.678,1.872,0.087,-37.097,-36.781,-1.725,523486630.000
-0.679,1.872,0.089,-37.001,-36.723,-1.724,523486730.000
-0.677,1.865,0.092,-36.942,-36.678,-1.732,523486830.000
-0.679,1.864,0.089,-36.880,-36.624,-1.694,523486931.000
-0.677,1.860,0.082,-36.834,-36.564,-1.721,523487031.000
-0.673,1.855,0.087,-36.781,-36.524,-1.710,523487130.000
-0.671,1.856,0.082,-36.690,-36.504,-1.718,523487230.000
-0.671,1.858,0.082,-36.620,-36.455,-1.735,523487331.000
-0.673,1.852,0.087,-36.575,-36.376,-1.688,523487431.000
-0.671,1.845,0.080,-36.557,-36.341,-1.696,523487530.000
-0.667,1.848,0.087,-36.486,-36.268,-1.685,523487631.000
-0.669,1.844,0.090,-36.427,-36.222,-1.712,523487730.000
-0.670,1.844,0.085,-36.385,-36.165,-1.684,523487831.000
-0.665,1.841,0.085,-36.317,-36.141,-1.719,523487930.000
-0.666,1.833,0.088,-36.266,-36.084,-1.690,523488031.000
-0.668,1.832,0.085,-36.233,-35.982,-1.708,523488130.000
-0.664,1.837,0.083,-36.118,-35.991,-1.688,523488230.000
-0.664,1.826,0.080,-36.124,-35.926,-1.696,523488330.000
-0.660,1.829,0.083,-36.039,-35.894,-1.686,523488430.000
-0.660,1.826,0.076,-36.012,-35.870,-1.695,523488530.000
-0.660,1.824,0.073,-35.958,-35.829,-1.675,523488631.000
-0.660,1.824,0.088,-35.877,-35.778,-1.674,523488730.000
-0.658,1.820,0.078,-35.843,-35.727,-1.673,523488830.000
-0.660,1.816,0.083,-35.811,-35.648,-1.672,523488930.000
-0.660,1.810,0.081,-35.786,-35.632,-1.662,523489030.000
-0.658,1.811,0.076,-35.695,-35.563,-1.698,523489131.000
-0.654,1.809,0.074,-35.641,-35.548,-1.678,523489230.000
-0.654,1.806,0.086,-35.615,-35.506,-1.659,523489331.000
-0.655,1.806,0.081,-35.560,-35.474,-1.658,523489430.000
-0.653,1.799,0.074,-35.528,-35.414,-1.693,523489530.000
-0.655,1.801,0.076,-35.466,-35.368,-1.675,523489630.000
-0.653,1.797,0.076,-35.419,-35.307,-1.673,523489730.000
-0.651,1.790,0.071,-35.429,-35.288,-1.682,523489831.000
-0.653,1.792,0.081,-35.339,-35.193,-1.634,523489930.000
-0.651,1.787,0.084,-35.307,-35.172,-1.661,523490030.000
-0.653,1.789,0.079,-35.257,-35.103,-1.642,523490130.000
-0.651,1.785,0.079,-35.224,-35.067,-1.641,523490230.000
-0.649,1.786,0.077,-35.148,-35.038,-1.649,523490330.000
-0.652,1.785,0.077,-35.128,-35.025,-1.640,523490430.000
-0.647,1.785,0.077,-35.044,-34.953,-1.638,523490530.000
-0.645,1.778,0.082,-35.013,-34.924,-1.646,523490631.000
-0.646,1.775,0.069,-35.001,-34.893,-1.682,523490730.000
-0.644,1.776,0.077,-34.924,-34.831,-1.663,523490830.000
-0.635,1.771,0.077,-34.898,-34.833,-1.652,523490930.000
-0.642,1.770,0.077,-34.837,-34.770,-1.642,523491030.000
-0.644,1.771,0.082,-34.761,-34.716,-1.651,523491130.000
-0.642,1.764,0.077,-34.785,-34.672,-1.659,523491231.000
-0.642,1.767,0.075,-34.728,-34.632,-1.649,523491330.000
-0.638,1.762,0.077,-34.703,-34.624,-1.639,523491430.000
-0.642,1.759,0.082,-34.663,-34.533,-1.620,523491530.000
-0.640,1.758,0.080,-34.588,-34.529,-1.637,523491630.000
-0.638,1.759,0.080,-34.553,-34.493,-1.646,523491730.000
-0.636,1.755,0.075,-34.519,-34.474,-1.617,523491830.000
-0.634,1.754,0.075,-34.471,-34.437,-1.635,523491930.000
-0.636,1.750,0.070,-34.466,-34.392,-1.634,523492030.000
-0.634,1.746,0.075,-34.434,-34.339,-1.633,523492130.000
-0.634,1.748,0.073,-34.350,-34.299,-1.623,523492231.000
-0.635,1.746,0.078,-34.351,-34.257,-1.632,523492330.000
-0.633,1.742,0.078,-34.319,-34.221,-1.631,523492430.000
-0.630,1.740,0.075,-34.271,-34.217,-1.621,523492530.000
-0.633,1.739,0.078,-34.237,-34.147,-1.638,523492630.000
-0.631,1.740,0.080,-34.160,-34.103,-1.619,523492731.000
-0.633,1.736,0.075,-34.169,-34.082,-1.619,523492830.000
-0.633,1.734,0.080,-34.102,-34.016,-1.599,523492930.000
-0.627,1.732,0.078,-34.081,-34.038,-1.617,523493030.000
-0.634,1.728,0.078,-34.049,-33.903,-1.616,523493130.000
-0.629,1.731,0.076,-34.033,-33.912,-1.606,523493230.000
-0.632,1.729,0.081,-33.945,-33.858,-1.624,523493331.000
-0.629,1.728,0.071,-33.924,-33.855,-1.614,523493430.000
-0.627,1.724,0.076,-33.892,-33.802,-1.613,523493530.000
-0.630,1.728,0.073,-33.841,-33.773,-1.613,523493630.000
-0.623,1.721,0.076,-33.837,-33.754,-1.593,523493730.000
-0.619,1.719,0.071,-33.796,-33.747,-1.601,523493831.000
-0.624,1.719,0.078,-33.742,-33.672,-1.600,523493931.000
-0.626,1.715,0.071,-33.710,-33.611,-1.627,523494030.000
-0.622,1.715,0.069,-33.681,-33.620,-1.627,523494131.000
-0.626,1.712,0.069,-33.669,-33.546,-1.608,523494230.000
-0.620,1.713,0.071,-33.606,-33.551,-1.616,523494331.000
-0.624,1.708,0.071,-33.609,-33.477,-1.634,523494431.000
-0.618,1.709,0.076,-33.560,-33.474,-1.614,523494531.000
-0.622,1.709,0.066,-33.504,-33.432,-1.614,523494630.000
-0.620,1.708,0.069,-33.471,-33.388,-1.632,523494730.000
-0.620,1.703,0.074,-33.487,-33.347,-1.594,523494831.000
-0.618,1.704,0.074,-33.396,-33.310,-1.602,523494930.000
-0.620,1.700,0.079,-33.420,-33.281,-1.602,523495030.000
-0.618,1.701,0.076,-33.343,-33.253,-1.583,523495130.000
-0.616,1.700,0.076,-33.322,-33.217,-1.600,523495230.000
-0.614,1.696,0.072,-33.317,-33.197,-1.599,523495331.000
-0.617,1.694,0.081,-33.270,-33.151,-1.590,523495430.000
-0.617,1.699,0.072,-33.198,-33.111,-1.598,523495530.000
-0.617,1.686,0.069,-33.246,-33.095,-1.616,523495631.000
-0.615,1.690,0.074,-33.154,-33.066,-1.588,523495730.000
-0.615,1.695,0.069,-33.068,-33.034,-1.596,523495830.000
-0.613,1.689,0.064,-33.106,-33.015,-1.605,523495930.000
-0.611,1.688,0.069,-33.072,-32.986,-1.595,523496030.000
-0.615,1.685,0.069,-33.060,-32.912,-1.604,523496130.000
-0.609,1.678,0.064,-33.041,-32.918,-1.584,523496231.000
-0.611,1.682,0.072,-32.992,-32.855,-1.611,523496330.000
-0.613,1.681,0.069,-32.945,-32.826,-1.602,523496431.000
-0.613,1.681,0.065,-32.903,-32.818,-1.601,523496531.000
-0.611,1.677,0.074,-32.884,-32.773,-1.572,523496630.000
-0.607,1.677,0.072,-32.870,-32.758,-1.599,523496731.000
-0.611,1.674,0.070,-32.830,-32.716,-1.581,523496830.000
-0.609,1.673,0.077,-32.783,-32.679,-1.598,523496931.000
-0.607,1.671,0.070,-32.762,-32.644,-1.588,523497030.000
-0.609,1.673,0.070,-32.727,-32.631,-1.597,523497130.000
-0.607,1.671,0.070,-32.707,-32.595,-1.587,523497231.000
-0.610,1.667,0.065,-32.688,-32.574,-1.615,523497332.000
-0.603,1.671,0.067,-32.609,-32.531,-1.585,523497432.000
-0.599,1.666,0.070,-32.626,-32.548,-1.603,523497531.000
-0.601,1.662,0.070,-32.635,-32.511,-1.603,523497632.000
-0.604,1.661,0.072,-32.574,-32.440,-1.593,523497731.000
-0.602,1.662,0.070,-32.538,-32.437,-1.601,523497831.000
-0.602,1.659,0.068,-32.498,-32.372,-1.582,523497932.000
-0.600,1.658,0.065,-32.477,-32.369,-1.572,523498031.000
-0.604,1.663,0.065,-32.406,-32.318,-1.581,523498132.000
-0.600,1.653,0.063,-32.452,-32.304,-1.590,523498231.000
-0.600,1.653,0.070,-32.398,-32.254,-1.589,523498331.000
-0.596,1.653,0.068,-32.383,-32.239,-1.588,523498431.000
-0.598,1.649,0.068,-32.351,-32.226,-1.588,523498531.000
-0.600,1.647,0.075,-32.346,-32.188,-1.578,523498632.000
-0.602,1.648,0.065,-32.297,-32.135,-1.615,523498732.000
-0.598,1.646,0.065,-32.270,-32.136,-1.595,523498831.000
-0.596,1.650,0.073,-32.219,-32.099,-1.567,523498932.000
-0.596,1.642,0.070,-32.224,-32.107,-1.594,523499031.000
-0.596,1.647,0.071,-32.152,-32.034,-1.603,523499132.000
-0.596,1.642,0.068,-32.154,-32.018,-1.593,523499232.000
-0.596,1.642,0.066,-32.140,-31.978,-1.593,523499332.000
-0.594,1.640,0.063,-32.092,-31.974,-1.610,523499432.000
-0.592,1.642,0.066,-32.085,-31.954,-1.619,523499531.000
-0.597,1.639,0.071,-32.045,-31.911,-1.573,523499631.000
-0.590,1.640,0.071,-32.009,-31.901,-1.553,523499731.000
-0.595,1.638,0.073,-31.970,-31.842,-1.589,523499831.000
-0.595,1.635,0.076,-31.972,-31.785,-1.598,523499932.000
-0.593,1.636,0.066,-31.949,-31.807,-1.580,523500032.000
-0.595,1.635,0.071,-31.915,-31.753,-1.542,523500132.000
-0.591,1.632,0.071,-31.875,-31.778,-1.578,523500232.000
-0.593,1.626,0.068,-31.885,-31.700,-1.559,523500331.000
-0.591,1.632,0.066,-31.820,-31.697,-1.577,523500432.000
-0.587,1.630,0.071,-31.807,-31.706,-1.558,523500531.000
-0.589,1.628,0.061,-31.814,-31.629,-1.576,523500631.000
-0.591,1.629,0.073,-31.766,-31.623,-1.557,523500731.000
-0.585,1.620,0.071,-31.736,-31.596,-1.574,523500832.000
-0.585,1.626,0.066,-31.691,-31.588,-1.555,523500931.000
-0.589,1.620,0.064,-31.708,-31.522,-1.601,523501032.000
-0.587,1.624,0.071,-31.672,-31.510,-1.573,523501132.000
-0.589,1.618,0.064,-31.668,-31.473,-1.554,523501232.000
-0.585,1.618,0.069,-31.640,-31.482,-1.554,523501331.000
-0.583,1.619,0.061,-31.618,-31.471,-1.590,523501431.000
-0.583,1.616,0.069,-31.592,-31.446,-1.571,523501531.000
-0.588,1.616,0.069,-31.565,-31.371,-1.571,523501632.000
-0.583,1.621,0.071,-31.507,-31.412,-1.580,523501731.000
-0.581,1.612,0.066,-31.518,-31.369,-1.569,523501832.000
-0.583,1.611,0.066,-31.484,-31.331,-1.560,523501931.000
-0.581,1.612,0.064,-31.449,-31.328,-1.568,523502032.000
-0.586,1.609,0.066,-31.437,-31.269,-1.578,523502131.000
-0.581,1.612,0.067,-31.408,-31.270,-1.595,523502231.000
-0.582,1.612,0.069,-31.366,-31.213,-1.567,523502331.000
-0.577,1.601,0.069,-31.399,-31.238,-1.603,523502432.000
-0.577,1.607,0.067,-31.341,-31.222,-1.557,523502532.000
-0.582,1.601,0.069,-31.316,-31.164,-1.547,523502632.000
-0.577,1.601,0.067,-31.316,-31.173,-1.546,523502732.000
-0.575,1.603,0.067,-31.281,-31.137,-1.583,523502832.000
-0.578,1.601,0.064,-31.261,-31.108,-1.573,523502932.000
-0.578,1.599,0.072,-31.248,-31.059,-1.554,523503032.000
-0.580,1.602,0.069,-31.171,-31.030,-1.554,523503132.000
-0.580,1.597,0.069,-31.201,-31.030,-1.544,523503232.000
-0.582,1.596,0.062,-31.153,-30.969,-1.535,523503331.000
-0.578,1.593,0.069,-31.168,-30.993,-1.571,523503430.000
-0.580,1.597,0.067,-31.131,-30.940,-1.543,523503532.000
-0.574,1.593,0.065,-31.085,-30.938,-1.569,523503630.000
-0.572,1.592,0.064,-31.078,-30.926,-1.532,523503730.000
-0.574,1.591,0.069,-31.086,-30.897,-1.550,523503830.000
-0.576,1.592,0.065,-31.051,-30.852,-1.559,523503930.000
-0.572,1.587,0.065,-31.039,-30.853,-1.549,523504030.000
-0.576,1.589,0.065,-30.997,-30.827,-1.568,523504130.000
-0.576,1.586,0.065,-30.985,-30.778,-1.576,523504231.000
-0.572,1.586,0.067,-30.943,-30.795,-1.548,523504330.000
-0.572,1.584,0.062,-30.944,-30.739,-1.557,523504430.000
-0.575,1.588,0.065,-30.880,-30.717,-1.556,523504530.000
-0.572,1.586,0.067,-30.874,-30.722,-1.547,523504630.000
-0.575,1.582,0.067,-30.856,-30.684,-1.574,523504731.000
-0.568,1.581,0.062,-30.862,-30.690,-1.564,523504830.000
-0.573,1.583,0.060,-30.806,-30.624,-1.582,523504931.000
-0.573,1.581,0.072,-30.822,-30.607,-1.563,523505031.000
-0.571,1.580,0.067,-30.801,-30.588,-1.554,523505131.000
-0.573,1.581,0.070,-30.766,-30.591,-1.535,523505231.000
-0.566,1.574,0.062,-30.775,-30.581,-1.571,523505330.000
-0.569,1.573,0.065,-30.742,-30.559,-1.561,523505431.000
-0.571,1.572,0.067,-30.750,-30.514,-1.552,523505530.000
-0.569,1.573,0.065,-30.714,-30.511,-1.561,523505630.000
-0.571,1.572,0.070,-30.695,-30.481,-1.551,523505731.000
-0.569,1.575,0.070,-30.617,-30.445,-1.550,523505830.000
-0.569,1.573,0.065,-30.632,-30.413,-1.559,523505930.000
-0.567,1.574,0.068,-30.582,-30.417,-1.540,523506030.000
-0.567,1.572,0.073,-30.570,-30.400,-1.549,523506130.000
-0.567,1.566,0.068,-30.600,-30.368,-1.540,523506231.000
-0.565,1.565,0.063,-30.566,-30.373,-1.530,523506330.000
-0.565,1.565,0.065,-30.566,-30.340,-1.557,523506430.000
-0.565,1.565,0.065,-30.525,-30.315,-1.557,523506530.000
-0.565,1.565,0.065,-30.510,-30.291,-1.529,523506630.000
-0.567,1.561,0.065,-30.506,-30.278,-1.556,523506730.000
-0.565,1.560,0.068,-30.486,-30.258,-1.546,523506831.000
-0.563,1.566,0.065,-30.406,-30.230,-1.536,523506930.000
-0.565,1.560,0.063,-30.444,-30.202,-1.546,523507031.000
-0.565,1.562,0.063,-30.402,-30.201,-1.564,523507130.000
-0.563,1.558,0.065,-30.411,-30.205,-1.563,523507231.000
-0.559,1.553,0.063,-30.412,-30.215,-1.553,523507330.000
-0.563,1.558,0.060,-30.355,-30.173,-1.563,523507430.000
-0.559,1.556,0.065,-30.356,-30.158,-1.543,523507530.000
-0.561,1.554,0.068,-30.309,-30.112,-1.534,523507630.000
-0.559,1.555,0.066,-30.301,-30.108,-1.570,523507730.000
-0.557,1.557,0.068,-30.279,-30.113,-1.551,523507831.000
-0.559,1.550,0.061,-30.290,-30.052,-1.560,523507930.000
-0.559,1.555,0.068,-30.218,-30.027,-1.541,523508030.000
-0.562,1.551,0.068,-30.241,-30.014,-1.541,523508130.000
-0.562,1.557,0.066,-30.211,-29.998,-1.550,523508230.000
-0.560,1.553,0.058,-30.205,-29.963,-1.550,523508330.000
-0.555,1.547,0.061,-30.221,-29.980,-1.567,523508430.000
-0.560,1.545,0.071,-30.183,-29.969,-1.549,523508530.000
-0.558,1.541,0.068,-30.219,-29.942,-1.549,523508630.000
-0.556,1.547,0.066,-30.139,-29.914,-1.539,523508730.000
-0.551,1.547,0.066,-30.110,-29.939,-1.538,523508831.000
-0.558,1.546,0.066,-30.105,-29.876,-1.557,523508931.000
-0.560,1.545,0.061,-30.113,-29.832,-1.575,523509030.000
-0.558,1.541,0.061,-30.052,-29.844,-1.546,523509130.000
-0.554,1.541,0.068,-30.066,-29.844,-1.518,523509231.000
-0.556,1.539,0.066,-30.019,-29.815,-1.564,523509331.000
-0.554,1.538,0.063,-30.025,-29.812,-1.527,523509430.000
-0.556,1.542,0.063,-29.990,-29.775,-1.554,523509530.000
-0.554,1.541,0.063,-29.969,-29.787,-1.545,523509630.000
-0.558,1.538,0.066,-29.957,-29.729,-1.526,523509730.000
-0.556,1.534,0.058,-29.993,-29.718,-1.554,523509830.000
-0.554,1.538,0.056,-29.915,-29.715,-1.553,523509930.000
-0.552,1.534,0.063,-29.910,-29.726,-1.525,523510031.000
-0.554,1.538,0.061,-29.873,-29.673,-1.524,523510131.000
-0.556,1.529,0.066,-29.914,-29.620,-1.543,523510231.000
-0.552,1.539,0.059,-29.825,-29.645,-1.561,523510330.000
-0.556,1.536,0.066,-29.813,-29.619,-1.542,523510430.000
-0.557,1.536,0.069,-29.785,-29.586,-1.514,523510531.000
-0.554,1.527,0.066,-29.838,-29.583,-1.504,523510630.000
-0.552,1.529,0.059,-29.788,-29.572,-1.541,523510731.000
-0.550,1.530,0.056,-29.780,-29.569,-1.550,523510830.000
-0.555,1.527,0.064,-29.769,-29.542,-1.531,523510931.000
-0.552,1.528,0.061,-29.733,-29.539,-1.540,523511031.000
-0.555,1.530,0.066,-29.727,-29.509,-1.549,523511130.000
-0.550,1.525,0.061,-29.728,-29.503,-1.539,523511230.000
-0.550,1.530,0.064,-29.656,-29.494,-1.520,523511331.000
-0.548,1.526,0.066,-29.652,-29.474,-1.547,523511430.000
-0.553,1.528,0.066,-29.623,-29.424,-1.538,523511530.000
-0.553,1.528,0.064,-29.636,-29.433,-1.511,523511630.000
-0.553,1.526,0.061,-29.652,-29.417,-1.547,523511730.000
-0.551,1.522,0.066,-29.633,-29.388,-1.519,523511831.000
-0.549,1.526,0.066,-29.569,-29.376,-1.518,523511930.000
-0.549,1.520,0.071,-29.600,-29.359,-1.536,523512031.000
-0.551,1.522,0.071,-29.578,-29.322,-1.518,523512130.000
-0.549,1.520,0.066,-29.544,-29.327,-1.536,523512230.000
-0.549,1.518,0.057,-29.545,-29.336,-1.545,523512331.000
-0.547,1.524,0.057,-29.493,-29.276,-1.562,523512430.000
-0.547,1.519,0.069,-29.524,-29.307,-1.526,523512530.000
-0.547,1.514,0.064,-29.540,-29.251,-1.516,523512630.000
-0.549,1.518,0.066,-29.476,-29.229,-1.516,523512730.000
-0.545,1.515,0.057,-29.476,-29.264,-1.524,523512830.000
-0.547,1.516,0.064,-29.442,-29.201,-1.533,523512931.000
-0.547,1.514,0.054,-29.429,-29.186,-1.542,523513030.000
-0.547,1.514,0.069,-29.402,-29.184,-1.514,523513131.000
-0.547,1.519,0.067,-29.399,-29.169,-1.523,523513231.000
-0.549,1.515,0.062,-29.353,-29.148,-1.523,523513330.000
-0.549,1.515,0.064,-29.353,-29.115,-1.523,523513430.000
-0.547,1.508,0.064,-29.391,-29.128,-1.532,523513530.000
-0.541,1.510,0.064,-29.341,-29.141,-1.540,523513630.000
-0.545,1.512,0.064,-29.340,-29.092,-1.531,523513731.000
-0.545,1.510,0.067,-29.328,-29.059,-1.512,523513830.000
-0.543,1.506,0.057,-29.322,-29.056,-1.539,523513931.000
-0.543,1.508,0.062,-29.307,-29.039,-1.530,523514031.000
-0.543,1.508,0.067,-29.308,-29.023,-1.530,523514130.000
-0.543,1.505,0.059,-29.267,-29.023,-1.538,523514231.000
-0.543,1.505,0.067,-29.268,-28.974,-1.538,523514330.000
-0.539,1.503,0.057,-29.281,-28.984,-1.519,523514431.000
-0.541,1.504,0.057,-29.233,-28.995,-1.556,523514531.000
-0.541,1.499,0.064,-29.263,-28.946,-1.519,523514630.000
-0.541,1.507,0.064,-29.190,-28.946,-1.518,523514732.000
-0.544,1.505,0.065,-29.157,-28.908,-1.537,523514831.000
-0.544,1.503,0.059,-29.185,-28.901,-1.518,523514932.000
-0.539,1.500,0.064,-29.173,-28.909,-1.527,523515032.000
-0.539,1.500,0.067,-29.187,-28.901,-1.527,523515131.000
-0.539,1.498,0.062,-29.160,-28.893,-1.535,523515232.000
-0.539,1.500,0.070,-29.132,-28.868,-1.526,523515331.000
-0.537,1.496,0.065,-29.168,-28.873,-1.526,523515431.000
-0.542,1.496,0.067,-29.141,-28.815,-1.526,523515531.000
-0.540,1.500,0.067,-29.090,-28.828,-1.525,523515632.000
-0.535,1.497,0.057,-29.104,-28.838,-1.534,523515732.000
-0.537,1.496,0.062,-29.113,-28.808,-1.552,523515831.000
-0.538,1.493,0.070,-29.114,-28.783,-1.534,523515932.000
-0.542,1.493,0.062,-29.073,-28.734,-1.533,523516031.000
-0.538,1.496,0.062,-29.057,-28.759,-1.524,523516131.000
-0.538,1.493,0.065,-29.031,-28.751,-1.533,523516231.000
-0.540,1.489,0.062,-29.040,-28.698,-1.532,523516332.000
-0.533,1.491,0.062,-29.032,-28.736,-1.541,523516431.000
-0.540,1.489,0.065,-28.999,-28.689,-1.560,523516531.000
-0.538,1.491,0.067,-29.005,-28.693,-1.541,523516632.000
-0.538,1.491,0.065,-28.964,-28.653,-1.540,523516732.000
-0.540,1.487,0.065,-28.986,-28.640,-1.513,523516831.000
-0.534,1.483,0.062,-28.981,-28.662,-1.540,523516931.000
-0.536,1.492,0.062,-28.900,-28.649,-1.521,523517031.000
-0.534,1.490,0.058,-28.880,-28.630,-1.567,523517132.000
-0.534,1.491,0.057,-28.893,-28.606,-1.511,523517232.000
-0.536,1.489,0.062,-28.874,-28.576,-1.502,523517331.000
-0.532,1.489,0.065,-28.874,-28.617,-1.529,523517432.000
-0.536,1.489,0.055,-28.874,-28.577,-1.530,523517531.000
-0.532,1.487,0.055,-28.874,-28.578,-1.510,523517632.000
-0.536,1.484,0.057,-28.849,-28.495,-1.519,523517732.000
-0.532,1.484,0.062,-28.848,-28.504,-1.519,523517832.000
-0.532,1.486,0.065,-28.806,-28.520,-1.537,523517932.000
-0.532,1.481,0.065,-28.836,-28.520,-1.500,523518032.000
-0.534,1.485,0.060,-28.786,-28.475,-1.527,523518131.000
-0.528,1.486,0.065,-28.750,-28.496,-1.536,523518231.000
-0.530,1.483,0.063,-28.787,-28.492,-1.508,523518332.000
-0.532,1.479,0.058,-28.796,-28.423,-1.536,523518432.000
-0.530,1.477,0.058,-28.748,-28.435,-1.553,523518532.000
-0.532,1.481,0.063,-28.726,-28.406,-1.526,523518631.000
-0.532,1.481,0.055,-28.711,-28.430,-1.526,523518732.000
-0.532,1.476,0.060,-28.743,-28.414,-1.572,523518831.000
-0.528,1.479,0.063,-28.699,-28.406,-1.506,523518931.000
-0.528,1.476,0.063,-28.687,-28.358,-1.543,523519032.000
-0.530,1.475,0.063,-28.708,-28.369,-1.534,523519131.000
-0.532,1.476,0.065,-28.701,-28.324,-1.515,523519232.000
-0.528,1.476,0.060,-28.659,-28.341,-1.515,523519331.000
-0.530,1.474,0.065,-28.653,-28.336,-1.533,523519431.000
-0.530,1.474,0.060,-28.667,-28.280,-1.533,523519531.000
-0.528,1.478,0.060,-28.602,-28.317,-1.533,523519631.000
-0.528,1.476,0.068,-28.590,-28.267,-1.513,523519731.000
-0.531,1.474,0.065,-28.598,-28.239,-1.532,523519832.000
-0.528,1.478,0.063,-28.561,-28.260,-1.504,523519932.000
-0.528,1.473,0.060,-28.578,-28.219,-1.550,523520032.000
-0.524,1.478,0.058,-28.519,-28.228,-1.531,523520132.000
-0.526,1.474,0.063,-28.556,-28.224,-1.531,523520232.000
-0.529,1.470,0.063,-28.565,-28.186,-1.531,523520331.000
-0.529,1.470,0.063,-28.538,-28.186,-1.531,523520432.000
-0.527,1.472,0.063,-28.502,-28.150,-1.511,523520532.000
-0.524,1.470,0.058,-28.523,-28.204,-1.530,523520632.000
-0.527,1.464,0.065,-28.520,-28.166,-1.539,523520732.000
-0.533,1.470,0.060,-28.483,-28.096,-1.530,523520831.000
-0.529,1.468,0.053,-28.483,-28.098,-1.511,523520932.000
-0.524,1.468,0.061,-28.442,-28.146,-1.538,523521031.000
-0.524,1.463,0.063,-28.485,-28.138,-1.501,523521132.000
-0.522,1.466,0.063,-28.462,-28.102,-1.500,523521232.000
-0.527,1.466,0.056,-28.435,-28.077,-1.528,523521331.000
-0.520,1.468,0.056,-28.399,-28.115,-1.537,523521432.000
-0.525,1.465,0.058,-28.415,-28.057,-1.546,523521532.000
-0.525,1.465,0.053,-28.401,-28.049,-1.518,523521632.000
-0.525,1.465,0.058,-28.415,-28.057,-1.546,523521731.000
-0.525,1.462,0.061,-28.389,-28.048,-1.527,523521831.000
-0.525,1.460,0.063,-28.391,-28.040,-1.536,523521932.000
-0.527,1.461,0.068,-28.356,-28.010,-1.518,523522032.000
-0.525,1.465,0.066,-28.333,-28.007,-1.517,523522132.000
-0.525,1.465,0.063,-28.319,-27.967,-1.517,523522231.000
-0.525,1.460,0.058,-28.307,-27.959,-1.507,523522331.000
-0.525,1.457,0.056,-28.350,-27.943,-1.517,523522432.000
-0.523,1.461,0.056,-28.300,-27.955,-1.544,523522531.000
-0.523,1.461,0.058,-28.314,-27.947,-1.544,523522632.000
-0.525,1.457,0.058,-28.281,-27.934,-1.516,523522732.000
-0.521,1.459,0.056,-28.252,-27.919,-1.534,523522831.000
-0.523,1.463,0.066,-28.257,-27.922,-1.506,523522932.000
-0.525,1.457,0.056,-28.281,-27.870,-1.515,523523032.000
-0.521,1.457,0.061,-28.281,-27.878,-1.542,523523131.000
-0.523,1.458,0.056,-28.232,-27.906,-1.524,523523232.000
-0.519,1.456,0.061,-28.233,-27.891,-1.533,523523331.000
-0.523,1.461,0.053,-28.175,-27.866,-1.542,523523432.000
-0.521,1.457,0.061,-28.184,-27.853,-1.514,523523532.000
-0.523,1.455,0.058,-28.178,-27.800,-1.532,523523632.000
-0.523,1.450,0.056,-28.250,-27.809,-1.551,523523731.000
-0.525,1.451,0.058,-28.201,-27.787,-1.532,523523831.000
-0.515,1.453,0.063,-28.179,-27.859,-1.513,523523932.000
-0.521,1.457,0.056,-28.115,-27.796,-1.540,523524031.000
-0.521,1.452,0.066,-28.159,-27.788,-1.504,523524132.000
-0.521,1.452,0.056,-28.131,-27.772,-1.503,523524231.000
-0.519,1.448,0.063,-28.154,-27.784,-1.531,523524332.000
-0.515,1.450,0.054,-28.110,-27.794,-1.521,523524431.000
-0.521,1.451,0.058,-28.132,-27.740,-1.531,523524531.000
-0.521,1.451,0.063,-28.104,-27.723,-1.503,523524632.000
-0.519,1.453,0.061,-28.068,-27.719,-1.511,523524732.000
-0.526,1.449,0.063,-28.092,-27.697,-1.512,523524832.000
-0.519,1.447,0.059,-28.099,-27.703,-1.530,523524932.000
-0.519,1.450,0.059,-28.070,-27.679,-1.520,523525032.000
-0.519,1.445,0.063,-28.114,-27.687,-1.511,523525132.000
-0.519,1.445,0.061,-28.059,-27.670,-1.510,523525232.000
-0.519,1.445,0.059,-28.059,-27.654,-1.510,523525332.000
-0.519,1.447,0.059,-28.030,-27.630,-1.528,523525432.000
-0.519,1.447,0.056,-28.043,-27.638,-1.529,523525532.000
-0.519,1.445,0.056,-28.031,-27.638,-1.510,523525632.000
-0.515,1.447,0.064,-27.960,-27.614,-1.499,523525731.000
-0.515,1.447,0.066,-28.016,-27.630,-1.500,523525831.000
-0.520,1.442,0.061,-27.991,-27.572,-1.518,523525931.000
-0.515,1.445,0.059,-27.961,-27.606,-1.508,523526032.000
-0.518,1.441,0.061,-27.971,-27.585,-1.508,523526132.000
-0.518,1.443,0.061,-27.942,-27.561,-1.499,523526231.000
-0.518,1.446,0.059,-27.913,-27.520,-1.517,523526332.000
-0.518,1.441,0.059,-27.930,-27.544,-1.535,523526431.000
-0.516,1.439,0.064,-27.937,-27.540,-1.498,523526532.000
-0.516,1.439,0.056,-27.923,-27.517,-1.526,523526631.000
-0.513,1.443,0.056,-27.899,-27.529,-1.498,523526731.000
-0.518,1.438,0.054,-27.930,-27.488,-1.516,523526832.000
-0.513,1.441,0.061,-27.860,-27.512,-1.506,523526931.000
-0.516,1.439,0.056,-27.854,-27.492,-1.525,523527031.000
-0.513,1.441,0.059,-27.832,-27.496,-1.506,523527131.000
-0.518,1.441,0.059,-27.846,-27.495,-1.507,523527232.000
-0.509,1.435,0.051,-27.848,-27.498,-1.524,523527332.000
-0.511,1.437,0.054,-27.854,-27.477,-1.506,523527431.000
-0.518,1.435,0.059,-27.821,-27.398,-1.496,523527532.000
-0.516,1.439,0.059,-27.813,-27.435,-1.524,523527631.000
-0.512,1.442,0.059,-27.783,-27.436,-1.514,523527731.000
-0.516,1.437,0.056,-27.813,-27.443,-1.506,523527831.000
-0.512,1.434,0.054,-27.814,-27.428,-1.514,523527931.000
-0.512,1.439,0.057,-27.743,-27.419,-1.523,523528031.000
-0.512,1.437,0.056,-27.758,-27.419,-1.504,523528132.000
-0.516,1.434,0.064,-27.760,-27.369,-1.513,523528231.000
-0.516,1.436,0.059,-27.731,-27.361,-1.504,523528332.000
-0.514,1.430,0.056,-27.810,-27.382,-1.514,523528432.000
-0.512,1.434,0.061,-27.760,-27.378,-1.513,523528532.000
-0.512,1.429,0.054,-27.775,-27.355,-1.503,523528631.000
-0.514,1.432,0.052,-27.725,-27.325,-1.531,523528731.000
-0.510,1.433,0.062,-27.712,-27.342,-1.530,523528831.000
-0.512,1.434,0.059,-27.690,-27.337,-1.512,523528932.000
-0.514,1.430,0.059,-27.700,-27.300,-1.512,523529030.000
-0.512,1.434,0.059,-27.649,-27.313,-1.512,523529131.000
-0.512,1.429,0.059,-27.693,-27.289,-1.502,523529231.000
-0.512,1.431,0.061,-27.664,-27.280,-1.493,523529330.000
-0.510,1.427,0.059,-27.687,-27.277,-1.520,523529430.000
-0.510,1.430,0.064,-27.630,-27.284,-1.511,523529530.000
-0.514,1.427,0.059,-27.632,-27.251,-1.520,523529631.000
-0.508,1.426,0.057,-27.680,-27.298,-1.511,523529731.000
-0.508,1.431,0.054,-27.636,-27.257,-1.547,523529831.000
-0.510,1.427,0.057,-27.645,-27.236,-1.519,523529930.000
-0.510,1.427,0.059,-27.604,-27.228,-1.519,523530030.000
-0.510,1.430,0.057,-27.589,-27.212,-1.537,523530131.000
-0.506,1.422,0.059,-27.633,-27.205,-1.509,523530230.000
-0.512,1.428,0.057,-27.583,-27.174,-1.528,523530330.000
-0.508,1.423,0.059,-27.599,-27.240,-1.519,523530431.000
-0.512,1.426,0.059,-27.570,-27.142,-1.509,523530531.000
-0.512,1.426,0.062,-27.571,-27.158,-1.537,523530630.000
-0.510,1.427,0.057,-27.576,-27.163,-1.518,523530730.000
-0.510,1.419,0.054,-27.593,-27.147,-1.490,523530830.000
-0.510,1.424,0.064,-27.551,-27.137,-1.527,523530931.000
-0.508,1.421,0.064,-27.559,-27.126,-1.499,523531031.000
-0.504,1.426,0.057,-27.514,-27.176,-1.508,523531130.000
-0.512,1.418,0.054,-27.560,-27.109,-1.508,523531231.000
-0.508,1.423,0.057,-27.488,-27.078,-1.516,523531331.000
-0.508,1.426,0.067,-27.501,-27.093,-1.507,523531431.000
-0.506,1.424,0.059,-27.480,-27.106,-1.498,523531531.000
-0.508,1.418,0.054,-27.532,-27.086,-1.507,523531630.000
-0.510,1.424,0.059,-27.481,-27.081,-1.498,523531730.000
-0.508,1.423,0.064,-27.461,-27.077,-1.488,523531831.000
