0.042,-0.060,-0.088,1.497,1.244,0.252,523730936.000
0.035,-0.056,-0.088,1.533,1.258,0.279,523731035.000
0.044,-0.056,-0.088,1.547,1.232,0.253,523731135.000
0.042,-0.055,-0.088,1.541,1.269,0.271,523731236.000
0.035,-0.056,-0.088,1.478,1.258,0.279,523731335.000
0.044,-0.054,-0.088,1.535,1.232,0.262,523731436.000
0.035,-0.051,-0.091,1.536,1.274,0.270,523731536.000
0.039,-0.053,-0.093,1.563,1.241,0.289,523731636.000
0.040,-0.051,-0.093,1.536,1.216,0.270,523731736.000
0.042,-0.052,-0.091,1.543,1.260,0.308,523731835.000
0.040,-0.056,-0.093,1.506,1.216,0.252,523731935.000
0.039,-0.056,-0.093,1.547,1.241,0.280,523732035.000
0.042,-0.057,-0.090,1.526,1.236,0.261,523732136.000
0.042,-0.055,-0.093,1.528,1.228,0.270,523732235.000
0.039,-0.056,-0.088,1.561,1.281,0.308,523732336.000
0.042,-0.055,-0.093,1.555,1.228,0.271,523732435.000
0.042,-0.055,-0.090,1.569,1.236,0.271,523732535.000
0.040,-0.053,-0.091,1.535,1.224,0.289,523732636.000
0.039,-0.056,-0.098,1.506,1.248,0.279,523732736.000
0.037,-0.057,-0.093,1.512,1.253,0.289,523732836.000
0.035,-0.054,-0.098,1.562,1.249,0.261,523732936.000
0.037,-0.057,-0.095,1.512,1.221,0.261,523733036.000
0.037,-0.055,-0.088,1.568,1.246,0.298,523733136.000
0.042,-0.055,-0.091,1.542,1.236,0.298,523733236.000
0.035,-0.054,-0.093,1.562,1.266,0.261,523733336.000
0.040,-0.056,-0.095,1.520,1.208,0.252,523733435.000
0.037,-0.055,-0.095,1.541,1.245,0.270,523733536.000
0.039,-0.056,-0.088,1.547,1.257,0.280,523733636.000
0.039,-0.054,-0.095,1.535,1.256,0.234,523733735.000
0.039,-0.059,-0.095,1.519,1.232,0.270,523733834.000
0.037,-0.057,-0.095,1.526,1.245,0.261,523733934.000
0.040,-0.051,-0.095,1.578,1.208,0.270,523734035.000
0.037,-0.057,-0.098,1.540,1.237,0.261,523734134.000
0.039,-0.054,-0.093,1.562,1.241,0.261,523734235.000
0.042,-0.052,-0.083,1.556,1.237,0.280,523734335.000
0.042,-0.052,-0.090,1.570,1.212,0.252,523734435.000
0.039,-0.051,-0.090,1.564,1.249,0.270,523734536.000
0.037,-0.052,-0.088,1.569,1.270,0.252,523734636.000
0.042,-0.055,-0.088,1.541,1.220,0.271,523734735.000
0.042,-0.055,-0.085,1.555,1.229,0.271,523734834.000
0.037,-0.057,-0.088,1.525,1.246,0.261,523734934.000
0.039,-0.056,-0.093,1.547,1.241,0.280,523735035.000
0.037,-0.050,-0.091,1.585,1.286,0.289,523735134.000
0.039,-0.059,-0.088,1.518,1.281,0.271,523735234.000
0.042,-0.057,-0.091,1.526,1.236,0.289,523735335.000
0.039,-0.054,-0.090,1.535,1.273,0.261,523735434.000
0.044,-0.053,-0.088,1.563,1.232,0.290,523735534.000
0.037,-0.060,-0.093,1.511,1.277,0.280,523735635.000
0.042,-0.055,-0.093,1.541,1.252,0.271,523735735.000
0.042,-0.055,-0.095,1.527,1.244,0.243,523735834.000
0.039,-0.053,-0.093,1.563,1.241,0.289,523735935.000
0.037,-0.052,-0.095,1.556,1.293,0.252,523736034.000
0.042,-0.055,-0.095,1.528,1.292,0.271,523736135.000
0.042,-0.057,-0.088,1.553,1.269,0.262,523736234.000
0.042,-0.060,-0.095,1.483,1.268,0.252,523736334.000
0.039,-0.059,-0.095,1.505,1.256,0.270,523736435.000
0.037,-0.055,-0.095,1.555,1.269,0.270,523736534.000
0.039,-0.056,-0.093,1.506,1.264,0.280,523736634.000
0.039,-0.056,-0.095,1.520,1.256,0.280,523736735.000
0.042,-0.055,-0.100,1.514,1.251,0.243,523736834.000
0.039,-0.054,-0.090,1.535,1.273,0.261,523736934.000
0.042,-0.055,-0.090,1.527,1.260,0.271,523737035.000
0.037,-0.052,-0.093,1.515,1.301,0.279,523737134.000
0.037,-0.057,-0.090,1.525,1.262,0.261,523737235.000
0.044,-0.056,-0.090,1.547,1.248,0.253,523737335.000
0.042,-0.055,-0.093,1.514,1.252,0.271,523737434.000
0.042,-0.055,-0.090,1.541,1.236,0.271,523737534.000
0.039,-0.054,-0.095,1.549,1.281,0.261,523737634.000
0.039,-0.061,-0.091,1.462,1.273,0.261,523737735.000
0.039,-0.059,-0.098,1.505,1.272,0.271,523737835.000
0.044,-0.059,-0.090,1.491,1.272,0.271,523737935.000
0.037,-0.050,-0.095,1.571,1.293,0.261,523738035.000
0.037,-0.057,-0.095,1.512,1.269,0.261,523738135.000
0.039,-0.051,-0.095,1.550,1.256,0.270,523738235.000
0.042,-0.055,-0.093,1.486,1.251,0.270,523738334.000
0.039,-0.056,-0.091,1.520,1.273,0.280,523738435.000
0.042,-0.052,-0.095,1.515,1.243,0.252,523738534.000
0.042,-0.057,-0.098,1.513,1.259,0.261,523738634.000
0.039,-0.051,-0.093,1.550,1.289,0.271,523738735.000
0.039,-0.059,-0.098,1.464,1.248,0.270,523738835.000
0.037,-0.052,-0.095,1.543,1.269,0.279,523738934.000
0.042,-0.057,-0.095,1.512,1.244,0.234,523739035.000
0.037,-0.052,-0.090,1.542,1.286,0.252,523739134.000
0.037,-0.055,-0.096,1.500,1.269,0.270,523739235.000
0.035,-0.054,-0.093,1.548,1.290,0.261,523739335.000
0.037,-0.057,-0.098,1.498,1.261,0.261,523739434.000
0.042,-0.057,-0.095,1.512,1.244,0.261,523739534.000
0.044,-0.056,-0.098,1.507,1.222,0.280,523739634.000
0.042,-0.052,-0.098,1.529,1.235,0.252,523739734.000
0.042,-0.057,-0.088,1.512,1.244,0.289,523739834.000
0.039,-0.054,-0.093,1.535,1.289,0.261,523739935.000
0.039,-0.059,-0.093,1.505,1.240,0.270,523740035.000
0.037,-0.055,-0.093,1.499,1.253,0.270,523740134.000
0.042,-0.057,-0.093,1.526,1.252,0.289,523740234.000
0.037,-0.055,-0.093,1.499,1.253,0.270,523740335.000
0.044,-0.056,-0.095,1.548,1.280,0.253,523740434.000
0.046,-0.055,-0.090,1.514,1.210,0.271,523740534.000
0.039,-0.053,-0.093,1.521,1.264,0.289,523740634.000
0.039,-0.056,-0.095,1.520,1.256,0.280,523740734.000
0.037,-0.055,-0.088,1.513,1.294,0.270,523740835.000
0.039,-0.054,-0.090,1.521,1.249,0.261,523740935.000
0.037,-0.055,-0.088,1.527,1.270,0.270,523741034.000
0.039,-0.054,-0.090,1.548,1.249,0.261,523741134.000
0.039,-0.053,-0.093,1.549,1.265,0.289,523741234.000
0.039,-0.064,-0.098,1.447,1.272,0.280,523741335.000
0.044,-0.051,-0.095,1.551,1.231,0.271,523741434.000
0.039,-0.054,-0.093,1.549,1.265,0.261,523741535.000
0.044,-0.053,-0.096,1.495,1.255,0.289,523741634.000
0.039,-0.059,-0.093,1.505,1.240,0.270,523741734.000
0.039,-0.056,-0.093,1.520,1.240,0.280,523741835.000
0.037,-0.058,-0.103,1.498,1.293,0.233,523741934.000
0.037,-0.057,-0.093,1.512,1.253,0.261,523742035.000
0.044,-0.056,-0.093,1.492,1.215,0.252,523742135.000
0.042,-0.052,-0.091,1.515,1.260,0.280,523742236.000
0.039,-0.053,-0.086,1.548,1.265,0.289,523742335.000
0.042,-0.055,-0.093,1.514,1.252,0.271,523742435.000
0.037,-0.058,-0.095,1.512,1.269,0.233,523742536.000
0.037,-0.055,-0.091,1.513,1.261,0.270,523742635.000
0.035,-0.056,-0.091,1.547,1.299,0.280,523742735.000
0.039,-0.056,-0.091,1.506,1.248,0.279,523742835.000
0.039,-0.051,-0.093,1.564,1.265,0.271,523742936.000
0.037,-0.055,-0.095,1.513,1.293,0.243,523743035.000
0.039,-0.054,-0.100,1.522,1.264,0.261,523743136.000
0.039,-0.061,-0.095,1.476,1.280,0.261,523743235.000
0.044,-0.048,-0.095,1.580,1.255,0.280,523743336.000
0.037,-0.052,-0.093,1.542,1.253,0.279,523743436.000
0.044,-0.053,-0.098,1.509,1.246,0.289,523743536.000
0.042,-0.057,-0.090,1.512,1.260,0.262,523743635.000
0.039,-0.051,-0.088,1.536,1.233,0.298,523743735.000
0.040,-0.054,-0.103,1.508,1.255,0.233,523743836.000
0.037,-0.052,-0.098,1.515,1.285,0.279,523743935.000
0.042,-0.055,-0.088,1.527,1.244,0.271,523744036.000
0.044,-0.053,-0.098,1.508,1.247,0.261,523744136.000
0.042,-0.052,-0.090,1.529,1.236,0.252,523744236.000
0.044,-0.051,-0.090,1.550,1.247,0.271,523744336.000
0.039,-0.054,-0.088,1.521,1.281,0.261,523744435.000
0.042,-0.057,-0.090,1.512,1.260,0.262,523744535.000
0.042,-0.057,-0.096,1.513,1.243,0.289,523744635.000
0.037,-0.052,-0.098,1.542,1.285,0.252,523744735.000
0.042,-0.057,-0.095,1.512,1.244,0.261,523744836.000
0.037,-0.057,-0.088,1.498,1.294,0.289,523744936.000
0.042,-0.057,-0.093,1.485,1.276,0.261,523745035.000
0.039,-0.059,-0.093,1.477,1.289,0.270,523745135.000
0.037,-0.050,-0.093,1.530,1.301,0.261,523745236.000
0.041,-0.060,-0.091,1.470,1.308,0.280,523745336.000
0.044,-0.056,-0.095,1.534,1.255,0.280,523745436.000
0.041,-0.055,-0.095,1.514,1.316,0.243,523745536.000
0.044,-0.051,-0.093,1.551,1.312,0.299,523745635.000
0.044,-0.059,-0.093,1.478,1.263,0.299,523745735.000
0.044,-0.054,-0.098,1.508,1.295,0.262,523745835.000
0.044,-0.056,-0.091,1.507,1.320,0.281,523745936.000
0.041,-0.055,-0.093,1.555,1.325,0.244,523746036.000
0.044,-0.059,-0.091,1.492,1.320,0.299,523746136.000
0.044,-0.051,-0.095,1.537,1.304,0.244,523746235.000
0.041,-0.047,-0.090,1.532,1.333,0.271,523746336.000
0.043,-0.059,-0.095,1.464,1.352,0.271,523746435.000
0.041,-0.057,-0.100,1.472,1.348,0.262,523746535.000
0.041,-0.052,-0.098,1.516,1.356,0.280,523746636.000
0.039,-0.056,-0.093,1.492,1.386,0.253,523746736.000
0.041,-0.052,-0.090,1.543,1.406,0.281,523746836.000
0.043,-0.054,-0.090,1.494,1.368,0.262,523746936.000
0.041,-0.060,-0.091,1.484,1.381,0.309,523747036.000
0.041,-0.052,-0.095,1.488,1.389,0.253,523747136.000
0.042,-0.060,-0.095,1.608,1.245,0.281,523747236.000
0.038,-0.052,-0.088,1.542,1.124,0.278,523747336.000
0.034,-0.060,-0.091,1.483,0.947,0.332,523747435.000
0.016,-0.035,-0.071,1.221,0.470,0.229,523747535.000
0.007,-0.022,-0.086,1.040,-0.052,0.221,523747636.000
-0.006,0.001,-0.087,0.793,-0.815,0.192,523747735.000
-0.025,0.014,-0.092,0.507,-1.581,0.170,523747835.000
-0.042,0.037,-0.085,0.149,-2.513,0.137,523747935.000
-0.056,0.057,-0.088,-0.016,-3.041,0.073,523748035.000
-0.075,0.076,-0.066,-0.384,-3.934,0.069,523748136.000
-0.094,0.101,-0.077,-0.665,-4.766,0.028,523748236.000
-0.115,0.118,-0.065,-0.957,-5.631,0.033,523748336.000
-0.129,0.145,-0.073,-1.278,-6.504,0.001,523748435.000
-0.149,0.164,-0.061,-1.687,-7.358,-0.060,523748535.000
-0.172,0.199,-0.064,-1.976,-8.237,-0.038,523748636.000
-0.189,0.214,-0.062,-2.283,-9.112,-0.069,523748735.000
-0.212,0.236,-0.058,-2.663,-10.111,-0.094,523748836.000
-0.229,0.262,-0.051,-3.006,-10.946,-0.089,523748935.000
-0.254,0.282,-0.052,-3.324,-11.924,-0.105,523749036.000
-0.268,0.309,-0.052,-3.700,-12.797,-0.137,523749136.000
-0.293,0.335,-0.048,-4.058,-13.736,-0.162,523749235.000
-0.314,0.366,-0.044,-4.481,-14.724,-0.169,523749336.000
-0.327,0.387,-0.032,-4.923,-15.641,-0.211,523749435.000
-0.356,0.418,-0.040,-5.277,-16.620,-0.191,523749536.000
-0.379,0.442,-0.028,-5.615,-17.570,-0.206,523749636.000
-0.400,0.470,-0.032,-6.067,-18.584,-0.223,523749735.000
-0.421,0.494,-0.025,-6.453,-19.539,-0.229,523749835.000
-0.444,0.523,-0.028,-6.855,-20.516,-0.227,523749935.000
-0.464,0.547,-0.019,-7.255,-21.560,-0.206,523750035.000
-0.496,0.579,-0.012,-7.672,-22.550,-0.196,523750136.000
-0.516,0.605,-0.013,-8.043,-23.651,-0.250,523750235.000
-0.544,0.632,-0.009,-8.447,-24.626,-0.202,523750336.000
-0.564,0.661,-0.007,-8.816,-25.671,-0.190,523750435.000
-0.589,0.689,-0.003,-9.269,-26.755,-0.181,523750536.000
-0.614,0.723,0.003,-9.608,-27.807,-0.151,523750636.000
-0.639,0.751,0.000,-10.019,-28.868,-0.141,523750736.000
-0.664,0.777,0.007,-10.376,-29.919,-0.111,523750836.000
-0.689,0.803,0.006,-10.788,-30.971,-0.110,523750935.000
-0.718,0.834,0.017,-11.171,-31.981,-0.091,523751036.000
-0.739,0.860,0.017,-11.514,-33.082,-0.116,523751135.000
-0.763,0.892,0.016,-11.908,-34.159,-0.014,523751235.000
-0.795,0.919,0.025,-12.301,-35.164,0.006,523751336.000
-0.815,0.945,0.019,-12.698,-36.234,0.035,523751436.000
-0.840,0.971,0.028,-13.041,-37.277,0.065,523751535.000
-0.863,1.001,0.020,-13.512,-38.295,0.094,523751635.000
-0.888,1.032,0.041,-13.895,-39.394,0.141,523751735.000
-0.913,1.060,0.040,-14.278,-40.373,0.180,523751836.000
-0.944,1.088,0.032,-14.696,-41.461,0.226,523751935.000
-0.963,1.118,0.038,-15.126,-42.624,0.254,523752036.000
-0.996,1.144,0.047,-15.511,-43.689,0.338,523752136.000
-1.019,1.179,0.046,-15.829,-44.778,0.358,523752236.000
-1.044,1.202,0.048,-16.241,-45.822,0.433,523752336.000
-1.079,1.235,0.052,-16.644,-46.940,0.497,523752435.000
-1.100,1.264,0.056,-17.013,-47.904,0.536,523752536.000
-1.127,1.296,0.062,-17.360,-49.088,0.573,523752636.000
-1.156,1.314,0.066,-17.707,-50.098,0.686,523752736.000
-1.181,1.353,0.058,-18.097,-51.200,0.732,523752836.000
-1.212,1.378,0.067,-18.490,-52.229,0.798,523752936.000
-1.231,1.406,0.083,-18.894,-53.286,0.902,523753036.000
-1.262,1.436,0.075,-19.214,-54.373,0.958,523753135.000
-1.287,1.459,0.086,-19.571,-55.384,1.061,523753236.000
-1.314,1.495,0.080,-19.943,-56.465,1.163,523753336.000
-1.337,1.522,0.084,-20.333,-57.489,1.211,523753436.000
-1.364,1.549,0.085,-20.737,-58.593,1.313,523753536.000
-1.387,1.566,0.075,-21.075,-59.473,1.409,523753636.000
-1.402,1.593,0.084,-21.313,-60.117,1.463,523753736.000
-1.412,1.614,0.088,-21.876,-60.504,1.480,523753835.000
-1.418,1.639,0.095,-22.285,-60.616,1.492,523753936.000
-1.407,1.656,0.097,-22.889,-60.533,1.452,523754036.000
-1.399,1.680,0.096,-23.620,-60.277,1.420,523754136.000
-1.380,1.692,0.091,-24.252,-60.051,1.446,523754235.000
-1.376,1.716,0.093,-24.860,-59.809,1.387,523754335.000
-1.364,1.737,0.090,-25.550,-59.610,1.346,523754436.000
-1.357,1.762,0.097,-26.192,-59.485,1.360,523754535.000
-1.347,1.782,0.097,-26.822,-59.362,1.301,523754635.000
-1.336,1.807,0.093,-27.462,-59.248,1.315,523754736.000
-1.332,1.826,0.095,-28.072,-59.150,1.292,523754835.000
-1.328,1.850,0.100,-28.680,-59.021,1.287,523754936.000
-1.319,1.871,0.097,-29.385,-58.967,1.273,523755036.000
-1.315,1.895,0.099,-29.951,-58.894,1.268,523755136.000
-1.306,1.917,0.103,-30.588,-58.862,1.226,523755236.000
-1.300,1.929,0.103,-31.098,-58.809,1.222,523755335.000
-1.295,1.958,0.095,-31.729,-58.746,1.235,523755436.000
-1.291,1.982,0.092,-32.475,-58.716,1.173,523755535.000
-1.286,2.003,0.103,-33.043,-58.730,1.186,523755635.000
-1.277,2.022,0.103,-33.695,-58.716,1.163,523755736.000
-1.277,2.051,0.107,-34.287,-58.682,1.147,523755835.000
-1.268,2.078,0.104,-34.975,-58.701,1.150,523755936.000
-1.262,2.101,0.111,-35.618,-58.746,1.126,523756036.000
-1.257,2.119,0.113,-36.312,-58.746,1.101,523756136.000
-1.255,2.142,0.105,-36.885,-58.742,1.105,523756236.000
-1.252,2.167,0.104,-37.485,-58.762,1.089,523756335.000
-1.248,2.194,0.114,-38.079,-58.762,1.065,523756436.000
-1.239,2.215,0.113,-38.756,-58.772,1.050,523756535.000
-1.243,2.237,0.115,-39.395,-58.794,1.006,523756636.000
-1.238,2.263,0.109,-40.055,-58.819,1.009,523756735.000
-1.230,2.287,0.111,-40.663,-58.845,1.003,523756836.000
-1.227,2.312,0.128,-41.279,-58.855,0.960,523756936.000
-1.220,2.335,0.123,-41.879,-58.893,0.964,523757035.000
-1.220,2.359,0.122,-42.515,-58.949,0.957,523757136.000
-1.218,2.382,0.121,-43.131,-58.968,0.932,523757235.000
-1.211,2.407,0.123,-43.744,-58.957,0.917,523757336.000
-1.208,2.430,0.130,-44.388,-59.073,0.892,523757435.000
-1.206,2.453,0.122,-44.990,-59.118,0.867,523757536.000
-1.201,2.474,0.122,-45.640,-59.103,0.852,523757636.000
-1.199,2.502,0.126,-46.281,-59.155,0.845,523757735.000
-1.192,2.530,0.135,-46.825,-59.288,0.811,523757835.000
-1.189,2.555,0.135,-47.522,-59.284,0.767,523757936.000
-1.189,2.571,0.129,-48.217,-59.333,0.760,523758035.000
-1.184,2.603,0.139,-48.794,-59.405,0.754,523758135.000
-1.178,2.623,0.136,-49.397,-59.482,0.693,523758235.000
-1.182,2.644,0.147,-50.049,-59.495,0.676,523758335.000
-1.177,2.668,0.142,-50.533,-59.519,0.671,523758435.000
-1.173,2.687,0.134,-50.756,-59.500,0.678,523758535.000
-1.169,2.682,0.137,-50.799,-59.372,0.717,523758635.000
-1.165,2.671,0.127,-50.720,-59.235,0.738,523758735.000
-1.166,2.660,0.132,-50.394,-59.021,0.789,523758835.000
-1.162,2.644,0.132,-50.043,-58.849,0.823,523758936.000
-1.160,2.630,0.130,-49.753,-58.624,0.846,523759035.000
-1.157,2.619,0.130,-49.454,-58.500,0.869,523759135.000
-1.155,2.610,0.133,-49.189,-58.308,0.911,523759235.000
-1.151,2.596,0.124,-48.946,-58.145,0.897,523759334.000
-1.147,2.588,0.131,-48.716,-58.022,0.929,523759435.000
-1.144,2.572,0.116,-48.557,-57.901,0.932,523759535.000
-1.142,2.568,0.127,-48.290,-57.708,0.964,523759635.000
-1.142,2.558,0.124,-48.129,-57.544,0.986,523759736.000
-1.139,2.547,0.127,-47.941,-57.438,1.008,523759835.000
-1.135,2.536,0.122,-47.780,-57.332,0.974,523759935.000
-1.133,2.532,0.118,-47.581,-57.214,0.978,523760037.000
-1.131,2.523,0.120,-47.427,-57.071,1.018,523760136.000
-1.132,2.518,0.120,-47.264,-56.924,1.057,523760236.000
-1.126,2.511,0.118,-47.094,-56.823,1.052,523760336.000
-1.122,2.500,0.118,-46.961,-56.701,1.046,523760435.000
-1.124,2.499,0.118,-46.803,-56.590,1.057,523760536.000
-1.118,2.487,0.116,-46.732,-56.465,1.060,523760635.000
-1.118,2.484,0.124,-46.554,-56.366,1.081,523760735.000
-1.119,2.478,0.116,-46.405,-56.243,1.065,523760836.000
-1.117,2.467,0.119,-46.335,-56.125,1.095,523760935.000
-1.115,2.465,0.119,-46.135,-56.015,1.080,523761036.000
-1.113,2.456,0.114,-46.049,-55.946,1.118,523761136.000
-1.114,2.453,0.107,-45.940,-55.824,1.111,523761236.000
-1.110,2.450,0.107,-45.830,-55.727,1.104,523761335.000
-1.101,2.443,0.117,-45.695,-55.670,1.135,523761436.000
-1.104,2.436,0.112,-45.609,-55.552,1.128,523761536.000
-1.104,2.433,0.112,-45.542,-55.454,1.120,523761635.000
-1.102,2.426,0.115,-45.428,-55.360,1.113,523761736.000
-1.096,2.415,0.110,-45.343,-55.292,1.116,523761836.000
-1.096,2.414,0.108,-45.232,-55.178,1.118,523761936.000
-1.094,2.413,0.113,-45.129,-55.076,1.129,523762035.000
-1.090,2.408,0.108,-45.049,-55.020,1.113,523762135.000
-1.093,2.406,0.116,-44.919,-54.908,1.151,523762236.000
-1.091,2.394,0.108,-44.876,-54.824,1.126,523762336.000
-1.087,2.391,0.106,-44.766,-54.759,1.119,523762436.000
-1.083,2.389,0.104,-44.698,-54.720,1.139,523762535.000
-1.087,2.383,0.104,-44.590,-54.596,1.149,523762636.000
-1.081,2.382,0.104,-44.473,-54.560,1.161,523762736.000
-1.084,2.378,0.109,-44.427,-54.457,1.162,523762836.000
-1.082,2.371,0.101,-44.354,-54.373,1.155,523762936.000
-1.078,2.369,0.104,-44.286,-54.316,1.147,523763035.000
-1.078,2.366,0.107,-44.150,-54.209,1.140,523763136.000
-1.072,2.362,0.107,-44.116,-54.150,1.142,523763236.000
-1.072,2.359,0.109,-44.007,-54.092,1.162,523763335.000
-1.074,2.358,0.105,-43.905,-53.998,1.145,523763436.000
-1.072,2.346,0.097,-43.917,-53.914,1.146,523763536.000
-1.073,2.348,0.105,-43.833,-53.840,1.129,523763635.000
-1.068,2.340,0.097,-43.781,-53.792,1.131,523763736.000
-1.067,2.342,0.105,-43.663,-53.706,1.151,523763835.000
-1.069,2.338,0.105,-43.645,-53.620,1.152,523763935.000
-1.063,2.331,0.098,-43.571,-53.561,1.145,523764036.000
-1.065,2.330,0.110,-43.497,-53.482,1.155,523764135.000
-1.061,2.322,0.103,-43.459,-53.459,1.157,523764236.000
-1.061,2.321,0.098,-43.362,-53.353,1.131,523764335.000
-1.059,2.320,0.103,-43.272,-53.276,1.170,523764436.000
-1.057,2.319,0.108,-43.198,-53.222,1.153,523764536.000
-1.058,2.313,0.103,-43.172,-53.142,1.163,523764636.000
-1.055,2.309,0.101,-43.098,-53.113,1.137,523764736.000
-1.054,2.308,0.098,-43.036,-53.036,1.147,523764836.000
-1.054,2.305,0.106,-42.983,-52.962,1.139,523764935.000
-1.050,2.300,0.103,-42.930,-52.923,1.150,523765035.000
-1.052,2.299,0.098,-42.882,-52.829,1.160,523765136.000
-1.048,2.293,0.096,-42.856,-52.789,1.143,523765235.000
-1.048,2.293,0.099,-42.746,-52.756,1.144,523765336.000
-1.046,2.289,0.094,-42.699,-52.663,1.146,523765435.000
-1.048,2.285,0.101,-42.668,-52.601,1.147,523765535.000
-1.046,2.284,0.099,-42.578,-52.524,1.158,523765635.000
-1.040,2.280,0.099,-42.531,-52.537,1.159,523765736.000
-1.047,2.281,0.106,-42.483,-52.425,1.150,523765836.000
-1.038,2.273,0.094,-42.458,-52.420,1.124,523765936.000
-1.041,2.269,0.097,-42.426,-52.326,1.125,523766035.000
-1.039,2.273,0.099,-42.320,-52.257,1.155,523766136.000
-1.039,2.268,0.097,-42.267,-52.191,1.165,523766236.000
-1.039,2.265,0.089,-42.254,-52.143,1.156,523766335.000
-1.033,2.261,0.092,-42.208,-52.124,1.158,523766436.000
-1.035,2.260,0.095,-42.174,-52.054,1.140,523766535.000
-1.033,2.256,0.092,-42.114,-52.002,1.142,523766635.000
-1.031,2.257,0.095,-42.093,-51.957,1.133,523766735.000
-1.029,2.250,0.092,-42.047,-51.905,1.153,523766835.000
-1.031,2.251,0.092,-41.985,-51.843,1.144,523766935.000
-1.034,2.247,0.097,-41.939,-51.789,1.145,523767035.000
-1.030,2.247,0.095,-41.897,-51.725,1.147,523767135.000
-1.028,2.249,0.095,-41.834,-51.689,1.139,523767235.000
-1.028,2.243,0.093,-41.809,-51.624,1.149,523767335.000
-1.026,2.239,0.085,-41.776,-51.588,1.122,523767436.000
-1.026,2.239,0.095,-41.707,-51.530,1.151,523767535.000
-1.022,2.236,0.093,-41.667,-51.490,1.115,523767636.000
-1.020,2.230,0.090,-41.649,-51.487,1.107,523767736.000
-1.018,2.231,0.093,-41.586,-51.418,1.127,523767835.000
-1.018,2.229,0.090,-41.559,-51.377,1.146,523767935.000
-1.020,2.227,0.091,-41.498,-51.291,1.128,523768036.000
-1.018,2.223,0.096,-41.480,-51.263,1.129,523768136.000
-1.018,2.220,0.093,-41.454,-51.222,1.121,523768236.000
-1.014,2.223,0.086,-41.382,-51.151,1.132,523768336.000
-1.019,2.215,0.088,-41.400,-51.092,1.132,523768435.000
-1.017,2.216,0.093,-41.324,-51.064,1.124,523768536.000
-1.015,2.215,0.096,-41.276,-51.043,1.134,523768635.000
-1.013,2.211,0.091,-41.271,-50.975,1.135,523768736.000
-1.010,2.210,0.089,-41.209,-50.947,1.118,523768836.000
-1.011,2.210,0.093,-41.168,-50.906,1.146,523768935.000
-1.013,2.200,0.093,-41.207,-50.820,1.156,523769036.000
-1.007,2.204,0.086,-41.087,-50.834,1.102,523769135.000
-1.007,2.202,0.089,-41.075,-50.801,1.121,523769236.000
-1.005,2.203,0.089,-41.025,-50.741,1.113,523769335.000
-1.007,2.196,0.091,-40.967,-50.670,1.132,523769435.000
-1.007,2.194,0.086,-40.954,-50.638,1.124,523769536.000
-1.003,2.196,0.084,-40.897,-50.623,1.106,523769635.000
-1.003,2.191,0.084,-40.886,-50.550,1.116,523769735.000
-1.005,2.192,0.092,-40.866,-50.512,1.107,523769836.000
-1.005,2.192,0.089,-40.796,-50.471,1.108,523769936.000
-1.001,2.184,0.084,-40.813,-50.416,1.109,523770035.000
-1.001,2.189,0.089,-40.728,-50.399,1.101,523770135.000
-0.999,2.180,0.089,-40.767,-50.339,1.111,523770236.000
-0.999,2.183,0.089,-40.697,-50.338,1.121,523770336.000
-0.997,2.181,0.084,-40.690,-50.295,1.103,523770436.000
-0.993,2.179,0.092,-40.595,-50.270,1.096,523770536.000
-0.998,2.176,0.087,-40.596,-50.188,1.086,523770636.000
-0.996,2.177,0.090,-40.547,-50.192,1.106,523770735.000
-0.991,2.169,0.087,-40.550,-50.129,1.107,523770835.000
-0.994,2.176,0.085,-40.499,-50.075,1.089,523770936.000
-0.989,2.170,0.085,-40.460,-50.076,1.099,523771035.000
-0.994,2.170,0.087,-40.419,-49.993,1.100,523771136.000
-0.992,2.166,0.082,-40.413,-49.974,1.100,523771236.000
-0.990,2.165,0.087,-40.407,-49.946,1.110,523771336.000
-0.990,2.160,0.082,-40.382,-49.913,1.093,523771436.000
-0.992,2.161,0.085,-40.375,-49.868,1.083,523771536.000
-0.986,2.162,0.085,-40.270,-49.832,1.104,523771636.000
-0.986,2.162,0.085,-40.256,-49.808,1.104,523771735.000
-0.988,2.153,0.083,-40.282,-49.779,1.086,523771836.000
-0.986,2.157,0.083,-40.204,-49.743,1.087,523771935.000
-0.984,2.153,0.088,-40.213,-49.714,1.088,523772035.000
-0.982,2.154,0.088,-40.164,-49.703,1.079,523772135.000
-0.987,2.152,0.095,-40.138,-49.603,1.098,523772235.000
-0.982,2.149,0.088,-40.111,-49.605,1.090,523772336.000
-0.985,2.150,0.083,-40.076,-49.560,1.081,523772436.000
-0.980,2.147,0.083,-40.063,-49.537,1.073,523772535.000
-0.980,2.142,0.075,-40.065,-49.489,1.082,523772636.000
-0.983,2.143,0.088,-39.976,-49.458,1.074,523772735.000
-0.979,2.143,0.083,-39.961,-49.427,1.075,523772835.000
-0.981,2.139,0.083,-39.943,-49.389,1.075,523772936.000
-0.981,2.139,0.078,-39.929,-49.333,1.076,523773036.000
-0.977,2.137,0.088,-39.916,-49.325,1.068,523773135.000
-0.979,2.138,0.091,-39.881,-49.280,1.086,523773236.000
-0.979,2.133,0.083,-39.829,-49.231,1.069,523773336.000
-0.975,2.135,0.076,-39.813,-49.209,1.051,523773436.000
-0.977,2.134,0.091,-39.794,-49.194,1.088,523773535.000
-0.975,2.127,0.081,-39.803,-49.143,1.080,523773636.000
-0.975,2.127,0.076,-39.761,-49.135,1.080,523773735.000
-0.973,2.126,0.081,-39.769,-49.083,1.090,523773835.000
-0.971,2.127,0.081,-39.706,-49.046,1.054,523773936.000
-0.971,2.125,0.079,-39.666,-49.030,1.074,523774036.000
-0.976,2.124,0.081,-39.639,-48.972,1.074,523774136.000
-0.969,2.123,0.091,-39.591,-48.976,1.084,523774236.000
-0.969,2.123,0.086,-39.591,-48.944,1.057,523774336.000
-0.967,2.124,0.081,-39.527,-48.924,1.076,523774436.000
-0.967,2.119,0.081,-39.558,-48.876,1.058,523774536.000
-0.970,2.120,0.084,-39.523,-48.830,1.049,523774636.000
-0.967,2.114,0.081,-39.560,-48.827,1.068,523774736.000
-0.968,2.114,0.084,-39.505,-48.794,1.069,523774836.000
-0.968,2.114,0.084,-39.477,-48.745,1.097,523774936.000
-0.968,2.111,0.076,-39.451,-48.721,1.061,523775035.000
-0.966,2.107,0.079,-39.446,-48.701,1.061,523775136.000
-0.964,2.111,0.084,-39.410,-48.673,1.034,523775235.000
-0.964,2.108,0.082,-39.342,-48.656,1.054,523775335.000
-0.964,2.106,0.082,-39.371,-48.632,1.045,523775435.000
-0.962,2.110,0.082,-39.334,-48.572,1.045,523775535.000
-0.960,2.106,0.084,-39.274,-48.551,1.047,523775635.000
-0.964,2.098,0.084,-39.320,-48.477,1.047,523775736.000
-0.964,2.100,0.077,-39.277,-48.478,1.028,523775835.000
-0.960,2.105,0.082,-39.163,-48.486,1.048,523775935.000
-0.958,2.101,0.079,-39.186,-48.434,1.049,523776035.000
-0.958,2.101,0.082,-39.186,-48.401,1.049,523776135.000
-0.956,2.097,0.074,-39.167,-48.390,1.022,523776235.000
-0.958,2.096,0.084,-39.133,-48.368,1.059,523776336.000
-0.956,2.097,0.082,-39.084,-48.340,1.023,523776435.000
-0.956,2.095,0.080,-39.099,-48.276,1.015,523776536.000
-0.961,2.092,0.077,-39.087,-48.234,1.033,523776635.000
-0.958,2.093,0.082,-39.038,-48.254,1.052,523776736.000
-0.956,2.089,0.080,-39.033,-48.202,1.025,523776835.000
-0.952,2.089,0.082,-38.977,-48.194,1.054,523776936.000
-0.954,2.093,0.070,-38.940,-48.175,1.026,523777036.000
-0.954,2.088,0.077,-38.971,-48.125,1.036,523777137.000
-0.950,2.085,0.077,-38.972,-48.126,1.027,523777236.000
-0.950,2.088,0.080,-38.929,-48.094,1.037,523777336.000
-0.953,2.081,0.072,-38.953,-48.057,1.028,523777436.000
-0.953,2.079,0.080,-38.941,-48.056,1.047,523777536.000
-0.950,2.083,0.072,-38.890,-48.021,1.020,523777636.000
-0.951,2.083,0.080,-38.863,-47.972,1.048,523777736.000
-0.951,2.080,0.075,-38.837,-47.963,1.012,523777837.000
-0.949,2.084,0.078,-38.786,-47.943,1.012,523777937.000
-0.953,2.076,0.075,-38.790,-47.877,1.040,523778036.000
-0.951,2.080,0.075,-38.754,-47.866,1.013,523778136.000
-0.949,2.076,0.080,-38.749,-47.861,1.014,523778236.000
-0.947,2.075,0.080,-38.756,-47.826,1.024,523778337.000
-0.947,2.077,0.078,-38.672,-47.785,1.034,523778436.000
-0.951,2.074,0.070,-38.687,-47.760,1.024,523778536.000
-0.947,2.072,0.073,-38.674,-47.753,1.016,523778637.000
-0.945,2.073,0.078,-38.625,-47.724,1.035,523778737.000
-0.947,2.072,0.075,-38.661,-47.696,1.016,523778837.000
-0.945,2.068,0.073,-38.628,-47.692,1.017,523778936.000
-0.941,2.065,0.075,-38.615,-47.685,1.009,523779036.000
-0.943,2.064,0.078,-38.609,-47.615,1.018,523779137.000
-0.943,2.069,0.070,-38.523,-47.615,1.010,523779236.000
-0.939,2.061,0.073,-38.568,-47.608,1.010,523779336.000
-0.943,2.064,0.075,-38.540,-47.526,0.992,523779436.000
-0.941,2.062,0.078,-38.506,-47.530,1.030,523779536.000
-0.937,2.060,0.075,-38.507,-47.515,1.021,523779636.000
-0.937,2.060,0.080,-38.466,-47.474,1.022,523779736.000
-0.942,2.057,0.076,-38.453,-47.416,1.013,523779837.000
-0.939,2.058,0.071,-38.445,-47.445,1.004,523779936.000
-0.937,2.060,0.073,-38.424,-47.450,1.022,523780036.000
-0.937,2.057,0.078,-38.384,-47.384,1.014,523780136.000
-0.937,2.052,0.068,-38.372,-47.344,0.996,523780236.000
-0.935,2.053,0.081,-38.352,-47.364,1.015,523780337.000
-0.935,2.055,0.076,-38.295,-47.307,0.997,523780436.000
-0.938,2.051,0.076,-38.332,-47.270,0.997,523780536.000
-0.940,2.050,0.078,-38.326,-47.249,1.007,523780636.000
-0.938,2.051,0.076,-38.263,-47.245,0.998,523780736.000
-0.936,2.048,0.071,-38.285,-47.226,0.999,523780836.000
-0.934,2.051,0.081,-38.221,-47.229,0.999,523780937.000
-0.936,2.045,0.073,-38.245,-47.144,0.990,523781036.000
-0.932,2.047,0.076,-38.215,-47.161,1.000,523781136.000
-0.927,2.045,0.074,-38.189,-47.195,0.992,523781236.000
-0.932,2.045,0.074,-38.162,-47.121,0.992,523781337.000
-0.932,2.042,0.076,-38.191,-47.112,0.983,523781436.000
-0.932,2.047,0.078,-38.146,-47.056,1.029,523781536.000
-0.934,2.041,0.079,-38.130,-47.042,0.993,523781636.000
-0.930,2.043,0.074,-38.113,-47.036,1.003,523781736.000
-0.930,2.041,0.081,-38.074,-46.986,0.994,523781836.000
-0.930,2.041,0.076,-38.032,-46.978,0.995,523781936.000
-0.928,2.039,0.076,-38.040,-46.991,1.004,523782036.000
-0.932,2.034,0.076,-38.084,-46.941,0.985,523782136.000
-0.928,2.037,0.074,-38.041,-46.950,0.995,523782236.000
-0.926,2.038,0.074,-38.005,-46.914,0.987,523782337.000
-0.926,2.035,0.076,-37.993,-46.882,1.006,523782436.000
-0.926,2.038,0.076,-37.964,-46.857,1.015,523782536.000
-0.926,2.035,0.069,-37.951,-46.809,1.007,523782636.000
-0.928,2.034,0.071,-37.973,-46.788,0.988,523782736.000
-0.926,2.032,0.074,-37.939,-46.792,0.970,523782836.000
-0.924,2.031,0.071,-37.932,-46.813,1.007,523782937.000
-0.926,2.030,0.076,-37.899,-46.759,0.990,523783037.000
-0.924,2.031,0.081,-37.892,-46.755,1.008,523783137.000
-0.922,2.030,0.074,-37.871,-46.720,0.991,523783236.000
-0.924,2.031,0.072,-37.864,-46.691,0.981,523783337.000
-0.925,2.026,0.069,-37.852,-46.651,0.991,523783436.000
-0.922,2.025,0.074,-37.805,-46.646,1.001,523783537.000
-0.925,2.026,0.074,-37.797,-46.585,0.992,523783636.000
-0.920,2.023,0.079,-37.799,-46.618,0.984,523783737.000
-0.923,2.022,0.064,-37.792,-46.582,0.965,523783836.000
-0.920,2.023,0.074,-37.771,-46.586,0.984,523783936.000
-0.918,2.022,0.072,-37.736,-46.558,0.994,523784036.000
-0.923,2.022,0.077,-37.696,-46.491,0.994,523784137.000
-0.923,2.019,0.074,-37.753,-46.500,0.957,523784237.000
-0.919,2.019,0.072,-37.710,-46.485,0.986,523784337.000
-0.921,2.018,0.079,-37.691,-46.423,0.996,523784436.000
-0.919,2.016,0.069,-37.684,-46.444,0.977,523784537.000
-0.919,2.019,0.077,-37.628,-46.419,0.987,523784636.000
-0.919,2.014,0.074,-37.658,-46.403,0.969,523784737.000
-0.915,2.009,0.074,-37.660,-46.380,0.979,523784837.000
-0.915,2.014,0.070,-37.574,-46.396,0.970,523784937.000
-0.917,2.015,0.067,-37.566,-46.319,0.989,523785035.000
-0.921,2.010,0.072,-37.584,-46.301,0.970,523785135.000
-0.911,2.011,0.072,-37.506,-46.339,0.990,523785236.000
-0.915,2.008,0.077,-37.550,-46.297,0.981,523785336.000
-0.911,2.008,0.072,-37.494,-46.291,0.982,523785436.000
-0.911,2.013,0.077,-37.478,-46.250,0.973,523785536.000
-0.913,2.009,0.070,-37.486,-46.213,0.973,523785636.000
-0.911,2.006,0.075,-37.495,-46.234,0.973,523785736.000
-0.911,2.003,0.070,-37.483,-46.201,0.937,523785837.000
-0.913,2.007,0.072,-37.432,-46.156,0.992,523785935.000
-0.913,2.004,0.070,-37.447,-46.140,0.983,523786036.000
-0.911,2.000,0.075,-37.443,-46.136,0.956,523786136.000
-0.913,2.007,0.077,-37.364,-46.114,0.966,523786235.000
-0.913,2.001,0.067,-37.394,-46.099,0.947,523786336.000
-0.907,2.003,0.067,-37.358,-46.089,0.967,523786435.000
-0.911,2.003,0.072,-37.359,-46.046,0.967,523786535.000
-0.905,1.999,0.075,-37.367,-46.028,0.968,523786635.000
-0.909,1.999,0.062,-37.325,-46.043,0.967,523786735.000
-0.909,1.999,0.067,-37.325,-46.027,0.968,523786836.000
-0.914,1.999,0.070,-37.312,-45.944,0.968,523786936.000
-0.907,1.992,0.070,-37.336,-45.958,0.960,523787035.000
-0.912,1.995,0.075,-37.266,-45.916,0.969,523787136.000
-0.905,1.996,0.070,-37.272,-45.946,0.933,523787235.000
-0.910,1.993,0.075,-37.273,-45.880,0.979,523787336.000
-0.908,1.992,0.065,-37.225,-45.877,0.961,523787436.000
-0.908,1.997,0.075,-37.195,-45.843,0.952,523787536.000
-0.908,1.990,0.067,-37.268,-45.844,0.980,523787635.000
-0.910,1.993,0.070,-37.204,-45.823,0.952,523787736.000
-0.905,1.991,0.070,-37.191,-45.848,0.944,523787836.000
-0.906,1.991,0.068,-37.205,-45.808,0.971,523787935.000
-0.906,1.991,0.075,-37.164,-45.783,0.972,523788035.000
-0.906,1.988,0.070,-37.179,-45.751,0.963,523788136.000
-0.904,1.984,0.073,-37.146,-45.731,0.964,523788236.000
-0.901,1.985,0.073,-37.152,-45.768,0.955,523788336.000
-0.904,1.987,0.068,-37.117,-45.674,0.946,523788435.000
-0.902,1.985,0.068,-37.110,-45.711,0.955,523788536.000
-0.904,1.989,0.073,-37.061,-45.681,0.956,523788635.000
-0.900,1.979,0.068,-37.107,-45.699,0.919,523788735.000
-0.902,1.980,0.070,-37.100,-45.654,0.938,523788836.000
-0.900,1.986,0.070,-37.048,-45.642,0.948,523788935.000
-0.900,1.984,0.068,-37.021,-45.602,0.939,523789035.000
-0.904,1.986,0.070,-36.993,-45.568,0.948,523789135.000
-0.902,1.980,0.068,-37.017,-45.589,0.939,523789235.000
-0.898,1.977,0.073,-37.059,-45.549,0.931,523789335.000
-0.898,1.980,0.075,-36.961,-45.564,0.968,523789436.000
-0.898,1.980,0.071,-36.975,-45.557,0.940,523789535.000
-0.900,1.976,0.068,-36.984,-45.504,0.940,523789636.000
-0.898,1.977,0.068,-36.976,-45.517,0.959,523789736.000
-0.898,1.980,0.066,-36.919,-45.524,0.941,523789836.000
-0.898,1.972,0.066,-36.979,-45.452,0.941,523789936.000
-0.898,1.977,0.068,-36.907,-45.443,0.960,523790036.000
-0.896,1.976,0.071,-36.915,-45.423,0.942,523790136.000
-0.896,1.973,0.071,-36.902,-45.423,0.933,523790236.000
-0.900,1.973,0.068,-36.889,-45.406,0.933,523790336.000
-0.894,1.972,0.071,-36.909,-45.387,0.943,523790436.000
-0.896,1.970,0.068,-36.848,-45.334,0.953,523790536.000
-0.898,1.977,0.073,-36.824,-45.329,0.962,523790636.000
-0.901,1.973,0.068,-36.834,-45.308,0.934,523790736.000
-0.894,1.969,0.071,-36.842,-45.338,0.935,523790836.000
-0.899,1.974,0.068,-36.771,-45.272,0.926,523790935.000
-0.892,1.973,0.071,-36.791,-45.302,0.936,523791036.000
-0.894,1.969,0.071,-36.787,-45.240,0.936,523791136.000
-0.894,1.972,0.071,-36.758,-45.265,0.945,523791236.000
-0.894,1.966,0.066,-36.788,-45.233,0.927,523791336.000
-0.892,1.965,0.063,-36.767,-45.229,0.937,523791436.000
-0.895,1.966,0.066,-36.705,-45.183,0.928,523791536.000
-0.892,1.965,0.068,-36.727,-45.188,0.910,523791636.000
-0.895,1.964,0.071,-36.721,-45.167,0.919,523791736.000
-0.893,1.960,0.071,-36.756,-45.155,0.947,523791836.000
-0.892,1.962,0.063,-36.713,-45.156,0.929,523791936.000
-0.890,1.961,0.069,-36.721,-45.152,0.911,523792035.000
-0.888,1.962,0.064,-36.685,-45.132,0.930,523792136.000
-0.893,1.965,0.064,-36.643,-45.107,0.911,523792236.000
-0.886,1.958,0.061,-36.680,-45.081,0.931,523792336.000
-0.888,1.962,0.066,-36.644,-45.075,0.931,523792435.000
-0.888,1.962,0.066,-36.644,-45.075,0.931,523792536.000
-0.891,1.958,0.066,-36.612,-45.013,0.931,523792636.000
-0.889,1.962,0.071,-36.590,-45.009,0.904,523792736.000
-0.889,1.959,0.064,-36.618,-45.035,0.922,523792836.000
-0.889,1.962,0.069,-36.548,-45.017,0.904,523792935.000
-0.889,1.959,0.066,-36.590,-45.002,0.923,523793036.000
-0.884,1.954,0.071,-36.579,-44.986,0.906,523793136.000
-0.889,1.959,0.069,-36.549,-44.945,0.924,523793236.000
-0.891,1.958,0.069,-36.571,-44.908,0.933,523793335.000
-0.882,1.953,0.069,-36.559,-44.934,0.916,523793435.000
-0.885,1.954,0.064,-36.551,-44.938,0.906,523793535.000
-0.887,1.950,0.066,-36.547,-44.892,0.906,523793635.000
-0.887,1.953,0.066,-36.490,-44.868,0.888,523793735.000
-0.887,1.950,0.059,-36.532,-44.869,0.907,523793836.000
-0.885,1.954,0.071,-36.483,-44.864,0.907,523793935.000
-0.885,1.951,0.066,-36.483,-44.856,0.926,523794035.000
-0.883,1.950,0.071,-36.491,-44.852,0.908,523794136.000
-0.883,1.950,0.061,-36.462,-44.837,0.936,523794236.000
-0.883,1.950,0.064,-36.463,-44.804,0.908,523794335.000
-0.885,1.946,0.069,-36.459,-44.774,0.909,523794437.000
-0.887,1.950,0.066,-36.437,-44.746,0.881,523794536.000
-0.881,1.949,0.069,-36.443,-44.751,0.919,523794636.000
-0.883,1.945,0.074,-36.439,-44.722,0.919,523794736.000
-0.883,1.945,0.066,-36.424,-44.747,0.919,523794836.000
-0.885,1.946,0.066,-36.403,-44.709,0.910,523794936.000
-0.881,1.946,0.066,-36.417,-44.711,0.910,523795036.000
-0.881,1.949,0.074,-36.361,-44.685,0.920,523795136.000
-0.879,1.942,0.067,-36.384,-44.723,0.911,523795236.000
-0.879,1.947,0.067,-36.340,-44.699,0.902,523795337.000
-0.885,1.941,0.067,-36.365,-44.636,0.892,523795436.000
-0.877,1.943,0.072,-36.349,-44.670,0.903,523795537.000
-0.877,1.943,0.062,-36.321,-44.655,0.875,523795636.000
-0.881,1.938,0.067,-36.365,-44.589,0.912,523795736.000
-0.879,1.944,0.067,-36.272,-44.601,0.894,523795836.000
-0.881,1.938,0.062,-36.297,-44.580,0.885,523795937.000
-0.881,1.938,0.062,-36.338,-44.605,0.857,523796036.000
-0.879,1.939,0.067,-36.275,-44.552,0.876,523796137.000
-0.875,1.937,0.064,-36.290,-44.562,0.895,523796237.000
-0.879,1.939,0.067,-36.262,-44.528,0.877,523796337.000
-0.877,1.938,0.064,-36.255,-44.548,0.886,523796437.000
-0.877,1.940,0.062,-36.226,-44.508,0.868,523796536.000
-0.879,1.936,0.064,-36.263,-44.487,0.868,523796636.000
-0.877,1.935,0.072,-36.243,-44.450,0.878,523796736.000
-0.875,1.934,0.067,-36.249,-44.480,0.915,523796836.000
-0.880,1.934,0.062,-36.195,-44.422,0.887,523796937.000
-0.875,1.934,0.067,-36.208,-44.455,0.888,523797036.000
-0.875,1.929,0.064,-36.239,-44.439,0.869,523797136.000
-0.875,1.936,0.059,-36.165,-44.407,0.897,523797236.000
-0.875,1.934,0.067,-36.181,-44.406,0.888,523797336.000
-0.878,1.930,0.062,-36.190,-44.386,0.861,523797436.000
-0.876,1.931,0.067,-36.141,-44.357,0.880,523797536.000
-0.876,1.934,0.064,-36.112,-44.366,0.889,523797636.000
-0.878,1.932,0.064,-36.133,-44.329,0.898,523797736.000
-0.873,1.932,0.062,-36.132,-44.338,0.899,523797836.000
-0.873,1.932,0.064,-36.119,-44.330,0.899,523797936.000
-0.873,1.930,0.060,-36.120,-44.322,0.890,523798036.000
-0.874,1.927,0.065,-36.108,-44.305,0.881,523798136.000
-0.874,1.927,0.069,-36.108,-44.289,0.909,523798236.000
-0.874,1.927,0.070,-36.108,-44.289,0.881,523798336.000
-0.874,1.927,0.065,-36.053,-44.256,0.882,523798436.000
-0.874,1.930,0.060,-36.065,-44.225,0.864,523798537.000
-0.874,1.927,0.067,-36.080,-44.224,0.910,523798636.000
-0.874,1.927,0.065,-36.025,-44.207,0.883,523798737.000
-0.869,1.927,0.062,-36.038,-44.241,0.883,523798837.000
-0.870,1.924,0.065,-35.998,-44.208,0.874,523798937.000
-0.874,1.927,0.070,-35.998,-44.190,0.855,523799037.000
-0.867,1.926,0.060,-36.017,-44.189,0.893,523799136.000
-0.870,1.924,0.062,-35.998,-44.192,0.874,523799237.000
-0.870,1.924,0.070,-35.985,-44.167,0.875,523799336.000
-0.872,1.920,0.065,-36.021,-44.147,0.875,523799436.000
-0.876,1.923,0.065,-35.965,-44.097,0.884,523799537.000
-0.868,1.928,0.067,-35.920,-44.139,0.876,523799636.000
-0.868,1.920,0.060,-35.979,-44.116,0.848,523799736.000
-0.868,1.920,0.067,-35.980,-44.115,0.876,523799836.000
-0.872,1.918,0.067,-35.940,-44.041,0.867,523799936.000
-0.868,1.923,0.060,-35.936,-44.067,0.858,523800036.000
-0.870,1.921,0.060,-35.944,-44.054,0.867,523800136.000
-0.870,1.922,0.060,-35.916,-44.054,0.895,523800236.000
-0.866,1.919,0.060,-35.890,-44.006,0.859,523800337.000
-0.870,1.916,0.067,-35.892,-44.004,0.877,523800436.000
-0.868,1.917,0.060,-35.898,-43.994,0.841,523800537.000
-0.868,1.915,0.062,-35.886,-44.009,0.859,523800637.000
-0.870,1.914,0.065,-35.907,-43.940,0.869,523800736.000
-0.866,1.914,0.067,-35.865,-43.957,0.869,523800836.000
-0.864,1.915,0.062,-35.885,-43.986,0.860,523800936.000
-0.868,1.920,0.062,-35.827,-43.961,0.878,523801036.000
-0.868,1.912,0.072,-35.860,-43.903,0.879,523801137.000
-0.868,1.915,0.060,-35.844,-43.920,0.860,523801236.000
-0.870,1.916,0.065,-35.809,-43.891,0.879,523801336.000
-0.864,1.912,0.065,-35.818,-43.904,0.852,523801436.000
-0.864,1.910,0.060,-35.846,-43.897,0.843,523801536.000
-0.862,1.911,0.068,-35.825,-43.885,0.862,523801637.000
-0.864,1.910,0.065,-35.819,-43.880,0.871,523801737.000
-0.868,1.915,0.068,-35.775,-43.846,0.862,523801837.000
-0.866,1.913,0.063,-35.755,-43.827,0.844,523801936.000
-0.862,1.911,0.060,-35.811,-43.861,0.862,523802036.000
-0.864,1.909,0.063,-35.777,-43.840,0.872,523802136.000
-0.866,1.908,0.065,-35.758,-43.794,0.854,523802236.000
-0.860,1.909,0.068,-35.749,-43.800,0.873,523802336.000
-0.862,1.908,0.055,-35.743,-43.780,0.854,523802436.000
-0.862,1.908,0.060,-35.702,-43.787,0.855,523802536.000
-0.860,1.907,0.060,-35.737,-43.800,0.836,523802637.000
-0.864,1.904,0.058,-35.738,-43.734,0.855,523802736.000
-0.864,1.909,0.065,-35.694,-43.758,0.873,523802836.000
-0.862,1.905,0.060,-35.717,-43.738,0.846,523802937.000
-0.865,1.909,0.065,-35.667,-43.709,0.874,523803036.000
-0.862,1.905,0.060,-35.703,-43.714,0.846,523803136.000
-0.862,1.910,0.065,-35.645,-43.697,0.865,523803236.000
-0.860,1.904,0.068,-35.669,-43.702,0.884,523803336.000
-0.863,1.905,0.060,-35.675,-43.665,0.874,523803436.000
-0.863,1.908,0.065,-35.619,-43.673,0.856,523803536.000
-0.856,1.904,0.065,-35.600,-43.686,0.857,523803636.000
-0.865,1.901,0.063,-35.643,-43.619,0.847,523803736.000
-0.867,1.900,0.065,-35.638,-43.598,0.856,523803836.000
-0.856,1.899,0.055,-35.643,-43.647,0.839,523803936.000
-0.858,1.903,0.060,-35.635,-43.642,0.839,523804036.000
-0.859,1.900,0.060,-35.636,-43.569,0.858,523804136.000
-0.858,1.900,0.068,-35.609,-43.616,0.858,523804236.000
-0.863,1.897,0.060,-35.611,-43.567,0.848,523804337.000
-0.856,1.899,0.058,-35.602,-43.590,0.868,523804437.000
-0.861,1.899,0.065,-35.589,-43.539,0.840,523804537.000
-0.859,1.900,0.063,-35.540,-43.560,0.859,523804637.000
-0.856,1.901,0.063,-35.518,-43.548,0.850,523804736.000
-0.857,1.899,0.066,-35.547,-43.540,0.841,523804837.000
-0.859,1.897,0.068,-35.528,-43.543,0.850,523804937.000
-0.854,1.900,0.063,-35.511,-43.536,0.860,523805037.000
-0.859,1.895,0.058,-35.542,-43.479,0.841,523805137.000
-0.859,1.895,0.063,-35.529,-43.486,0.841,523805236.000
-0.857,1.893,0.061,-35.522,-43.459,0.851,523805336.000
-0.857,1.896,0.065,-35.521,-43.467,0.860,523805437.000
-0.855,1.897,0.058,-35.485,-43.480,0.851,523805536.000
-0.855,1.895,0.061,-35.487,-43.471,0.842,523805637.000
-0.855,1.892,0.061,-35.474,-43.423,0.861,523805736.000
-0.855,1.892,0.061,-35.461,-43.447,0.834,523805837.000
-0.857,1.893,0.061,-35.494,-43.410,0.852,523805937.000
-0.857,1.891,0.066,-35.455,-43.393,0.843,523806037.000
-0.855,1.892,0.061,-35.460,-43.398,0.834,523806137.000
-0.853,1.891,0.063,-35.454,-43.402,0.844,523806236.000
-0.853,1.896,0.063,-35.410,-43.378,0.862,523806336.000
-0.855,1.892,0.063,-35.433,-43.365,0.862,523806436.000
-0.855,1.892,0.063,-35.419,-43.341,0.835,523806536.000
-0.853,1.890,0.058,-35.412,-43.346,0.845,523806636.000
-0.855,1.889,0.063,-35.421,-43.317,0.826,523806737.000
-0.857,1.885,0.063,-35.430,-43.280,0.854,523806836.000
-0.855,1.889,0.061,-35.365,-43.300,0.827,523806936.000
-0.855,1.889,0.058,-35.393,-43.284,0.827,523807037.000
-0.855,1.886,0.063,-35.394,-43.292,0.845,523807137.000
-0.855,1.889,0.063,-35.351,-43.243,0.855,523807236.000
-0.853,1.890,0.058,-35.371,-43.273,0.845,523807336.000
-0.851,1.886,0.058,-35.352,-43.261,0.846,523807437.000
-0.851,1.889,0.061,-35.364,-43.277,0.855,523807537.000
-0.853,1.888,0.066,-35.318,-43.247,0.837,523807637.000
-0.853,1.890,0.063,-35.288,-43.207,0.847,523807736.000
-0.851,1.886,0.061,-35.324,-43.228,0.847,523807836.000
-0.851,1.886,0.058,-35.311,-43.188,0.819,523807936.000
-0.851,1.886,0.054,-35.310,-43.204,0.819,523808036.000
-0.851,1.879,0.068,-35.343,-43.179,0.847,523808136.000
-0.853,1.882,0.068,-35.279,-43.190,0.847,523808236.000
-0.849,1.882,0.061,-35.306,-43.168,0.820,523808336.000
-0.851,1.884,0.061,-35.271,-43.154,0.811,523808436.000
-0.849,1.882,0.061,-35.251,-43.167,0.821,523808537.000
-0.849,1.887,0.056,-35.248,-43.135,0.811,523808636.000
-0.847,1.881,0.056,-35.285,-43.148,0.830,523808736.000
-0.851,1.881,0.059,-35.231,-43.090,0.830,523808837.000
-0.849,1.880,0.061,-35.252,-43.094,0.840,523808937.000
-0.854,1.880,0.058,-35.238,-43.077,0.839,523809035.000
-0.849,1.885,0.059,-35.180,-43.102,0.803,523809136.000
-0.849,1.882,0.056,-35.223,-43.086,0.822,523809236.000
-0.852,1.878,0.064,-35.205,-43.048,0.822,523809336.000
-0.847,1.881,0.054,-35.188,-43.059,0.832,523809436.000
-0.847,1.881,0.061,-35.203,-43.082,0.831,523809536.000
-0.849,1.874,0.059,-35.213,-43.005,0.823,523809636.000
-0.845,1.880,0.059,-35.210,-43.031,0.841,523809736.000
-0.847,1.878,0.056,-35.190,-43.002,0.823,523809836.000
-0.847,1.876,0.061,-35.137,-43.008,0.814,523809936.000
-0.852,1.878,0.059,-35.191,-42.992,0.822,523810036.000
-0.847,1.881,0.056,-35.134,-42.977,0.805,523810136.000
-0.847,1.876,0.066,-35.150,-42.968,0.842,523810236.000
-0.847,1.878,0.056,-35.149,-42.977,0.796,523810336.000
-0.847,1.878,0.059,-35.135,-42.968,0.824,523810436.000
-0.843,1.873,0.059,-35.123,-42.969,0.834,523810535.000
-0.843,1.873,0.061,-35.165,-42.961,0.834,523810635.000
-0.843,1.873,0.064,-35.123,-42.953,0.834,523810736.000
-0.843,1.878,0.061,-35.065,-42.937,0.853,523810835.000
-0.843,1.873,0.064,-35.124,-42.904,0.807,523810935.000
-0.846,1.872,0.061,-35.090,-42.899,0.816,523811035.000
-0.843,1.870,0.064,-35.097,-42.928,0.825,523811135.000
-0.843,1.873,0.061,-35.082,-42.864,0.835,523811237.000
-0.846,1.871,0.061,-35.048,-42.826,0.845,523811335.000
-0.846,1.871,0.064,-35.090,-42.867,0.816,523811435.000
-0.846,1.869,0.071,-35.092,-42.842,0.835,523811535.000
-0.844,1.870,0.064,-35.070,-42.831,0.826,523811635.000
-0.844,1.873,0.066,-35.027,-42.798,0.836,523811736.000
-0.839,1.870,0.064,-35.042,-42.856,0.827,523811835.000
-0.839,1.868,0.064,-35.057,-42.807,0.818,523811936.000
-0.844,1.870,0.061,-34.987,-42.765,0.800,523812036.000
-0.846,1.871,0.061,-35.021,-42.777,0.818,523812137.000
-0.844,1.870,0.061,-35.028,-42.790,0.827,523812237.000
-0.842,1.871,0.054,-35.006,-42.779,0.818,523812337.000
-0.842,1.869,0.064,-34.981,-42.770,0.810,523812437.000
-0.844,1.867,0.064,-34.974,-42.781,0.846,523812537.000
-0.839,1.865,0.054,-34.989,-42.791,0.810,523812637.000
-0.844,1.865,0.064,-34.976,-42.708,0.810,523812737.000
-0.842,1.866,0.066,-34.982,-42.761,0.828,523812836.000
-0.842,1.869,0.061,-34.967,-42.729,0.810,523812937.000
-0.844,1.865,0.061,-34.976,-42.692,0.810,523813037.000
-0.838,1.866,0.066,-34.967,-42.714,0.857,523813137.000
-0.840,1.870,0.059,-34.931,-42.677,0.802,523813237.000
-0.842,1.866,0.064,-34.982,-42.648,0.829,523813336.000
-0.840,1.862,0.064,-34.963,-42.685,0.802,523813436.000
-0.842,1.866,0.064,-34.927,-42.648,0.802,523813536.000
-0.840,1.862,0.057,-34.949,-42.661,0.802,523813637.000
-0.840,1.862,0.057,-34.963,-42.637,0.802,523813737.000
-0.840,1.865,0.059,-34.892,-42.653,0.812,523813837.000
-0.840,1.862,0.059,-34.963,-42.605,0.803,523813937.000
-0.838,1.861,0.059,-34.901,-42.592,0.813,523814036.000
-0.840,1.859,0.059,-34.881,-42.579,0.822,523814136.000
-0.840,1.862,0.062,-34.880,-42.571,0.803,523814236.000
-0.840,1.859,0.062,-34.881,-42.547,0.822,523814337.000
-0.836,1.859,0.067,-34.867,-42.580,0.823,523814436.000
-0.836,1.857,0.054,-34.882,-42.549,0.814,523814537.000
-0.838,1.858,0.057,-34.847,-42.552,0.804,523814637.000
-0.836,1.859,0.062,-34.825,-42.523,0.824,523814736.000
-0.838,1.858,0.062,-34.834,-42.511,0.805,523814836.000
-0.836,1.859,0.069,-34.785,-42.498,0.824,523814936.000
-0.836,1.852,0.062,-34.843,-42.523,0.824,523815037.000
-0.838,1.853,0.064,-34.809,-42.477,0.787,523815136.000
-0.832,1.854,0.059,-34.772,-42.483,0.807,523815237.000
-0.834,1.853,0.062,-34.808,-42.487,0.815,523815336.000
-0.836,1.857,0.062,-34.744,-42.450,0.816,523815437.000
-0.840,1.856,0.057,-34.744,-42.441,0.815,523815537.000
-0.834,1.853,0.062,-34.780,-42.438,0.816,523815637.000
-0.832,1.854,0.062,-34.717,-42.450,0.807,523815736.000
-0.836,1.851,0.059,-34.761,-42.409,0.798,523815836.000
-0.832,1.854,0.057,-34.731,-42.443,0.807,523815936.000
-0.836,1.851,0.062,-34.733,-42.377,0.826,523816037.000
-0.834,1.853,0.064,-34.698,-42.405,0.817,523816136.000
-0.834,1.853,0.064,-34.712,-42.381,0.817,523816236.000
-0.836,1.856,0.059,-34.661,-42.384,0.817,523816336.000
-0.834,1.855,0.062,-34.668,-42.365,0.827,523816436.000
-0.834,1.855,0.062,-34.655,-42.340,0.827,523816537.000
-0.832,1.854,0.069,-34.649,-42.328,0.809,523816637.000
-0.832,1.849,0.059,-34.678,-42.361,0.818,523816737.000
-0.832,1.849,0.059,-34.678,-42.313,0.818,523816837.000
-0.837,1.846,0.059,-34.680,-42.311,0.809,523816936.000
-0.834,1.847,0.057,-34.659,-42.332,0.800,523817037.000
-0.834,1.850,0.064,-34.658,-42.307,0.809,523817137.000
-0.837,1.848,0.059,-34.638,-42.262,0.818,523817236.000
-0.832,1.848,0.062,-34.651,-42.280,0.791,523817337.000
-0.830,1.847,0.057,-34.631,-42.309,0.801,523817436.000
-0.832,1.846,0.060,-34.611,-42.263,0.810,523817536.000
-0.830,1.847,0.057,-34.603,-42.260,0.801,523817636.000
-0.828,1.848,0.060,-34.609,-42.265,0.820,523817736.000
-0.832,1.846,0.060,-34.625,-42.239,0.783,523817836.000
-0.828,1.848,0.060,-34.581,-42.216,0.821,523817937.000
-0.830,1.847,0.060,-34.576,-42.227,0.802,523818036.000
-0.830,1.845,0.064,-34.618,-42.211,0.820,523818136.000
-0.835,1.842,0.062,-34.606,-42.169,0.811,523818236.000
-0.833,1.843,0.060,-34.612,-42.190,0.802,523818337.000
-0.828,1.846,0.060,-34.583,-42.191,0.784,523818437.000
-0.833,1.843,0.057,-34.585,-42.174,0.802,523818537.000
-0.826,1.842,0.055,-34.591,-42.196,0.784,523818636.000
-0.828,1.840,0.057,-34.599,-42.151,0.794,523818736.000
-0.826,1.842,0.060,-34.537,-42.179,0.785,523818836.000
-0.831,1.842,0.055,-34.550,-42.146,0.784,523818937.000
-0.828,1.846,0.057,-34.513,-42.151,0.813,523819036.000
-0.829,1.843,0.060,-34.529,-42.118,0.804,523819136.000
-0.828,1.840,0.057,-34.558,-42.126,0.794,523819237.000
-0.828,1.843,0.055,-34.529,-42.135,0.803,523819336.000
-0.826,1.839,0.062,-34.538,-42.122,0.776,523819436.000
-0.826,1.839,0.052,-34.510,-42.107,0.777,523819536.000
-0.829,1.840,0.065,-34.503,-42.077,0.795,523819636.000
-0.829,1.843,0.057,-34.487,-42.077,0.804,523819736.000
-0.829,1.840,0.057,-34.503,-42.077,0.767,523819836.000
-0.826,1.842,0.060,-34.481,-42.082,0.786,523819936.000
-0.829,1.835,0.055,-34.519,-42.037,0.777,523820036.000
-0.827,1.836,0.060,-34.498,-42.057,0.796,523820136.000
-0.827,1.839,0.057,-34.483,-42.041,0.777,523820236.000
-0.829,1.838,0.057,-34.476,-42.004,0.787,523820337.000
-0.825,1.833,0.062,-34.465,-42.037,0.797,523820436.000
-0.827,1.836,0.062,-34.512,-42.001,0.796,523820536.000
-0.829,1.838,0.057,-34.463,-41.980,0.787,523820636.000
-0.827,1.834,0.057,-34.471,-41.968,0.788,523820736.000
-0.827,1.834,0.055,-34.472,-42.001,0.760,523820836.000
-0.822,1.836,0.060,-34.428,-42.009,0.825,523820936.000
-0.822,1.839,0.060,-34.413,-42.009,0.807,523821037.000
-0.818,1.834,0.055,-34.429,-42.027,0.789,523821136.000
-0.823,1.834,0.065,-34.430,-41.968,0.789,523821236.000
-0.825,1.830,0.057,-34.452,-41.956,0.788,523821337.000
-0.825,1.838,0.062,-34.407,-41.940,0.789,523821437.000
-0.825,1.830,0.055,-34.452,-41.940,0.789,523821536.000
-0.823,1.834,0.055,-34.402,-41.953,0.761,523821636.000
-0.825,1.837,0.065,-34.352,-41.907,0.789,523821736.000
-0.823,1.839,0.058,-34.344,-41.920,0.780,523821837.000
-0.821,1.830,0.060,-34.424,-41.900,0.790,523821937.000
-0.825,1.830,0.062,-34.411,-41.915,0.817,523822037.000
-0.823,1.836,0.058,-34.345,-41.896,0.771,523822136.000
-0.825,1.830,0.057,-34.425,-41.859,0.789,523822236.000
-0.825,1.832,0.055,-34.368,-41.867,0.771,523822337.000
-0.823,1.833,0.058,-34.347,-41.871,0.762,523822436.000
-0.825,1.832,0.060,-34.368,-41.850,0.799,523822536.000
-0.825,1.827,0.062,-34.385,-41.842,0.781,523822636.000
-0.823,1.826,0.060,-34.365,-41.838,0.791,523822737.000
-0.821,1.830,0.058,-34.342,-41.835,0.763,523822836.000
-0.823,1.831,0.053,-34.348,-41.815,0.781,523822937.000
-0.821,1.827,0.058,-34.370,-41.811,0.782,523823037.000
-0.821,1.824,0.050,-34.358,-41.811,0.773,523823136.000
-0.823,1.831,0.058,-34.293,-41.798,0.782,523823236.000
-0.823,1.828,0.058,-34.322,-41.774,0.773,523823336.000
-0.821,1.830,0.055,-34.300,-41.795,0.792,523823436.000
-0.821,1.829,0.063,-34.273,-41.745,0.792,523823536.000
-0.825,1.827,0.060,-34.330,-41.777,0.782,523823637.000
-0.823,1.831,0.050,-34.237,-41.749,0.783,523823737.000
-0.823,1.828,0.060,-34.267,-41.741,0.774,523823837.000
-0.821,1.827,0.053,-34.274,-41.754,0.755,523823937.000
-0.823,1.828,0.058,-34.239,-41.724,0.774,523824036.000
-0.821,1.827,0.058,-34.246,-41.737,0.783,523824136.000
-0.817,1.827,0.055,-34.246,-41.747,0.756,523824236.000
-0.819,1.823,0.060,-34.269,-41.717,0.784,523824337.000
-0.819,1.828,0.050,-34.252,-41.726,0.774,523824436.000
-0.823,1.825,0.053,-34.268,-41.668,0.765,523824536.000
-0.819,1.820,0.053,-34.270,-41.694,0.775,523824636.000
-0.817,1.824,0.058,-34.261,-41.666,0.775,523824736.000
-0.819,1.828,0.060,-34.211,-41.668,0.775,523824836.000
-0.819,1.823,0.050,-34.254,-41.678,0.784,523824937.000
-0.815,1.825,0.055,-34.212,-41.686,0.767,523825036.000
-0.817,1.824,0.060,-34.206,-41.681,0.776,523825136.000
-0.819,1.823,0.063,-34.214,-41.636,0.785,523825236.000
-0.821,1.821,0.058,-34.235,-41.664,0.766,523825336.000
-0.817,1.822,0.063,-34.207,-41.624,0.795,523825436.000
-0.817,1.824,0.058,-34.192,-41.592,0.777,523825536.000
-0.819,1.820,0.063,-34.202,-41.635,0.776,523825636.000
