0.055,-0.088,-0.142,2.313,1.757,0.515,525360165.000
0.057,-0.092,-0.147,2.332,1.752,0.488,525360264.000
0.055,-0.085,-0.145,2.356,1.773,0.525,525360364.000
0.055,-0.088,-0.150,2.314,1.756,0.515,525360464.000
0.053,-0.089,-0.145,2.319,1.761,0.496,525360564.000
0.055,-0.085,-0.145,2.342,1.748,0.497,525360665.000
0.057,-0.086,-0.150,2.349,1.743,0.479,525360764.000
0.060,-0.085,-0.142,2.357,1.731,0.525,525360864.000
0.053,-0.086,-0.147,2.334,1.777,0.506,525360964.000
0.057,-0.084,-0.147,2.336,1.727,0.487,525361064.000
0.055,-0.085,-0.152,2.356,1.724,0.496,525361165.000
0.059,-0.082,-0.145,2.372,1.747,0.507,525361265.000
0.055,-0.083,-0.145,2.357,1.748,0.506,525361364.000
0.057,-0.089,-0.145,2.333,1.760,0.470,525361465.000
0.060,-0.082,-0.147,2.399,1.715,0.506,525361564.000
0.053,-0.084,-0.147,2.363,1.753,0.487,525361664.000
0.051,-0.083,-0.147,2.370,1.766,0.478,525361765.000
0.053,-0.081,-0.145,2.351,1.785,0.496,525361864.000
0.055,-0.083,-0.142,2.370,1.757,0.478,525361965.000
0.055,-0.083,-0.145,2.385,1.749,0.506,525362064.000
0.053,-0.084,-0.145,2.350,1.761,0.515,525362165.000
0.055,-0.088,-0.150,2.341,1.756,0.488,525362264.000
0.057,-0.084,-0.145,2.377,1.736,0.488,525362365.000
0.057,-0.086,-0.145,2.307,1.735,0.506,525362465.000
0.055,-0.088,-0.152,2.341,1.724,0.487,525362564.000
0.055,-0.088,-0.145,2.313,1.724,0.487,525362665.000
0.057,-0.084,-0.147,2.336,1.727,0.487,525362765.000
0.055,-0.085,-0.150,2.342,1.732,0.496,525362864.000
0.060,-0.082,-0.147,2.386,1.739,0.507,525362965.000
0.055,-0.083,-0.150,2.371,1.756,0.506,525363064.000
0.053,-0.089,-0.147,2.360,1.753,0.497,525363165.000
0.057,-0.089,-0.142,2.333,1.744,0.469,525363264.000
0.053,-0.086,-0.140,2.361,1.778,0.506,525363364.000
0.055,-0.085,-0.147,2.342,1.764,0.497,525363465.000
0.055,-0.083,-0.145,2.357,1.748,0.506,525363564.000
0.051,-0.088,-0.150,2.326,1.757,0.487,525363664.000
0.051,-0.085,-0.145,2.369,1.774,0.496,525363764.000
0.055,-0.088,-0.145,2.355,1.749,0.515,525363865.000
0.062,-0.084,-0.152,2.351,1.758,0.488,525363964.000
0.053,-0.081,-0.152,2.351,1.785,0.496,525364064.000
0.053,-0.089,-0.145,2.347,1.761,0.497,525364165.000
0.057,-0.084,-0.155,2.378,1.751,0.488,525364265.000
0.055,-0.085,-0.145,2.342,1.748,0.524,525364364.000
0.053,-0.084,-0.150,2.364,1.769,0.515,525364465.000
0.057,-0.089,-0.145,2.319,1.736,0.497,525364564.000
0.057,-0.081,-0.155,2.393,1.751,0.497,525364664.000
0.053,-0.086,-0.147,2.334,1.777,0.506,525364764.000
0.057,-0.094,-0.147,2.317,1.752,0.479,525364865.000
0.057,-0.084,-0.152,2.364,1.711,0.487,525364964.000
0.055,-0.085,-0.152,2.356,1.772,0.497,525365064.000
0.059,-0.090,-0.142,2.326,1.731,0.479,525365164.000
0.053,-0.084,-0.145,2.377,1.761,0.515,525365264.000
0.053,-0.089,-0.147,2.374,1.778,0.469,525365364.000
0.059,-0.090,-0.150,2.313,1.755,0.507,525365464.000
0.057,-0.084,-0.150,2.364,1.743,0.488,525365565.000
0.057,-0.086,-0.147,2.335,1.752,0.506,525365664.000
0.055,-0.085,-0.150,2.384,1.756,0.497,525365765.000
0.057,-0.086,-0.145,2.349,1.760,0.506,525365864.000
0.055,-0.085,-0.150,2.384,1.756,0.497,525365964.000
0.057,-0.086,-0.147,2.390,1.752,0.507,525366064.000
0.057,-0.089,-0.145,2.375,1.736,0.497,525366164.000
0.057,-0.086,-0.145,2.404,1.761,0.507,525366264.000
0.053,-0.084,-0.150,2.418,1.769,0.488,525366365.000
0.057,-0.084,-0.142,2.405,1.769,0.488,525366465.000
0.062,-0.084,-0.150,2.406,1.743,0.489,525366564.000
0.055,-0.083,-0.140,2.426,1.790,0.507,525366664.000
0.057,-0.084,-0.147,2.378,1.752,0.516,525366764.000
0.059,-0.085,-0.145,2.398,1.772,0.498,525366865.000
0.055,-0.085,-0.145,2.383,1.773,0.497,525366965.000
0.055,-0.093,-0.150,2.352,1.781,0.497,525367064.000
0.059,-0.088,-0.147,2.369,1.764,0.488,525367165.000
0.059,-0.085,-0.150,2.412,1.780,0.498,525367265.000
0.057,-0.086,-0.152,2.391,1.784,0.507,525367365.000
0.053,-0.092,-0.150,2.387,1.794,0.488,525367465.000
0.055,-0.088,-0.147,2.410,1.814,0.489,525367565.000
0.055,-0.088,-0.150,2.396,1.805,0.516,525367665.000
0.053,-0.084,-0.150,2.419,1.818,0.488,525367764.000
0.059,-0.085,-0.142,2.439,1.781,0.498,525367865.000
0.057,-0.089,-0.142,2.416,1.793,0.498,525367966.000
0.057,-0.089,-0.145,2.375,1.785,0.498,525368065.000
0.057,-0.087,-0.152,2.432,1.809,0.480,525368166.000
0.057,-0.087,-0.147,2.445,1.801,0.480,525368266.000
0.057,-0.087,-0.145,2.431,1.809,0.507,525368365.000
0.057,-0.092,-0.150,2.415,1.817,0.517,525368466.000
0.057,-0.087,-0.145,2.459,1.810,0.508,525368566.000
0.057,-0.092,-0.150,2.415,1.817,0.489,525368666.000
0.059,-0.088,-0.147,2.438,1.788,0.489,525368766.000
0.055,-0.085,-0.157,2.453,1.829,0.470,525368865.000
0.057,-0.087,-0.142,2.473,1.818,0.508,525368966.000
0.057,-0.094,-0.145,2.427,1.786,0.480,525369065.000
0.059,-0.090,-0.150,2.451,1.805,0.508,525369166.000
0.059,-0.093,-0.147,2.436,1.837,0.527,525369266.000
0.061,-0.092,-0.149,2.471,1.792,0.490,525369366.000
0.057,-0.089,-0.147,2.471,1.826,0.499,525369466.000
0.057,-0.092,-0.152,2.470,1.834,0.490,525369566.000
0.059,-0.093,-0.152,2.449,1.845,0.499,525369666.000
0.057,-0.092,-0.147,2.470,1.850,0.490,525369766.000
0.057,-0.089,-0.147,2.458,1.850,0.499,525369865.000
0.051,-0.093,-0.142,2.448,1.881,0.498,525369966.000
0.059,-0.090,-0.154,2.465,1.861,0.509,525370066.000
0.057,-0.092,-0.154,2.471,1.850,0.490,525370166.000
0.059,-0.093,-0.147,2.463,1.837,0.499,525370265.000
0.057,-0.094,-0.145,2.469,1.859,0.509,525370366.000
0.057,-0.089,-0.142,2.499,1.843,0.499,525370466.000
0.059,-0.093,-0.152,2.477,1.845,0.500,525370564.000
0.059,-0.096,-0.152,2.462,1.845,0.490,525370665.000
0.057,-0.089,-0.152,2.499,1.858,0.499,525370764.000
0.057,-0.092,-0.149,2.498,1.866,0.490,525370866.000
0.057,-0.087,-0.145,2.528,1.883,0.509,525370965.000
0.059,-0.096,-0.142,2.461,1.830,0.518,525371064.000
0.057,-0.094,-0.147,2.483,1.850,0.509,525371165.000
0.059,-0.093,-0.145,2.463,1.821,0.527,525371265.000
0.061,-0.092,-0.147,2.484,1.849,0.491,525371364.000
0.053,-0.092,-0.147,2.511,1.900,0.490,525371465.000
0.057,-0.089,-0.147,2.499,1.875,0.499,525371564.000
0.057,-0.094,-0.150,2.469,1.890,0.509,525371664.000
0.059,-0.093,-0.150,2.491,1.854,0.527,525371764.000
0.059,-0.091,-0.145,2.506,1.870,0.509,525371864.000
0.055,-0.093,-0.150,2.463,1.927,0.499,525371964.000
0.055,-0.088,-0.145,2.493,1.847,0.517,525372064.000
0.057,-0.089,-0.144,2.526,1.859,0.500,525372164.000
0.055,-0.091,-0.152,2.492,1.871,0.508,525372264.000
0.059,-0.091,-0.144,2.533,1.871,0.509,525372366.000
0.057,-0.092,-0.144,2.497,1.883,0.490,525372464.000
0.057,-0.092,-0.145,2.484,1.859,0.518,525372565.000
0.057,-0.089,-0.142,2.513,1.867,0.527,525372664.000
0.057,-0.094,-0.150,2.469,1.890,0.509,525372765.000
0.053,-0.094,-0.150,2.455,1.892,0.508,525372864.000
0.057,-0.094,-0.150,2.469,1.890,0.509,525372965.000
0.057,-0.094,-0.147,2.483,1.850,0.509,525373065.000
0.057,-0.089,-0.144,2.526,1.859,0.500,525373164.000
0.059,-0.096,-0.149,2.489,1.878,0.491,525373264.000
0.055,-0.096,-0.147,2.461,1.887,0.518,525373364.000
0.055,-0.093,-0.147,2.490,1.912,0.500,525373464.000
0.055,-0.091,-0.147,2.519,1.888,0.509,525373564.000
0.055,-0.093,-0.147,2.462,1.863,0.499,525373664.000
0.057,-0.092,-0.145,2.498,1.883,0.518,525373764.000
0.057,-0.092,-0.142,2.484,1.891,0.518,525373865.000
0.059,-0.088,-0.140,2.507,1.814,0.518,525373965.000
0.055,-0.088,-0.149,2.520,1.879,0.490,525374064.000
0.059,-0.096,-0.147,2.462,1.862,0.518,525374164.000
0.059,-0.091,-0.149,2.506,1.854,0.509,525374265.000
0.057,-0.094,-0.149,2.469,1.891,0.481,525374365.000
0.059,-0.088,-0.149,2.521,1.854,0.490,525374465.000
0.057,-0.092,-0.145,2.512,1.859,0.518,525374564.000
0.061,-0.092,-0.147,2.485,1.849,0.518,525374665.000
0.057,-0.092,-0.149,2.470,1.866,0.490,525374765.000
0.057,-0.092,-0.145,2.539,1.908,0.519,525374864.000
0.057,-0.089,-0.149,2.513,1.866,0.499,525374965.000
0.057,-0.092,-0.154,2.471,1.850,0.490,525375065.000
0.053,-0.092,-0.152,2.484,1.883,0.517,525375165.000
0.055,-0.096,-0.147,2.475,1.863,0.518,525375265.000
0.059,-0.091,-0.150,2.492,1.878,0.509,525375365.000
0.061,-0.094,-0.152,2.484,1.857,0.509,525375465.000
0.059,-0.088,-0.147,2.507,1.862,0.490,525375565.000
0.053,-0.087,-0.150,2.542,1.916,0.509,525375665.000
0.055,-0.088,-0.147,2.493,1.863,0.517,525375765.000
0.055,-0.091,-0.150,2.519,1.903,0.509,525375864.000
0.059,-0.096,-0.149,2.462,1.878,0.491,525375965.000
0.057,-0.094,-0.147,2.469,1.875,0.509,525376065.000
0.059,-0.088,-0.149,2.507,1.878,0.491,525376164.000
0.061,-0.094,-0.145,2.455,1.857,0.509,525376264.000
0.057,-0.092,-0.150,2.443,1.866,0.490,525376364.000
0.057,-0.092,-0.152,2.470,1.882,0.490,525376464.000
0.059,-0.088,-0.142,2.507,1.878,0.518,525376564.000
0.057,-0.089,-0.152,2.500,1.906,0.500,525376665.000
0.061,-0.092,-0.145,2.512,1.930,0.519,525376764.000
0.057,-0.089,-0.157,2.472,1.938,0.500,525376865.000
0.059,-0.093,-0.142,2.476,1.830,0.499,525376965.000
0.055,-0.096,-0.154,2.461,1.790,0.489,525377065.000
0.043,-0.085,-0.142,2.464,1.689,0.468,525377165.000
0.051,-0.082,-0.152,2.343,1.555,0.503,525377264.000
0.046,-0.078,-0.147,2.351,1.294,0.500,525377364.000
0.036,-0.069,-0.140,2.277,0.945,0.486,525377464.000
0.022,-0.065,-0.140,2.256,0.476,0.507,525377565.000
0.005,-0.058,-0.146,2.181,-0.154,0.480,525377665.000
-0.013,-0.045,-0.146,2.191,-0.768,0.500,525377765.000
-0.024,-0.037,-0.141,2.179,-1.500,0.519,525377865.000
-0.041,-0.022,-0.139,2.175,-2.323,0.491,525377965.000
-0.058,-0.012,-0.137,2.129,-3.026,0.500,525378065.000
-0.072,-0.003,-0.127,2.026,-3.560,0.483,525378164.000
-0.081,0.012,-0.140,1.957,-4.073,0.485,525378264.000
-0.103,0.014,-0.120,1.904,-4.740,0.495,525378365.000
-0.114,0.035,-0.126,1.804,-5.458,0.531,525378465.000
-0.133,0.044,-0.126,1.666,-6.230,0.493,525378565.000
-0.159,0.056,-0.126,1.578,-6.963,0.509,525378664.000
-0.170,0.073,-0.114,1.459,-7.720,0.527,525378764.000
-0.194,0.089,-0.115,1.312,-8.418,0.544,525378865.000
-0.211,0.107,-0.118,1.187,-9.211,0.579,525378964.000
-0.228,0.124,-0.116,1.062,-9.939,0.587,525379065.000
-0.247,0.138,-0.116,0.886,-10.736,0.594,525379164.000
-0.260,0.156,-0.104,0.705,-11.505,0.602,525379264.000
-0.284,0.169,-0.102,0.529,-12.244,0.636,525379364.000
-0.303,0.189,-0.110,0.343,-13.066,0.661,525379465.000
-0.320,0.201,-0.101,0.173,-13.769,0.678,525379564.000
-0.339,0.220,-0.106,0.042,-14.752,0.730,525379664.000
-0.367,0.244,-0.100,-0.089,-15.570,0.744,525379764.000
-0.386,0.258,-0.103,-0.320,-16.448,0.750,525379865.000
-0.405,0.275,-0.098,-0.535,-17.277,0.848,525379965.000
-0.428,0.297,-0.089,-0.667,-18.161,0.854,525380064.000
-0.445,0.312,-0.092,-0.903,-18.979,0.906,525380164.000
-0.475,0.332,-0.090,-1.084,-19.898,0.920,525380265.000
-0.496,0.358,-0.089,-1.301,-20.748,1.008,525380364.000
-0.515,0.375,-0.067,-1.533,-21.616,0.995,525380465.000
-0.545,0.403,-0.083,-1.763,-22.594,1.090,525380565.000
-0.560,0.417,-0.081,-2.007,-23.457,1.096,525380664.000
-0.591,0.442,-0.077,-2.206,-24.356,1.192,525380765.000
-0.612,0.462,-0.077,-2.509,-25.238,1.233,525380865.000
-0.633,0.480,-0.066,-2.705,-26.321,1.293,525380964.000
-0.658,0.509,-0.072,-3.004,-27.219,1.360,525381064.000
-0.690,0.531,-0.062,-3.288,-28.174,1.391,525381165.000
-0.715,0.557,-0.061,-3.589,-29.145,1.449,525381265.000
-0.738,0.586,-0.062,-3.853,-30.088,1.535,525381365.000
-0.763,0.610,-0.055,-4.115,-31.138,1.584,525381465.000
-0.791,0.629,-0.061,-4.453,-32.096,1.661,525381564.000
-0.818,0.659,-0.049,-4.733,-33.069,1.746,525381665.000
-0.839,0.677,-0.050,-5.065,-34.025,1.805,525381765.000
-0.868,0.708,-0.046,-5.392,-35.131,1.852,525381864.000
-0.893,0.734,-0.040,-5.707,-36.061,1.938,525381964.000
-0.927,0.763,-0.036,-6.007,-37.021,2.032,525382064.000
-0.952,0.786,-0.039,-6.379,-38.009,2.080,525382164.000
-0.980,0.813,-0.038,-6.645,-38.918,2.157,525382264.000
-1.002,0.841,-0.021,-6.966,-39.948,2.261,525382364.000
-1.032,0.864,-0.022,-7.338,-40.878,2.337,525382464.000
-1.057,0.898,-0.023,-7.621,-41.881,2.395,525382564.000
-1.082,0.919,-0.032,-7.978,-42.740,2.518,525382664.000
-1.114,0.946,-0.025,-8.301,-43.752,2.566,525382765.000
-1.137,0.971,-0.014,-8.609,-44.702,2.661,525382864.000
-1.169,1.001,-0.017,-9.026,-45.604,2.718,525382964.000
-1.196,1.031,-0.008,-9.318,-46.537,2.859,525383065.000
-1.215,1.055,-0.009,-9.667,-47.457,2.928,525383164.000
-1.245,1.084,0.007,-9.996,-48.280,2.995,525383265.000
-1.256,1.108,0.009,-10.218,-48.757,3.097,525383364.000
-1.262,1.126,-0.004,-10.879,-49.059,3.078,525383464.000
-1.268,1.156,0.005,-11.452,-49.139,2.996,525383565.000
-1.249,1.181,-0.000,-12.340,-48.965,2.899,525383665.000
-1.238,1.211,0.007,-13.228,-48.577,2.766,525383764.000
-1.222,1.240,0.012,-14.081,-48.235,2.615,525383864.000
-1.212,1.273,0.014,-14.912,-47.985,2.518,525383964.000
-1.197,1.297,0.016,-15.802,-47.736,2.366,525384064.000
-1.184,1.334,0.015,-16.637,-47.434,2.269,525384164.000
-1.174,1.362,0.028,-17.485,-47.271,2.125,525384264.000
-1.163,1.387,0.027,-18.361,-47.053,2.027,525384364.000
-1.153,1.417,0.027,-19.263,-46.836,1.892,525384464.000
-1.144,1.448,0.029,-20.046,-46.669,1.776,525384565.000
-1.134,1.476,0.036,-20.880,-46.402,1.660,525384664.000
-1.123,1.506,0.031,-21.671,-46.248,1.526,525384765.000
-1.109,1.539,0.028,-22.487,-46.113,1.428,525384864.000
-1.104,1.568,0.032,-23.342,-45.937,1.274,525384964.000
-1.094,1.593,0.047,-24.151,-45.790,1.177,525385064.000
-1.085,1.627,0.039,-24.932,-45.632,1.042,525385164.000
-1.070,1.660,0.051,-25.722,-45.494,0.917,525385264.000
-1.066,1.688,0.048,-26.563,-45.343,0.790,525385365.000
-1.055,1.714,0.050,-27.426,-45.214,0.664,525385466.000
-1.051,1.753,0.067,-28.193,-45.118,0.547,525385566.000
-1.040,1.783,0.059,-29.039,-44.997,0.384,525385666.000
-1.034,1.816,0.061,-29.871,-44.915,0.284,525385765.000
-1.032,1.846,0.066,-30.677,-44.799,0.148,525385865.000
-1.021,1.881,0.071,-31.507,-44.783,0.003,525385966.000
-1.012,1.916,0.073,-32.359,-44.666,-0.133,525386066.000
-1.008,1.945,0.077,-33.186,-44.587,-0.232,525386166.000
-0.999,1.979,0.084,-33.955,-44.549,-0.368,525386266.000
-0.990,2.005,0.094,-34.881,-44.479,-0.505,525386365.000
-0.988,2.043,0.093,-35.600,-44.404,-0.613,525386466.000
-0.979,2.074,0.098,-36.370,-44.374,-0.758,525386565.000
-0.968,2.099,0.093,-37.053,-44.219,-0.882,525386665.000
-0.966,2.135,0.097,-37.912,-44.201,-1.001,525386765.000
-0.964,2.170,0.099,-38.716,-44.166,-1.148,525386866.000
-0.953,2.198,0.104,-39.591,-44.150,-1.293,525386965.000
-0.946,2.231,0.104,-40.326,-44.075,-1.392,525387066.000
-0.941,2.262,0.116,-41.153,-44.068,-1.538,525387165.000
-0.939,2.295,0.118,-41.944,-44.082,-1.666,525387265.000
-0.934,2.337,0.112,-42.750,-44.036,-1.803,525387365.000
-0.925,2.369,0.122,-43.521,-44.039,-1.920,525387466.000
-0.921,2.400,0.127,-44.320,-43.984,-2.066,525387566.000
-0.917,2.429,0.131,-45.147,-43.904,-2.193,525387666.000
-0.908,2.463,0.136,-45.875,-43.923,-2.329,525387765.000
-0.899,2.497,0.133,-46.630,-43.942,-2.465,525387865.000
-0.896,2.527,0.143,-47.382,-43.857,-2.629,525387965.000
-0.888,2.546,0.147,-47.952,-43.825,-2.707,525388065.000
-0.892,2.567,0.155,-48.287,-43.731,-2.747,525388165.000
-0.886,2.573,0.145,-48.330,-43.657,-2.765,525388266.000
-0.884,2.566,0.145,-48.243,-43.548,-2.744,525388366.000
-0.885,2.548,0.143,-47.977,-43.407,-2.721,525388466.000
-0.883,2.536,0.140,-47.561,-43.278,-2.633,525388565.000
-0.881,2.519,0.140,-47.285,-43.166,-2.564,525388665.000
-0.879,2.504,0.138,-46.996,-43.038,-2.541,525388765.000
-0.876,2.496,0.141,-46.695,-42.955,-2.482,525388866.000
-0.880,2.486,0.138,-46.438,-42.838,-2.433,525388966.000
-0.878,2.474,0.134,-46.230,-42.768,-2.402,525389065.000
-0.877,2.465,0.139,-45.979,-42.616,-2.361,525389166.000
-0.873,2.457,0.137,-45.748,-42.574,-2.357,525389266.000
-0.875,2.445,0.129,-45.594,-42.463,-2.300,525389366.000
-0.869,2.438,0.129,-45.355,-42.353,-2.277,525389465.000
-0.869,2.425,0.129,-45.209,-42.303,-2.210,525389566.000
-0.867,2.421,0.130,-44.984,-42.216,-2.235,525389665.000
-0.866,2.412,0.122,-44.828,-42.155,-2.195,525389766.000
-0.868,2.403,0.125,-44.674,-42.035,-2.156,525389866.000
-0.866,2.398,0.127,-44.476,-41.965,-2.153,525389966.000
-0.869,2.387,0.122,-44.392,-41.895,-2.124,525390066.000
-0.867,2.383,0.123,-44.207,-41.833,-2.066,525390165.000
-0.865,2.373,0.115,-44.067,-41.747,-2.110,525390266.000
-0.863,2.374,0.121,-43.852,-41.669,-2.089,525390366.000
-0.859,2.364,0.118,-43.760,-41.604,-2.068,525390466.000
-0.857,2.355,0.113,-43.661,-41.559,-2.057,525390566.000
-0.861,2.349,0.113,-43.539,-41.460,-2.018,525390666.000
-0.855,2.345,0.121,-43.382,-41.423,-1.988,525390765.000
-0.853,2.339,0.111,-43.295,-41.346,-1.995,525390866.000
-0.851,2.332,0.116,-43.167,-41.292,-1.975,525390965.000
-0.852,2.327,0.111,-43.045,-41.235,-1.936,525391065.000
-0.852,2.324,0.121,-42.881,-41.127,-1.915,525391166.000
-0.850,2.315,0.114,-42.837,-41.115,-1.932,525391266.000
-0.852,2.316,0.116,-42.691,-41.021,-1.885,525391366.000
-0.852,2.308,0.114,-42.585,-40.979,-1.883,525391466.000
-0.846,2.299,0.114,-42.499,-40.919,-1.871,525391566.000
-0.849,2.292,0.109,-42.426,-40.825,-1.879,525391666.000
-0.849,2.292,0.107,-42.233,-40.758,-1.849,525391766.000
-0.847,2.286,0.109,-42.187,-40.689,-1.829,525391865.000
-0.843,2.283,0.107,-42.092,-40.649,-1.837,525391965.000
-0.843,2.278,0.112,-41.984,-40.583,-1.826,525392065.000
-0.843,2.273,0.107,-41.917,-40.526,-1.787,525392166.000
-0.839,2.270,0.112,-41.822,-40.485,-1.795,525392266.000
-0.842,2.261,0.110,-41.737,-40.407,-1.784,525392366.000
-0.839,2.259,0.105,-41.619,-40.362,-1.773,525392466.000
-0.838,2.260,0.105,-41.487,-40.301,-1.753,525392566.000
-0.833,2.253,0.115,-41.436,-40.268,-1.751,525392665.000
-0.836,2.251,0.113,-41.347,-40.214,-1.741,525392766.000
-0.836,2.241,0.110,-41.269,-40.149,-1.721,525392866.000
-0.834,2.237,0.105,-41.209,-40.080,-1.747,525392966.000
-0.836,2.240,0.103,-41.089,-40.026,-1.718,525393066.000
-0.830,2.234,0.108,-41.044,-39.999,-1.698,525393166.000
-0.830,2.226,0.106,-40.965,-39.957,-1.724,525393266.000
-0.835,2.226,0.103,-40.855,-39.866,-1.668,525393366.000
-0.830,2.221,0.103,-40.801,-39.843,-1.657,525393465.000
-0.831,2.215,0.101,-40.721,-39.777,-1.674,525393565.000
-0.824,2.214,0.101,-40.631,-39.742,-1.663,525393665.000
-0.829,2.209,0.101,-40.579,-39.667,-1.653,525393765.000
-0.820,2.206,0.099,-40.497,-39.628,-1.660,525393866.000
-0.825,2.201,0.099,-40.403,-39.577,-1.622,525393965.000
-0.825,2.195,0.104,-40.365,-39.536,-1.612,525394065.000
-0.825,2.193,0.104,-40.283,-39.462,-1.620,525394165.000
-0.823,2.191,0.096,-40.207,-39.426,-1.609,525394266.000
-0.823,2.186,0.104,-40.155,-39.376,-1.599,525394364.000
-0.819,2.183,0.104,-40.059,-39.352,-1.606,525394465.000
-0.820,2.183,0.104,-40.004,-39.255,-1.605,525394565.000
-0.820,2.178,0.099,-39.951,-39.222,-1.595,525394665.000
-0.818,2.177,0.104,-39.862,-39.193,-1.557,525394766.000
-0.818,2.171,0.099,-39.823,-39.136,-1.574,525394864.000
-0.814,2.169,0.094,-39.727,-39.129,-1.582,525394966.000
-0.816,2.167,0.099,-39.694,-39.026,-1.572,525395065.000
-0.814,2.161,0.097,-39.648,-39.022,-1.552,525395165.000
-0.814,2.163,0.099,-39.536,-38.965,-1.542,525395266.000
-0.816,2.157,0.094,-39.492,-38.919,-1.550,525395365.000
-0.810,2.153,0.094,-39.486,-38.909,-1.521,525395466.000
-0.808,2.149,0.092,-39.398,-38.856,-1.547,525395564.000
-0.810,2.153,0.100,-39.320,-38.794,-1.519,525395665.000
-0.808,2.143,0.102,-39.263,-38.773,-1.508,525395766.000
-0.806,2.145,0.092,-39.185,-38.697,-1.516,525395864.000
-0.809,2.136,0.090,-39.183,-38.668,-1.506,525395964.000
-0.804,2.138,0.092,-39.099,-38.684,-1.496,525396064.000
-0.805,2.133,0.090,-39.059,-38.595,-1.486,525396164.000
-0.805,2.135,0.095,-38.948,-38.553,-1.503,525396265.000
-0.809,2.130,0.093,-38.896,-38.462,-1.493,525396364.000
-0.803,2.126,0.090,-38.862,-38.484,-1.464,525396465.000
-0.801,2.120,0.090,-38.859,-38.424,-1.472,525396564.000
-0.801,2.119,0.098,-38.749,-38.373,-1.471,525396665.000
-0.801,2.117,0.100,-38.682,-38.340,-1.479,525396766.000
-0.797,2.114,0.088,-38.668,-38.334,-1.487,525396865.000
-0.803,2.113,0.088,-38.593,-38.247,-1.478,525396965.000
-0.801,2.111,0.090,-38.545,-38.226,-1.467,525397065.000
-0.802,2.103,0.088,-38.522,-38.137,-1.466,525397165.000
-0.797,2.106,0.093,-38.423,-38.145,-1.456,525397264.000
-0.795,2.102,0.088,-38.404,-38.101,-1.455,525397365.000
-0.798,2.098,0.086,-38.372,-38.072,-1.454,525397465.000
-0.796,2.094,0.096,-38.326,-38.027,-1.453,525397564.000
-0.794,2.093,0.088,-38.277,-37.991,-1.443,525397665.000
-0.789,2.093,0.091,-38.195,-37.983,-1.469,525397765.000
-0.792,2.089,0.093,-38.176,-37.913,-1.413,525397865.000
-0.792,2.089,0.093,-38.107,-37.888,-1.412,525397964.000
-0.790,2.085,0.086,-38.046,-37.852,-1.439,525398064.000
-0.786,2.085,0.089,-37.991,-37.845,-1.438,525398164.000
-0.790,2.082,0.091,-37.979,-37.787,-1.419,525398264.000
-0.786,2.077,0.089,-37.939,-37.771,-1.408,525398364.000
-0.788,2.075,0.084,-37.919,-37.726,-1.427,525398464.000
-0.788,2.075,0.084,-37.850,-37.653,-1.398,525398565.000
-0.784,2.075,0.089,-37.753,-37.637,-1.396,525398665.000
-0.786,2.074,0.086,-37.761,-37.608,-1.387,525398764.000
-0.782,2.069,0.089,-37.735,-37.600,-1.377,525398865.000
-0.782,2.066,0.084,-37.681,-37.543,-1.413,525398965.000
-0.784,2.065,0.082,-37.620,-37.490,-1.375,525399064.000
-0.782,2.058,0.089,-37.617,-37.477,-1.383,525399164.000
-0.780,2.059,0.082,-37.567,-37.418,-1.392,525399264.000
-0.785,2.054,0.091,-37.529,-37.383,-1.354,525399364.000
-0.781,2.054,0.084,-37.487,-37.384,-1.381,525399465.000
-0.776,2.051,0.087,-37.432,-37.352,-1.361,525399564.000
-0.781,2.046,0.087,-37.422,-37.302,-1.379,525399664.000
-0.779,2.050,0.084,-37.330,-37.274,-1.378,525399764.000
-0.779,2.045,0.084,-37.333,-37.225,-1.368,525399864.000
-0.775,2.047,0.087,-37.248,-37.193,-1.358,525399965.000
-0.781,2.043,0.082,-37.230,-37.147,-1.358,525400064.000
-0.773,2.041,0.087,-37.175,-37.156,-1.365,525400164.000
-0.775,2.039,0.082,-37.127,-37.111,-1.356,525400264.000
-0.773,2.035,0.082,-37.136,-37.099,-1.355,525400365.000
-0.771,2.034,0.082,-37.061,-37.063,-1.372,525400464.000
-0.773,2.033,0.090,-37.055,-37.025,-1.363,525400564.000
-0.773,2.030,0.080,-37.042,-36.961,-1.344,525400665.000
-0.769,2.027,0.082,-36.946,-36.953,-1.351,525400764.000
-0.769,2.025,0.082,-36.961,-36.905,-1.333,525400864.000
-0.771,2.023,0.082,-36.900,-36.867,-1.350,525400965.000
-0.765,2.019,0.077,-36.852,-36.848,-1.321,525401064.000
-0.767,2.021,0.083,-36.819,-36.819,-1.358,525401164.000
-0.770,2.019,0.078,-36.771,-36.773,-1.348,525401264.000
-0.765,2.017,0.088,-36.731,-36.765,-1.328,525401364.000
-0.765,2.014,0.075,-36.731,-36.758,-1.338,525401464.000
-0.770,2.011,0.083,-36.692,-36.683,-1.319,525401564.000
-0.766,2.016,0.083,-36.578,-36.659,-1.326,525401665.000
-0.764,2.012,0.078,-36.573,-36.640,-1.326,525401765.000
-0.764,2.012,0.083,-36.532,-36.598,-1.325,525401865.000
-0.766,1.998,0.085,-36.588,-36.553,-1.334,525401964.000
-0.764,2.005,0.073,-36.508,-36.558,-1.324,525402064.000
-0.768,2.002,0.085,-36.483,-36.491,-1.305,525402165.000
-0.764,2.002,0.085,-36.413,-36.443,-1.304,525402265.000
-0.762,2.000,0.076,-36.420,-36.440,-1.322,525402365.000
-0.762,2.000,0.081,-36.351,-36.399,-1.321,525402465.000
-0.760,1.997,0.078,-36.318,-36.395,-1.293,525402565.000
-0.760,1.991,0.083,-36.335,-36.354,-1.310,525402664.000
-0.760,1.991,0.081,-36.280,-36.338,-1.310,525402764.000
-0.756,1.991,0.078,-36.238,-36.323,-1.309,525402865.000
-0.758,1.990,0.076,-36.204,-36.269,-1.299,525402966.000
-0.760,1.983,0.078,-36.201,-36.248,-1.308,525403066.000
-0.758,1.982,0.078,-36.180,-36.212,-1.298,525403166.000
-0.756,1.983,0.076,-36.144,-36.208,-1.279,525403266.000
-0.752,1.978,0.076,-36.119,-36.185,-1.296,525403366.000
-0.754,1.982,0.078,-36.056,-36.115,-1.296,525403466.000
-0.754,1.982,0.076,-36.028,-36.099,-1.295,525403565.000
-0.755,1.979,0.078,-36.001,-36.090,-1.276,525403665.000
-0.755,1.976,0.071,-35.975,-36.066,-1.285,525403765.000
-0.753,1.978,0.074,-35.925,-36.022,-1.266,525403865.000
-0.753,1.975,0.079,-35.886,-36.004,-1.274,525403965.000
-0.755,1.971,0.071,-35.895,-35.968,-1.274,525404066.000
-0.753,1.972,0.069,-35.859,-35.965,-1.283,525404166.000
-0.751,1.971,0.079,-35.798,-35.919,-1.272,525404265.000
-0.747,1.966,0.076,-35.827,-35.929,-1.263,525404365.000
-0.751,1.966,0.071,-35.773,-35.871,-1.290,525404465.000
-0.749,1.964,0.074,-35.753,-35.851,-1.308,525404565.000
-0.749,1.962,0.074,-35.726,-35.826,-1.261,525404665.000
-0.743,1.963,0.076,-35.663,-35.831,-1.269,525404765.000
-0.745,1.957,0.074,-35.701,-35.754,-1.278,525404865.000
-0.745,1.954,0.069,-35.646,-35.746,-1.259,525404966.000
-0.745,1.956,0.081,-35.605,-35.728,-1.277,525405066.000
-0.743,1.958,0.074,-35.569,-35.693,-1.285,525405165.000
-0.745,1.954,0.077,-35.565,-35.696,-1.285,525405266.000
-0.743,1.947,0.074,-35.574,-35.644,-1.266,525405366.000
-0.745,1.949,0.069,-35.524,-35.623,-1.220,525405466.000
-0.743,1.947,0.074,-35.478,-35.619,-1.265,525405566.000
-0.743,1.947,0.074,-35.422,-35.570,-1.236,525405665.000
-0.743,1.947,0.074,-35.408,-35.545,-1.264,525405766.000
-0.741,1.941,0.069,-35.446,-35.526,-1.272,525405866.000
-0.743,1.944,0.072,-35.382,-35.505,-1.245,525405965.000
-0.742,1.940,0.074,-35.335,-35.460,-1.243,525406065.000
-0.739,1.937,0.072,-35.316,-35.481,-1.243,525406165.000
-0.742,1.935,0.072,-35.283,-35.443,-1.233,525406266.000
-0.740,1.936,0.069,-35.247,-35.391,-1.241,525406365.000
-0.735,1.934,0.077,-35.221,-35.391,-1.222,525406465.000
-0.740,1.936,0.067,-35.178,-35.350,-1.241,525406565.000
-0.740,1.934,0.074,-35.152,-35.325,-1.222,525406665.000
-0.736,1.934,0.075,-35.110,-35.277,-1.248,525406765.000
-0.736,1.928,0.075,-35.154,-35.302,-1.239,525406866.000
-0.731,1.926,0.070,-35.086,-35.294,-1.247,525406965.000
-0.734,1.924,0.072,-35.066,-35.249,-1.237,525407066.000
-0.738,1.924,0.072,-35.039,-35.223,-1.237,525407165.000
-0.732,1.921,0.070,-35.033,-35.197,-1.236,525407265.000
-0.734,1.924,0.065,-34.969,-35.176,-1.236,525407366.000
-0.738,1.919,0.065,-34.958,-35.077,-1.226,525407465.000
-0.732,1.923,0.075,-34.894,-35.106,-1.225,525407565.000
-0.730,1.919,0.072,-34.903,-35.127,-1.225,525407666.000
-0.736,1.918,0.067,-34.869,-35.032,-1.215,525407766.000
-0.732,1.915,0.072,-34.857,-35.041,-1.224,525407866.000
-0.732,1.915,0.072,-34.815,-35.016,-1.223,525407965.000
-0.732,1.915,0.075,-34.802,-35.008,-1.223,525408066.000
-0.732,1.915,0.072,-34.788,-34.968,-1.223,525408166.000
-0.728,1.912,0.070,-34.747,-34.977,-1.203,525408265.000
-0.730,1.911,0.065,-34.741,-34.908,-1.221,525408366.000
-0.724,1.910,0.075,-34.693,-34.960,-1.211,525408465.000
-0.726,1.908,0.068,-34.700,-34.900,-1.229,525408565.000
-0.728,1.910,0.065,-34.637,-34.871,-1.211,525408665.000
-0.726,1.903,0.068,-34.648,-34.851,-1.247,525408766.000
-0.726,1.903,0.065,-34.620,-34.834,-1.219,525408866.000
-0.726,1.903,0.068,-34.593,-34.802,-1.218,525408965.000
-0.722,1.903,0.063,-34.578,-34.819,-1.218,525409065.000
-0.724,1.899,0.070,-34.588,-34.782,-1.217,525409165.000
-0.727,1.898,0.068,-34.554,-34.728,-1.235,525409265.000
-0.722,1.898,0.070,-34.512,-34.745,-1.207,525409365.000
-0.727,1.900,0.063,-34.469,-34.671,-1.198,525409465.000
-0.720,1.899,0.066,-34.407,-34.701,-1.215,525409565.000
-0.723,1.895,0.068,-34.458,-34.656,-1.215,525409665.000
-0.723,1.892,0.070,-34.432,-34.647,-1.196,525409766.000
-0.721,1.891,0.070,-34.398,-34.635,-1.214,525409866.000
-0.723,1.890,0.061,-34.377,-34.607,-1.204,525409965.000
-0.725,1.888,0.068,-34.372,-34.569,-1.223,525410065.000
-0.721,1.888,0.063,-34.316,-34.562,-1.222,525410166.000
-0.721,1.888,0.066,-34.289,-34.529,-1.221,525410265.000
-0.717,1.883,0.066,-34.332,-34.531,-1.211,525410365.000
-0.721,1.886,0.063,-34.248,-34.513,-1.174,525410465.000
-0.721,1.888,0.068,-34.219,-34.472,-1.192,525410565.000
-0.719,1.884,0.063,-34.228,-34.477,-1.220,525410665.000
-0.717,1.878,0.063,-34.210,-34.440,-1.200,525410765.000
-0.721,1.883,0.066,-34.167,-34.407,-1.182,525410865.000
-0.721,1.880,0.068,-34.168,-34.398,-1.191,525410966.000
-0.715,1.879,0.063,-34.147,-34.404,-1.208,525411065.000
-0.717,1.878,0.068,-34.127,-34.375,-1.171,525411166.000
-0.717,1.878,0.068,-34.100,-34.374,-1.171,525411266.000
-0.715,1.876,0.071,-34.052,-34.305,-1.188,525411365.000
-0.715,1.876,0.061,-34.065,-34.315,-1.188,525411465.000
-0.715,1.876,0.063,-34.024,-34.306,-1.188,525411565.000
-0.713,1.877,0.066,-33.989,-34.286,-1.196,525411665.000
-0.715,1.871,0.064,-33.986,-34.232,-1.205,525411766.000
-0.711,1.868,0.061,-34.000,-34.242,-1.186,525411866.000
-0.715,1.866,0.066,-33.974,-34.224,-1.168,525411965.000
-0.711,1.866,0.066,-33.933,-34.224,-1.194,525412066.000
-0.711,1.868,0.059,-33.917,-34.177,-1.185,525412166.000
-0.711,1.868,0.066,-33.917,-34.176,-1.185,525412265.000
-0.711,1.865,0.064,-33.850,-34.159,-1.193,525412365.000
-0.711,1.863,0.064,-33.865,-34.111,-1.174,525412465.000
-0.709,1.862,0.059,-33.844,-34.140,-1.193,525412565.000
-0.711,1.863,0.069,-33.837,-34.094,-1.174,525412666.000
-0.712,1.860,0.064,-33.825,-34.062,-1.183,525412765.000
-0.709,1.861,0.066,-33.775,-34.066,-1.164,525412865.000
-0.707,1.860,0.069,-33.755,-34.046,-1.154,525412965.000
-0.710,1.859,0.064,-33.722,-34.025,-1.172,525413065.000
-0.707,1.858,0.064,-33.743,-34.014,-1.163,525413166.000
-0.710,1.853,0.066,-33.739,-33.968,-1.190,525413266.000
-0.710,1.856,0.064,-33.682,-33.976,-1.180,525413365.000
-0.708,1.855,0.064,-33.661,-33.940,-1.170,525413465.000
-0.712,1.852,0.061,-33.677,-33.898,-1.180,525413565.000
-0.706,1.851,0.062,-33.642,-33.912,-1.197,525413666.000
-0.706,1.848,0.061,-33.644,-33.888,-1.178,525413766.000
-0.703,1.849,0.062,-33.580,-33.900,-1.159,525413866.000
-0.701,1.846,0.069,-33.590,-33.887,-1.186,525413965.000
-0.704,1.847,0.064,-33.554,-33.843,-1.168,525414066.000
-0.706,1.848,0.059,-33.533,-33.822,-1.177,525414165.000
-0.699,1.842,0.059,-33.529,-33.836,-1.185,525414266.000
-0.702,1.843,0.062,-33.508,-33.766,-1.166,525414366.000
-0.702,1.845,0.062,-33.492,-33.766,-1.157,525414466.000
-0.704,1.844,0.074,-33.460,-33.760,-1.148,525414566.000
-0.702,1.843,0.062,-33.452,-33.766,-1.166,525414665.000
-0.704,1.834,0.064,-33.479,-33.720,-1.184,525414766.000
-0.702,1.840,0.067,-33.412,-33.700,-1.146,525414866.000
-0.706,1.837,0.062,-33.414,-33.667,-1.156,525414965.000
-0.702,1.840,0.064,-33.357,-33.683,-1.146,525415065.000
-0.702,1.837,0.062,-33.414,-33.644,-1.155,525415166.000
-0.702,1.835,0.057,-33.359,-33.635,-1.163,525415265.000
-0.702,1.837,0.062,-33.317,-33.618,-1.154,525415365.000
-0.698,1.835,0.059,-33.332,-33.628,-1.163,525415467.000
-0.700,1.836,0.067,-33.283,-33.590,-1.144,525415566.000
-0.700,1.831,0.057,-33.299,-33.550,-1.134,525415666.000
-0.698,1.832,0.069,-33.251,-33.570,-1.143,525415765.000
-0.696,1.831,0.057,-33.243,-33.575,-1.161,525415866.000
-0.700,1.825,0.057,-33.233,-33.525,-1.179,525415965.000
-0.698,1.829,0.057,-33.196,-33.513,-1.151,525416066.000
-0.700,1.831,0.062,-33.147,-33.508,-1.133,525416165.000
-0.696,1.828,0.062,-33.176,-33.509,-1.141,525416265.000
-0.694,1.829,0.065,-33.141,-33.489,-1.150,525416365.000
-0.696,1.823,0.060,-33.151,-33.444,-1.159,525416465.000
-0.696,1.823,0.060,-33.151,-33.444,-1.159,525416565.000
-0.696,1.825,0.067,-33.067,-33.419,-1.149,525416665.000
-0.696,1.823,0.057,-33.096,-33.379,-1.158,525416765.000
-0.690,1.821,0.057,-33.075,-33.417,-1.148,525416866.000
-0.694,1.821,0.065,-33.048,-33.391,-1.148,525416965.000
-0.699,1.816,0.060,-33.092,-33.358,-1.139,525417066.000
-0.694,1.821,0.057,-33.020,-33.343,-1.147,525417166.000
-0.699,1.816,0.060,-33.023,-33.285,-1.138,525417266.000
-0.695,1.816,0.052,-32.995,-33.310,-1.137,525417366.000
-0.693,1.817,0.057,-32.973,-33.282,-1.146,525417465.000
-0.695,1.818,0.065,-32.925,-33.244,-1.155,525417566.000
-0.693,1.817,0.062,-32.960,-33.241,-1.145,525417666.000
-0.691,1.819,0.062,-32.938,-33.230,-1.126,525417766.000
-0.695,1.813,0.062,-32.914,-33.204,-1.145,525417865.000
-0.691,1.816,0.057,-32.884,-33.173,-1.135,525417966.000
-0.688,1.812,0.057,-32.879,-33.234,-1.135,525418066.000
-0.691,1.813,0.062,-32.830,-33.180,-1.116,525418166.000
-0.691,1.813,0.060,-32.844,-33.188,-1.143,525418266.000
-0.693,1.809,0.065,-32.854,-33.134,-1.115,525418365.000
-0.689,1.807,0.057,-32.854,-33.136,-1.124,525418465.000
-0.687,1.808,0.060,-32.778,-33.140,-1.160,525418566.000
-0.687,1.803,0.058,-32.849,-33.100,-1.151,525418666.000
-0.685,1.804,0.058,-32.758,-33.112,-1.131,525418766.000
-0.687,1.800,0.058,-32.823,-33.076,-1.132,525418865.000
-0.685,1.804,0.053,-32.744,-33.056,-1.159,525418966.000
-0.689,1.804,0.058,-32.731,-33.038,-1.104,525419065.000
-0.685,1.801,0.060,-32.746,-33.031,-1.140,525419165.000
-0.687,1.800,0.058,-32.698,-33.002,-1.130,525419266.000
-0.687,1.805,0.055,-32.640,-32.985,-1.139,525419365.000
-0.689,1.804,0.058,-32.662,-32.964,-1.130,525419465.000
-0.687,1.797,0.058,-32.686,-32.953,-1.139,525419565.000
-0.689,1.801,0.058,-32.622,-32.964,-1.111,525419665.000
-0.685,1.799,0.055,-32.595,-32.949,-1.119,525419766.000
-0.687,1.795,0.058,-32.618,-32.904,-1.119,525419865.000
-0.685,1.796,0.055,-32.610,-32.900,-1.128,525419965.000
-0.681,1.793,0.058,-32.584,-32.917,-1.137,525420066.000
-0.683,1.792,0.055,-32.578,-32.913,-1.127,525420165.000
-0.685,1.796,0.058,-32.528,-32.867,-1.127,525420266.000
-0.683,1.795,0.058,-32.535,-32.880,-1.118,525420365.000
-0.685,1.793,0.055,-32.543,-32.851,-1.136,525420466.000
-0.685,1.788,0.058,-32.531,-32.794,-1.099,525420566.000
-0.677,1.788,0.053,-32.503,-32.861,-1.125,525420666.000
-0.683,1.789,0.065,-32.469,-32.805,-1.079,525420766.000
-0.683,1.787,0.055,-32.497,-32.766,-1.116,525420866.000
-0.686,1.790,0.058,-32.461,-32.745,-1.116,525420967.000
-0.683,1.781,0.055,-32.472,-32.766,-1.106,525421066.000
-0.683,1.784,0.053,-32.457,-32.750,-1.125,525421166.000
-0.684,1.784,0.056,-32.430,-32.717,-1.124,525421266.000
-0.677,1.790,0.058,-32.350,-32.795,-1.114,525421366.000
-0.679,1.784,0.056,-32.388,-32.717,-1.123,525421466.000
-0.679,1.784,0.051,-32.374,-32.710,-1.123,525421567.000
-0.679,1.784,0.053,-32.360,-32.701,-1.095,525421666.000
-0.682,1.782,0.056,-32.355,-32.680,-1.141,525421765.000
-0.677,1.785,0.058,-32.255,-32.672,-1.076,525421865.000
-0.677,1.780,0.056,-32.314,-32.657,-1.122,525421966.000
-0.677,1.780,0.053,-32.313,-32.641,-1.094,525422067.000
-0.680,1.781,0.053,-32.279,-32.628,-1.131,525422166.000
-0.680,1.781,0.056,-32.265,-32.619,-1.103,525422266.000
-0.677,1.780,0.058,-32.244,-32.599,-1.093,525422366.000
-0.675,1.778,0.056,-32.238,-32.620,-1.111,525422465.000
-0.675,1.778,0.053,-32.210,-32.604,-1.111,525422566.000
-0.678,1.772,0.053,-32.262,-32.567,-1.092,525422666.000
-0.682,1.772,0.053,-32.235,-32.541,-1.120,525422766.000
-0.678,1.777,0.058,-32.164,-32.525,-1.128,525422866.000
-0.673,1.772,0.053,-32.192,-32.568,-1.091,525422965.000
-0.673,1.772,0.051,-32.178,-32.527,-1.091,525423065.000
-0.676,1.771,0.056,-32.159,-32.498,-1.109,525423166.000
-0.676,1.771,0.051,-32.172,-32.490,-1.082,525423265.000
-0.676,1.776,0.056,-32.101,-32.497,-1.063,525423365.000
-0.676,1.768,0.051,-32.119,-32.465,-1.090,525423466.000
-0.674,1.772,0.063,-32.083,-32.485,-1.090,525423566.000
-0.676,1.768,0.053,-32.091,-32.432,-1.089,525423666.000
-0.674,1.767,0.058,-32.085,-32.453,-1.108,525423766.000
-0.676,1.763,0.056,-32.108,-32.424,-1.080,525423866.000
-0.672,1.763,0.056,-32.066,-32.425,-1.079,525423966.000
-0.674,1.769,0.056,-31.973,-32.411,-1.097,525424066.000
-0.676,1.765,0.044,-32.051,-32.368,-1.125,525424166.000
-0.672,1.760,0.056,-32.040,-32.400,-1.088,525424266.000
-0.676,1.763,0.053,-32.025,-32.359,-1.079,525424365.000
-0.676,1.757,0.053,-32.014,-32.334,-1.069,525424466.000
-0.676,1.762,0.053,-31.956,-32.334,-1.078,525424566.000
-0.672,1.760,0.049,-31.984,-32.352,-1.087,525424666.000
-0.672,1.757,0.051,-31.999,-32.319,-1.096,525424766.000
-0.672,1.760,0.056,-31.929,-32.302,-1.086,525424865.000
-0.670,1.759,0.056,-31.923,-32.339,-1.077,525424965.000
-0.674,1.761,0.059,-31.908,-32.281,-1.068,525425066.000
-0.672,1.755,0.056,-31.946,-32.278,-1.076,525425165.000
-0.674,1.761,0.059,-31.840,-32.256,-1.094,525425265.000
-0.672,1.757,0.049,-31.861,-32.254,-1.067,525425366.000
-0.670,1.756,0.049,-31.855,-32.242,-1.084,525425465.000
-0.672,1.752,0.054,-31.878,-32.213,-1.057,525425565.000
-0.672,1.755,0.051,-31.849,-32.221,-1.075,525425665.000
-0.672,1.752,0.051,-31.864,-32.172,-1.084,525425765.000
-0.670,1.756,0.056,-31.800,-32.192,-1.084,525425866.000
-0.668,1.752,0.054,-31.795,-32.189,-1.083,525425966.000
-0.668,1.752,0.051,-31.781,-32.197,-1.083,525426066.000
-0.672,1.749,0.046,-31.782,-32.164,-1.065,525426166.000
-0.666,1.748,0.056,-31.776,-32.193,-1.082,525426265.000
-0.670,1.750,0.056,-31.775,-32.143,-1.073,525426365.000
-0.668,1.749,0.049,-31.726,-32.156,-1.064,525426466.000
-0.668,1.749,0.049,-31.726,-32.156,-1.064,525426565.000
-0.670,1.750,0.056,-31.720,-32.094,-1.073,525426666.000
-0.668,1.744,0.049,-31.729,-32.107,-1.081,525426766.000
-0.668,1.749,0.056,-31.658,-32.082,-1.062,525426865.000
-0.671,1.743,0.051,-31.696,-32.037,-1.072,525426965.000
-0.666,1.743,0.051,-31.682,-32.087,-1.071,525427065.000
-0.669,1.741,0.056,-31.676,-32.033,-1.062,525427165.000
-0.666,1.745,0.049,-31.625,-32.095,-1.062,525427265.000
-0.666,1.745,0.052,-31.625,-32.062,-1.089,525427366.000
-0.671,1.742,0.054,-31.627,-32.028,-1.071,525427465.000
-0.669,1.744,0.054,-31.605,-32.017,-1.052,525427565.000
-0.669,1.741,0.054,-31.607,-31.992,-1.061,525427665.000
-0.666,1.742,0.054,-31.599,-32.005,-1.070,525427766.000
-0.664,1.741,0.051,-31.606,-32.002,-1.060,525427866.000
-0.667,1.742,0.057,-31.544,-31.972,-1.069,525427966.000
-0.669,1.741,0.047,-31.537,-31.968,-1.060,525428065.000
-0.664,1.741,0.051,-31.537,-31.977,-1.032,525428166.000
-0.664,1.741,0.052,-31.510,-31.977,-1.087,525428266.000
-0.667,1.737,0.049,-31.519,-31.924,-1.087,525428366.000
-0.665,1.741,0.052,-31.482,-31.928,-1.059,525428465.000
-0.667,1.737,0.052,-31.505,-31.915,-1.059,525428566.000
-0.665,1.736,0.049,-31.512,-31.912,-1.049,525428666.000
-0.665,1.738,0.052,-31.441,-31.927,-1.040,525428766.000
-0.662,1.737,0.052,-31.435,-31.916,-1.058,525428865.000
-0.669,1.736,0.057,-31.444,-31.861,-1.049,525428965.000
-0.667,1.737,0.052,-31.436,-31.842,-1.058,525429065.000
-0.665,1.738,0.054,-31.400,-31.870,-1.039,525429165.000
-0.669,1.730,0.047,-31.432,-31.821,-1.067,525429266.000
-0.669,1.733,0.054,-31.417,-31.820,-1.030,525429366.000
-0.663,1.729,0.049,-31.397,-31.851,-1.029,525429465.000
-0.665,1.730,0.052,-31.363,-31.805,-1.065,525429566.000
-0.661,1.733,0.049,-31.347,-31.814,-1.056,525429665.000
-0.663,1.732,0.049,-31.355,-31.802,-1.047,525429766.000
-0.663,1.732,0.052,-31.327,-31.769,-1.046,525429865.000
-0.667,1.729,0.054,-31.330,-31.784,-1.056,525429966.000
-0.663,1.734,0.052,-31.299,-31.745,-1.064,525430065.000
-0.663,1.726,0.052,-31.302,-31.768,-1.036,525430166.000
-0.661,1.730,0.049,-31.280,-31.765,-1.064,525430265.000
-0.661,1.728,0.054,-31.295,-31.749,-1.045,525430365.000
-0.659,1.729,0.052,-31.287,-31.745,-1.054,525430466.000
-0.659,1.729,0.049,-31.245,-31.753,-1.054,525430566.000
-0.663,1.724,0.057,-31.263,-31.703,-1.045,525430666.000
-0.663,1.721,0.049,-31.278,-31.703,-1.054,525430766.000
-0.661,1.725,0.042,-31.226,-31.717,-1.053,525430866.000
-0.661,1.725,0.054,-31.227,-31.699,-1.053,525430966.000
-0.659,1.721,0.047,-31.249,-31.713,-1.025,525431065.000
-0.661,1.725,0.052,-31.186,-31.659,-1.053,525431165.000
-0.661,1.725,0.054,-31.172,-31.650,-1.025,525431266.000
-0.657,1.722,0.045,-31.144,-31.684,-1.033,525431365.000
-0.659,1.724,0.054,-31.151,-31.663,-1.015,525431466.000
-0.659,1.721,0.050,-31.167,-31.631,-1.052,525431565.000
-0.659,1.724,0.047,-31.137,-31.639,-1.043,525431665.000
-0.661,1.720,0.052,-31.147,-31.585,-1.042,525431766.000
-0.659,1.718,0.052,-31.127,-31.598,-1.033,525431865.000
-0.659,1.721,0.055,-31.084,-31.565,-1.023,525431966.000
-0.659,1.718,0.045,-31.098,-31.598,-1.032,525432065.000
-0.659,1.716,0.057,-31.087,-31.581,-1.041,525432166.000
-0.657,1.722,0.045,-31.062,-31.587,-1.032,525432266.000
-0.661,1.714,0.047,-31.108,-31.529,-1.032,525432366.000
-0.659,1.713,0.054,-31.088,-31.540,-1.022,525432466.000
-0.653,1.714,0.045,-31.065,-31.587,-1.031,525432565.000
-0.659,1.718,0.050,-31.016,-31.532,-1.031,525432666.000
-0.655,1.716,0.047,-31.017,-31.517,-1.039,525432765.000
-0.657,1.714,0.050,-31.038,-31.545,-1.031,525432866.000
-0.655,1.710,0.047,-31.019,-31.517,-1.030,525432966.000
-0.657,1.712,0.047,-31.026,-31.529,-1.040,525433065.000
-0.653,1.709,0.042,-31.012,-31.522,-1.020,525433165.000
-0.657,1.714,0.050,-30.942,-31.471,-1.029,525433265.000
-0.657,1.712,0.040,-30.970,-31.481,-1.039,525433366.000
-0.660,1.710,0.055,-30.951,-31.466,-1.030,525433465.000
-0.657,1.706,0.040,-30.973,-31.432,-1.029,525433566.000
-0.657,1.709,0.050,-30.972,-31.471,-1.020,525433665.000
-0.655,1.708,0.050,-30.938,-31.460,-1.010,525433766.000
-0.658,1.712,0.050,-30.888,-31.398,-1.010,525433866.000
-0.653,1.704,0.047,-30.946,-31.432,-1.010,525433965.000
-0.655,1.708,0.047,-30.924,-31.419,-1.037,525434065.000
-0.653,1.712,0.050,-30.846,-31.399,-1.009,525434165.000
-0.651,1.708,0.045,-30.841,-31.428,-1.036,525434266.000
-0.653,1.704,0.050,-30.891,-31.399,-1.009,525434366.000
-0.656,1.705,0.047,-30.883,-31.370,-0.991,525434465.000
-0.653,1.704,0.047,-30.808,-31.382,-1.008,525434566.000
-0.653,1.701,0.055,-30.852,-31.382,-1.017,525434665.000
-0.651,1.700,0.052,-30.845,-31.403,-1.008,525434766.000
-0.651,1.700,0.050,-30.831,-31.362,-1.008,525434865.000
-0.656,1.700,0.050,-30.831,-31.337,-1.008,525434965.000
-0.656,1.700,0.050,-30.804,-31.337,-1.008,525435065.000
-0.654,1.698,0.045,-30.797,-31.342,-0.998,525435166.000
-0.652,1.697,0.052,-30.791,-31.329,-0.988,525435265.000
-0.651,1.700,0.045,-30.775,-31.330,-1.007,525435365.000
-0.652,1.700,0.047,-30.748,-31.297,-1.006,525435466.000
-0.656,1.700,0.047,-30.721,-31.271,-1.007,525435566.000
-0.656,1.697,0.050,-30.736,-31.287,-0.988,525435665.000
-0.654,1.701,0.043,-30.699,-31.276,-1.015,525435766.000
-0.654,1.696,0.047,-30.702,-31.259,-1.006,525435866.000
-0.654,1.696,0.047,-30.730,-31.260,-1.006,525435965.000
-0.654,1.701,0.045,-30.630,-31.267,-0.987,525436065.000
-0.652,1.694,0.040,-30.709,-31.273,-1.024,525436166.000
-0.654,1.698,0.043,-30.659,-31.227,-0.996,525436265.000
-0.652,1.694,0.050,-30.654,-31.239,-0.996,525436366.000
-0.654,1.698,0.045,-30.631,-31.195,-0.996,525436465.000
-0.648,1.694,0.048,-30.640,-31.224,-0.995,525436566.000
-0.650,1.690,0.048,-30.663,-31.212,-0.995,525436666.000
-0.648,1.692,0.048,-30.655,-31.224,-1.004,525436766.000
-0.652,1.689,0.055,-30.629,-31.173,-0.985,525436865.000
-0.650,1.696,0.045,-30.591,-31.219,-1.004,525436965.000
-0.652,1.697,0.053,-30.570,-31.182,-0.985,525437066.000
-0.650,1.688,0.048,-30.609,-31.187,-1.003,525437165.000
-0.650,1.690,0.045,-30.593,-31.171,-0.994,525437266.000
-0.652,1.692,0.055,-30.545,-31.149,-0.975,525437365.000
-0.650,1.688,0.043,-30.581,-31.154,-1.003,525437465.000
-0.652,1.692,0.050,-30.517,-31.117,-0.947,525437565.000
-0.650,1.685,0.040,-30.568,-31.138,-0.984,525437665.000
-0.650,1.688,0.045,-30.512,-31.145,-1.002,525437765.000
-0.650,1.690,0.043,-30.483,-31.105,-0.993,525437866.000
-0.648,1.686,0.045,-30.505,-31.134,-0.993,525437966.000
-0.652,1.684,0.050,-30.522,-31.092,-1.002,525438067.000
-0.650,1.690,0.043,-30.455,-31.105,-0.992,525438166.000
-0.646,1.685,0.050,-30.458,-31.081,-0.982,525438266.000
-0.650,1.685,0.048,-30.486,-31.040,-0.983,525438366.000
-0.646,1.680,0.045,-30.488,-31.098,-0.973,525438466.000
-0.648,1.684,0.045,-30.479,-31.061,-1.001,525438566.000
-0.642,1.685,0.045,-30.457,-31.075,-0.981,525438666.000
-0.652,1.681,0.043,-30.467,-31.019,-0.955,525438766.000
-0.646,1.685,0.040,-30.429,-31.065,-0.982,525438867.000
-0.648,1.684,0.043,-30.410,-31.020,-0.972,525438966.000
-0.652,1.684,0.050,-30.397,-31.018,-0.973,525439066.000
-0.650,1.682,0.045,-30.404,-30.999,-0.991,525439166.000
-0.646,1.685,0.043,-30.360,-31.008,-0.953,525439266.000
-0.646,1.677,0.040,-30.420,-31.016,-0.981,525439366.000
-0.644,1.676,0.045,-30.386,-31.036,-0.971,525439466.000
-0.648,1.684,0.048,-30.341,-30.978,-0.971,525439567.000
-0.648,1.678,0.053,-30.358,-30.986,-0.962,525439666.000
-0.646,1.677,0.048,-30.351,-30.991,-0.980,525439766.000
-0.642,1.680,0.048,-30.349,-30.992,-0.970,525439867.000
-0.646,1.677,0.043,-30.351,-30.959,-0.980,525439967.000
-0.648,1.676,0.043,-30.331,-30.946,-0.971,525440066.000
-0.648,1.676,0.045,-30.331,-30.913,-0.970,525440166.000
-0.644,1.678,0.046,-30.288,-30.987,-0.988,525440267.000
-0.640,1.673,0.043,-30.303,-30.972,-0.951,525440367.000
-0.646,1.672,0.045,-30.299,-30.926,-0.970,525440466.000
-0.648,1.676,0.045,-30.276,-30.913,-0.970,525440566.000
-0.642,1.674,0.043,-30.282,-30.935,-0.960,525440666.000
-0.651,1.674,0.040,-30.256,-30.868,-0.960,525440767.000
-0.642,1.672,0.050,-30.271,-30.934,-0.969,525440867.000
-0.642,1.672,0.048,-30.243,-30.918,-0.968,525440967.000
-0.642,1.669,0.043,-30.272,-30.910,-0.978,525441066.000
-0.644,1.673,0.046,-30.236,-30.889,-0.978,525441166.000
-0.642,1.669,0.038,-30.243,-30.878,-0.950,525441266.000
-0.638,1.667,0.046,-30.259,-30.903,-0.958,525441367.000
-0.644,1.673,0.048,-30.208,-30.857,-0.950,525441467.000
-0.642,1.674,0.046,-30.172,-30.853,-0.958,525441566.000
-0.644,1.670,0.051,-30.196,-30.824,-0.986,525441666.000
-0.642,1.672,0.048,-30.146,-30.844,-0.967,525441767.000
-0.638,1.669,0.038,-30.188,-30.855,-0.976,525441866.000
-0.642,1.669,0.046,-30.175,-30.804,-0.976,525441966.000
-0.642,1.669,0.043,-30.161,-30.812,-0.976,525442066.000
-0.642,1.669,0.046,-30.120,-30.804,-0.948,525442166.000
-0.642,1.669,0.041,-30.161,-30.796,-0.976,525442266.000
-0.636,1.665,0.048,-30.128,-30.834,-0.947,525442367.000
-0.636,1.668,0.043,-30.112,-30.802,-0.938,525442466.000
-0.640,1.665,0.043,-30.142,-30.801,-0.948,525442566.000
-0.643,1.661,0.041,-30.151,-30.748,-0.947,525442666.000
-0.638,1.664,0.046,-30.108,-30.805,-0.965,525442766.000
-0.638,1.666,0.046,-30.052,-30.780,-0.956,525442866.000
-0.643,1.664,0.041,-30.095,-30.723,-0.965,525442966.000
-0.640,1.665,0.043,-30.059,-30.751,-0.947,525443067.000
-0.641,1.665,0.048,-30.046,-30.710,-0.946,525443166.000
-0.641,1.662,0.046,-30.061,-30.694,-0.955,525443267.000
-0.638,1.658,0.046,-30.056,-30.755,-0.955,525443367.000
-0.640,1.662,0.038,-30.019,-30.719,-0.955,525443467.000
-0.638,1.659,0.041,-30.055,-30.724,-0.927,525443567.000
-0.643,1.664,0.051,-29.970,-30.664,-0.908,525443666.000
-0.636,1.657,0.041,-30.021,-30.711,-0.973,525443766.000
-0.634,1.661,0.051,-29.999,-30.691,-0.944,525443866.000
-0.636,1.662,0.038,-29.991,-30.696,-0.954,525443966.000
-0.641,1.657,0.046,-30.009,-30.645,-0.972,525444066.000
-0.636,1.662,0.041,-29.963,-30.711,-0.954,525444167.000
-0.636,1.660,0.038,-30.006,-30.647,-0.935,525444267.000
-0.636,1.657,0.048,-29.966,-30.662,-0.944,525444366.000
-0.636,1.657,0.038,-29.966,-30.647,-0.944,525444467.000
-0.636,1.657,0.041,-29.938,-30.662,-0.944,525444567.000
-0.636,1.660,0.046,-29.924,-30.646,-0.962,525444666.000
-0.634,1.658,0.043,-29.945,-30.667,-0.953,525444766.000
-0.637,1.654,0.046,-29.940,-30.621,-0.953,525444866.000
-0.637,1.654,0.038,-29.940,-30.622,-0.953,525444966.000
-0.634,1.653,0.038,-29.919,-30.634,-0.943,525445066.000
-0.636,1.657,0.041,-29.897,-30.638,-0.943,525445166.000
-0.634,1.653,0.041,-29.892,-30.650,-0.943,525445266.000
-0.641,1.654,0.041,-29.871,-30.588,-0.925,525445367.000
-0.639,1.655,0.041,-29.864,-30.552,-0.961,525445466.000
-0.635,1.656,0.043,-29.877,-30.569,-0.933,525445566.000
-0.637,1.654,0.041,-29.885,-30.589,-0.952,525445666.000
-0.632,1.652,0.043,-29.872,-30.582,-0.932,525445766.000
-0.639,1.653,0.041,-29.865,-30.527,-0.942,525445866.000
-0.635,1.653,0.043,-29.864,-30.569,-0.942,525445966.000
-0.635,1.648,0.041,-29.853,-30.528,-0.932,525446067.000
-0.637,1.646,0.046,-29.834,-30.547,-0.951,525446166.000
-0.633,1.646,0.041,-29.833,-30.541,-0.978,525446267.000
-0.637,1.652,0.039,-29.803,-30.499,-0.960,525446366.000
-0.635,1.650,0.036,-29.796,-30.520,-0.950,525446466.000
-0.637,1.652,0.043,-29.803,-30.483,-0.904,525446566.000
-0.635,1.653,0.046,-29.782,-30.487,-0.941,525446666.000
-0.635,1.643,0.043,-29.828,-30.495,-0.922,525446766.000
-0.635,1.650,0.049,-29.755,-30.478,-0.922,525446867.000
-0.633,1.649,0.039,-29.762,-30.476,-0.940,525446966.000
-0.633,1.646,0.039,-29.764,-30.500,-0.949,525447066.000
-0.631,1.645,0.049,-29.785,-30.504,-0.940,525447166.000
-0.635,1.648,0.041,-29.729,-30.454,-0.930,525447266.000
-0.631,1.645,0.044,-29.744,-30.496,-0.939,525447366.000
-0.635,1.645,0.039,-29.758,-30.463,-0.940,525447466.000
-0.633,1.641,0.046,-29.767,-30.450,-0.939,525447566.000
-0.631,1.645,0.046,-29.744,-30.463,-0.939,525447665.000
-0.628,1.644,0.046,-29.751,-30.476,-0.930,525447766.000
-0.633,1.649,0.041,-29.693,-30.418,-0.939,525447866.000
-0.631,1.645,0.041,-29.716,-30.431,-0.939,525447965.000
-0.633,1.646,0.041,-29.708,-30.418,-0.920,525448066.000
-0.631,1.642,0.041,-29.717,-30.407,-0.947,525448166.000
-0.637,1.644,0.041,-29.669,-30.392,-0.929,525448266.000
-0.635,1.640,0.041,-29.719,-30.405,-0.929,525448366.000
-0.633,1.646,0.039,-29.639,-30.377,-0.919,525448466.000
-0.629,1.644,0.039,-29.654,-30.403,-0.928,525448566.000
-0.631,1.642,0.041,-29.634,-30.357,-0.919,525448666.000
-0.631,1.642,0.039,-29.690,-30.390,-0.947,525448766.000
-0.629,1.644,0.041,-29.626,-30.370,-0.928,525448865.000
-0.629,1.641,0.051,-29.643,-30.385,-0.937,525448966.000
-0.631,1.640,0.034,-29.649,-30.358,-0.956,525449066.000
-0.631,1.637,0.044,-29.651,-30.300,-0.909,525449165.000
-0.631,1.640,0.036,-29.621,-30.325,-0.927,525449266.000
-0.627,1.640,0.039,-29.635,-30.342,-0.927,525449365.000
-0.631,1.637,0.044,-29.651,-30.300,-0.937,525449465.000
-0.633,1.638,0.041,-29.616,-30.320,-0.918,525449566.000
-0.631,1.640,0.036,-29.580,-30.301,-0.927,525449665.000
-0.633,1.638,0.036,-29.602,-30.312,-0.918,525449765.000
-0.629,1.636,0.036,-29.603,-30.313,-0.927,525449865.000
-0.633,1.636,0.039,-29.589,-30.279,-0.927,525449965.000
-0.629,1.638,0.036,-29.573,-30.289,-0.917,525450066.000
-0.627,1.637,0.036,-29.553,-30.301,-0.935,525450166.000
-0.629,1.633,0.044,-29.577,-30.288,-0.908,525450266.000
-0.629,1.636,0.036,-29.520,-30.264,-0.926,525450365.000
-0.631,1.640,0.041,-29.525,-30.235,-0.898,525450465.000
-0.631,1.634,0.039,-29.541,-30.243,-0.917,525450566.000
-0.625,1.633,0.041,-29.535,-30.273,-0.934,525450665.000
-0.627,1.634,0.041,-29.527,-30.260,-0.916,525450766.000
-0.629,1.636,0.034,-29.492,-30.248,-0.925,525450865.000
-0.629,1.636,0.041,-29.478,-30.223,-0.897,525450965.000
-0.629,1.633,0.039,-29.508,-30.231,-0.934,525451066.000
-0.629,1.630,0.034,-29.495,-30.199,-0.943,525451165.000
-0.627,1.637,0.042,-29.443,-30.187,-0.933,525451266.000
-0.629,1.635,0.037,-29.437,-30.215,-0.925,525451366.000
-0.629,1.630,0.041,-29.468,-30.198,-0.915,525451466.000
-0.625,1.635,0.037,-29.423,-30.216,-0.924,525451566.000
-0.625,1.635,0.037,-29.436,-30.192,-0.924,525451666.000
-0.627,1.634,0.042,-29.431,-30.186,-0.915,525451766.000
-0.625,1.630,0.039,-29.425,-30.183,-0.914,525451865.000
-0.627,1.631,0.042,-29.405,-30.162,-0.923,525451966.000
-0.625,1.633,0.042,-29.424,-30.175,-0.905,525452065.000
-0.629,1.633,0.042,-29.369,-30.149,-0.905,525452166.000
-0.627,1.629,0.044,-29.406,-30.153,-0.905,525452265.000
-0.630,1.628,0.037,-29.400,-30.117,-0.923,525452365.000
-0.625,1.628,0.037,-29.399,-30.142,-0.923,525452466.000
-0.625,1.630,0.044,-29.384,-30.142,-0.886,525452566.000
-0.630,1.630,0.039,-29.343,-30.108,-0.913,525452665.000
-0.627,1.629,0.039,-29.336,-30.097,-0.904,525452766.000
-0.627,1.626,0.042,-29.352,-30.112,-0.913,525452865.000
-0.623,1.629,0.042,-29.336,-30.138,-0.903,525452965.000
-0.630,1.628,0.039,-29.330,-30.059,-0.894,525453066.000
-0.627,1.626,0.034,-29.338,-30.089,-0.913,525453166.000
-0.625,1.627,0.034,-29.330,-30.101,-0.922,525453266.000
-0.621,1.625,0.042,-29.344,-30.126,-0.875,525453366.000
-0.623,1.621,0.037,-29.326,-30.105,-0.930,525453465.000
-0.625,1.622,0.039,-29.333,-30.085,-0.912,525453565.000
-0.623,1.621,0.037,-29.312,-30.081,-0.902,525453666.000
-0.628,1.624,0.042,-29.325,-30.039,-0.894,525453765.000
-0.623,1.621,0.042,-29.313,-30.065,-0.902,525453866.000
-0.621,1.617,0.037,-29.321,-30.069,-0.929,525453965.000
-0.630,1.625,0.039,-29.290,-30.010,-0.903,525454066.000
-0.628,1.624,0.044,-29.270,-30.006,-0.893,525454166.000
-0.626,1.622,0.042,-29.292,-30.027,-0.911,525454265.000
-0.623,1.623,0.037,-29.256,-30.056,-0.920,525454365.000
-0.624,1.624,0.047,-29.242,-29.999,-0.892,525454466.000
-0.623,1.624,0.034,-29.228,-30.040,-0.892,525454565.000
-0.626,1.620,0.037,-29.251,-29.995,-0.892,525454665.000
-0.623,1.618,0.039,-29.245,-29.999,-0.910,525454765.000
-0.623,1.624,0.037,-29.228,-30.008,-0.892,525454865.000
-0.624,1.621,0.042,-29.244,-29.991,-0.901,525454965.000
-0.623,1.621,0.039,-29.230,-29.999,-0.901,525455065.000
-0.624,1.618,0.037,-29.217,-29.983,-0.910,525455166.000
-0.621,1.614,0.037,-29.240,-29.996,-0.910,525455265.000
-0.628,1.613,0.034,-29.234,-29.917,-0.901,525455366.000
-0.624,1.616,0.039,-29.205,-29.950,-0.891,525455466.000
-0.624,1.618,0.039,-29.175,-29.926,-0.881,525455566.000
-0.619,1.616,0.039,-29.190,-29.951,-0.890,525455666.000
-0.619,1.616,0.039,-29.177,-29.927,-0.917,525455766.000
-0.624,1.613,0.037,-29.192,-29.886,-0.899,525455866.000
-0.622,1.617,0.034,-29.141,-29.931,-0.899,525455966.000
-0.622,1.617,0.044,-29.114,-29.897,-0.899,525456067.000
-0.620,1.618,0.042,-29.106,-29.894,-0.908,525456167.000
-0.619,1.615,0.034,-29.121,-29.895,-0.917,525456266.000
-0.624,1.618,0.042,-29.107,-29.868,-0.880,525456366.000
-0.624,1.613,0.042,-29.110,-29.868,-0.898,525456466.000
-0.622,1.617,0.047,-29.073,-29.840,-0.898,525456566.000
-0.622,1.617,0.037,-29.086,-29.849,-0.898,525456666.000
-0.620,1.613,0.037,-29.081,-29.862,-0.898,525456766.000
-0.620,1.610,0.039,-29.096,-29.829,-0.879,525456866.000
-0.622,1.614,0.032,-29.073,-29.865,-0.880,525456966.000
-0.624,1.615,0.042,-29.039,-29.819,-0.888,525457066.000
-0.622,1.617,0.037,-29.045,-29.824,-0.898,525457167.000
-0.622,1.606,0.037,-29.078,-29.824,-0.879,525457266.000
-0.618,1.606,0.035,-29.091,-29.858,-0.906,525457366.000
-0.622,1.609,0.032,-29.076,-29.817,-0.897,525457466.000
-0.624,1.608,0.039,-29.057,-29.803,-0.888,525457566.000
-0.620,1.613,0.037,-29.026,-29.812,-0.897,525457666.000
-0.620,1.610,0.042,-29.028,-29.820,-0.906,525457766.000
-0.618,1.606,0.034,-29.049,-29.833,-0.878,525457867.000
-0.622,1.614,0.039,-29.005,-29.791,-0.878,525457966.000
-0.622,1.609,0.035,-28.994,-29.783,-0.896,525458067.000
-0.620,1.608,0.040,-29.001,-29.779,-0.887,525458166.000
-0.618,1.606,0.032,-28.994,-29.817,-0.905,525458266.000
-0.618,1.609,0.032,-28.993,-29.793,-0.896,525458366.000
-0.620,1.605,0.040,-29.003,-29.755,-0.896,525458466.000
-0.620,1.605,0.035,-29.002,-29.772,-0.896,525458567.000
-0.616,1.605,0.032,-29.001,-29.781,-0.868,525458666.000
-0.620,1.607,0.037,-28.932,-29.739,-0.886,525458766.000
-0.618,1.604,0.040,-28.996,-29.743,-0.886,525458866.000
-0.618,1.604,0.040,-28.955,-29.719,-0.885,525458966.000
-0.613,1.604,0.037,-28.954,-29.777,-0.885,525459066.000
-0.620,1.605,0.040,-28.934,-29.730,-0.895,525459167.000
-0.614,1.606,0.037,-28.925,-29.752,-0.876,525459266.000
-0.616,1.602,0.035,-28.948,-29.724,-0.876,525459366.000
-0.618,1.601,0.032,-28.942,-29.719,-0.894,525459466.000
-0.614,1.601,0.035,-28.900,-29.736,-0.894,525459566.000
-0.616,1.602,0.037,-28.920,-29.739,-0.876,525459666.000
-0.616,1.605,0.035,-28.891,-29.699,-0.866,525459767.000
-0.618,1.596,0.040,-28.931,-29.694,-0.857,525459866.000
-0.618,1.601,0.040,-28.887,-29.669,-0.893,525459966.000
-0.618,1.606,0.042,-28.871,-29.661,-0.903,525460067.000
-0.616,1.605,0.030,-28.849,-29.691,-0.893,525460167.000
-0.616,1.602,0.035,-28.865,-29.674,-0.902,525460266.000
-0.616,1.600,0.037,-28.880,-29.642,-0.884,525460366.000
-0.614,1.601,0.037,-28.859,-29.679,-0.893,525460467.000
-0.618,1.601,0.040,-28.859,-29.621,-0.893,525460566.000
-0.616,1.602,0.035,-28.824,-29.650,-0.902,525460667.000
-0.618,1.601,0.032,-28.845,-29.646,-0.865,525460767.000
-0.610,1.596,0.040,-28.875,-29.696,-0.883,525460866.000
-0.616,1.597,0.032,-28.854,-29.634,-0.892,525460966.000
-0.618,1.598,0.035,-28.805,-29.612,-0.874,525461066.000
-0.618,1.601,0.037,-28.804,-29.604,-0.865,525461167.000
-0.616,1.600,0.042,-28.811,-29.600,-0.855,525461267.000
-0.616,1.599,0.035,-28.797,-29.625,-0.883,525461367.000
-0.612,1.597,0.037,-28.826,-29.642,-0.864,525461467.000
-0.614,1.596,0.045,-28.820,-29.605,-0.882,525461566.000
-0.616,1.597,0.032,-28.784,-29.609,-0.864,525461666.000
-0.612,1.597,0.035,-28.812,-29.602,-0.864,525461766.000
-0.616,1.597,0.032,-28.785,-29.609,-0.892,525461867.000
-0.612,1.599,0.037,-28.755,-29.593,-0.854,525461966.000
-0.612,1.597,0.035,-28.757,-29.602,-0.891,525462066.000
-0.616,1.597,0.030,-28.743,-29.520,-0.863,525462167.000
-0.614,1.598,0.035,-28.735,-29.564,-0.872,525462266.000
-0.612,1.594,0.035,-28.758,-29.577,-0.872,525462366.000
-0.616,1.592,0.032,-28.746,-29.536,-0.881,525462466.000
-0.614,1.590,0.040,-28.754,-29.499,-0.871,525462566.000
-0.614,1.593,0.032,-28.738,-29.548,-0.890,525462667.000
-0.614,1.598,0.035,-28.694,-29.540,-0.872,525462766.000
-0.612,1.594,0.032,-28.716,-29.537,-0.871,525462866.000
-0.610,1.593,0.040,-28.724,-29.549,-0.862,525462966.000
-0.614,1.590,0.035,-28.726,-29.515,-0.871,525463066.000
-0.614,1.590,0.032,-28.698,-29.499,-0.871,525463166.000
-0.612,1.594,0.038,-28.676,-29.495,-0.898,525463266.000
-0.612,1.591,0.035,-28.677,-29.504,-0.880,525463366.000
-0.612,1.591,0.032,-28.676,-29.488,-0.880,525463466.000
-0.614,1.595,0.037,-28.627,-29.458,-0.880,525463566.000
-0.612,1.586,0.032,-28.665,-29.463,-0.870,525463666.000
-0.612,1.591,0.040,-28.649,-29.487,-0.879,525463766.000
-0.610,1.590,0.030,-28.601,-29.484,-0.869,525463866.000
-0.615,1.590,0.040,-28.629,-29.425,-0.842,525463966.000
-0.606,1.588,0.037,-28.629,-29.484,-0.850,525464066.000
-0.612,1.586,0.033,-28.624,-29.438,-0.869,525464167.000
-0.610,1.590,0.038,-28.587,-29.459,-0.869,525464266.000
-0.612,1.586,0.040,-28.596,-29.437,-0.841,525464366.000
-0.615,1.585,0.037,-28.604,-29.409,-0.860,525464466.000
-0.610,1.585,0.035,-28.590,-29.442,-0.859,525464566.000
-0.610,1.585,0.037,-28.604,-29.434,-0.860,525464666.000
-0.608,1.584,0.038,-28.569,-29.422,-0.850,525464766.000
-0.612,1.589,0.038,-28.540,-29.397,-0.859,525464866.000
-0.610,1.587,0.033,-28.533,-29.402,-0.850,525464966.000
-0.608,1.586,0.035,-28.527,-29.406,-0.868,525465067.000
-0.613,1.581,0.038,-28.530,-29.396,-0.859,525465166.000
-0.610,1.585,0.040,-28.480,-29.376,-0.858,525465267.000
-0.608,1.581,0.033,-28.529,-29.390,-0.858,525465367.000
-0.608,1.581,0.035,-28.502,-29.406,-0.858,525465466.000
-0.610,1.580,0.030,-28.509,-29.361,-0.821,525465566.000
-0.613,1.578,0.035,-28.517,-29.332,-0.840,525465666.000
-0.606,1.580,0.038,-28.495,-29.361,-0.848,525465766.000
-0.611,1.577,0.033,-28.511,-29.353,-0.858,525465866.000
-0.608,1.576,0.040,-28.491,-29.364,-0.848,525465966.000
-0.608,1.578,0.040,-28.448,-29.364,-0.839,525466067.000
-0.613,1.581,0.035,-28.433,-29.355,-0.858,525466166.000
-0.611,1.577,0.043,-28.442,-29.343,-0.829,525466267.000
-0.611,1.577,0.033,-28.442,-29.328,-0.857,525466366.000
-0.608,1.578,0.040,-28.407,-29.339,-0.838,525466466.000
-0.611,1.577,0.038,-28.428,-29.287,-0.801,525466566.000
-0.606,1.577,0.035,-28.455,-29.345,-0.829,525466666.000
-0.609,1.578,0.035,-28.379,-29.307,-0.838,525466767.000
-0.611,1.577,0.038,-28.373,-29.286,-0.828,525466866.000
-0.609,1.578,0.038,-28.379,-29.323,-0.810,525466966.000
-0.606,1.577,0.033,-28.386,-29.304,-0.828,525467066.000
-0.611,1.577,0.035,-28.386,-29.295,-0.829,525467166.000
-0.606,1.577,0.040,-28.358,-29.303,-0.800,525467266.000
-0.609,1.576,0.035,-28.380,-29.283,-0.846,525467366.000
-0.611,1.577,0.033,-28.359,-29.278,-0.828,525467466.000
-0.611,1.574,0.038,-28.333,-29.237,-0.837,525467566.000
-0.613,1.575,0.040,-28.381,-29.241,-0.847,525467666.000
-0.609,1.576,0.035,-28.352,-29.283,-0.819,525467766.000
-0.609,1.573,0.030,-28.368,-29.251,-0.855,525467866.000
-0.607,1.577,0.038,-28.345,-29.263,-0.827,525467966.000
-0.606,1.577,0.035,-28.304,-29.271,-0.855,525468066.000
-0.611,1.574,0.035,-28.346,-29.246,-0.809,525468166.000
-0.609,1.573,0.033,-28.326,-29.242,-0.827,525468266.000
-0.606,1.574,0.030,-28.305,-29.263,-0.864,525468366.000
-0.611,1.574,0.035,-28.305,-29.221,-0.809,525468466.000
-0.602,1.577,0.038,-28.289,-29.239,-0.826,525468566.000
-0.611,1.577,0.035,-28.276,-29.197,-0.827,525468667.000
-0.607,1.574,0.035,-28.318,-29.222,-0.808,525468767.000
-0.607,1.574,0.028,-28.276,-29.198,-0.835,525468866.000
-0.605,1.570,0.033,-28.285,-29.218,-0.835,525468966.000
-0.609,1.570,0.035,-28.286,-29.209,-0.836,525469066.000
-0.609,1.570,0.030,-28.327,-29.202,-0.836,525469166.000
-0.611,1.566,0.035,-28.295,-29.172,-0.835,525469266.000
-0.605,1.568,0.035,-28.301,-29.234,-0.844,525469366.000
-0.605,1.570,0.035,-28.272,-29.210,-0.835,525469466.000
-0.605,1.565,0.035,-28.330,-29.210,-0.826,525469566.000
-0.605,1.570,0.038,-28.258,-29.202,-0.835,525469666.000
-0.607,1.571,0.033,-28.237,-29.181,-0.844,525469766.000
-0.607,1.569,0.030,-28.252,-29.165,-0.825,525469866.000
-0.602,1.569,0.030,-28.237,-29.215,-0.825,525469966.000
-0.602,1.572,0.035,-28.250,-29.198,-0.816,525470066.000
-0.607,1.561,0.038,-28.270,-29.164,-0.825,525470166.000
-0.607,1.566,0.033,-28.267,-29.133,-0.834,525470266.000
-0.605,1.570,0.033,-28.203,-29.169,-0.834,525470366.000
-0.607,1.569,0.035,-28.252,-29.149,-0.825,525470466.000
-0.607,1.569,0.030,-28.210,-29.141,-0.825,525470566.000
-0.605,1.573,0.038,-28.160,-29.104,-0.824,525470666.000
-0.607,1.564,0.035,-28.227,-29.148,-0.815,525470766.000
-0.609,1.567,0.030,-28.205,-29.103,-0.843,525470866.000
-0.605,1.570,0.036,-28.148,-29.136,-0.833,525470966.000
-0.609,1.565,0.038,-28.220,-29.103,-0.825,525471066.000
-0.607,1.566,0.033,-28.198,-29.108,-0.834,525471166.000
-0.605,1.565,0.028,-28.205,-29.137,-0.852,525471266.000
-0.607,1.564,0.030,-28.199,-29.116,-0.815,525471366.000
-0.607,1.569,0.033,-28.155,-29.107,-0.824,525471466.000
-0.609,1.567,0.033,-28.177,-29.071,-0.843,525471566.000
-0.605,1.562,0.035,-28.166,-29.087,-0.833,525471666.000
-0.603,1.566,0.040,-28.143,-29.084,-0.805,525471766.000
-0.607,1.561,0.035,-28.201,-29.075,-0.824,525471865.000
-0.607,1.566,0.031,-28.156,-29.067,-0.833,525471966.000
-0.605,1.565,0.035,-28.136,-29.063,-0.823,525472067.000
-0.603,1.563,0.036,-28.130,-29.100,-0.841,525472167.000
-0.605,1.562,0.036,-28.152,-29.063,-0.832,525472267.000
-0.601,1.562,0.033,-28.123,-29.072,-0.804,525472365.000
-0.601,1.562,0.036,-28.137,-29.064,-0.832,525472466.000
-0.605,1.565,0.036,-28.109,-29.063,-0.823,525472565.000
-0.603,1.563,0.026,-28.115,-29.060,-0.813,525472666.000
-0.603,1.556,0.031,-28.175,-29.068,-0.841,525472765.000
-0.603,1.561,0.031,-28.103,-29.043,-0.822,525472867.000
-0.603,1.558,0.035,-28.132,-29.051,-0.804,525472966.000
-0.603,1.561,0.031,-28.103,-29.043,-0.822,525473066.000
-0.605,1.560,0.035,-28.125,-28.990,-0.813,525473166.000
-0.605,1.559,0.038,-28.070,-29.005,-0.813,525473266.000
-0.605,1.562,0.036,-28.097,-29.014,-0.831,525473366.000
-0.603,1.561,0.038,-28.076,-29.042,-0.822,525473466.000
-0.605,1.559,0.033,-28.056,-28.998,-0.812,525473566.000
-0.603,1.561,0.040,-28.035,-28.985,-0.793,525473666.000
-0.601,1.560,0.036,-28.097,-29.015,-0.812,525473767.000
-0.601,1.554,0.033,-28.086,-29.023,-0.830,525473866.000
-0.603,1.556,0.033,-28.106,-29.011,-0.812,525473967.000
-0.603,1.558,0.038,-28.050,-28.969,-0.830,525474067.000
-0.601,1.557,0.033,-28.057,-28.999,-0.821,525474166.000
-0.601,1.559,0.033,-28.028,-28.974,-0.839,525474266.000
-0.601,1.557,0.031,-28.057,-28.983,-0.821,525474367.000
-0.603,1.561,0.036,-28.007,-28.953,-0.821,525474467.000
-0.603,1.561,0.033,-28.021,-28.961,-0.821,525474566.000
-0.603,1.558,0.033,-28.022,-28.937,-0.830,525474666.000
-0.603,1.556,0.031,-28.023,-28.945,-0.811,525474767.000
-0.608,1.558,0.041,-28.009,-28.887,-0.802,525474866.000
-0.599,1.553,0.036,-28.024,-28.930,-0.819,525474966.000
-0.599,1.556,0.028,-27.995,-28.955,-0.810,525475067.000
-0.601,1.554,0.033,-28.031,-28.925,-0.829,525475166.000
-0.601,1.554,0.038,-28.017,-28.933,-0.829,525475266.000
-0.601,1.554,0.026,-28.002,-28.926,-0.801,525475366.000
-0.599,1.550,0.031,-28.025,-28.922,-0.801,525475466.000
-0.599,1.558,0.028,-27.966,-28.930,-0.829,525475566.000
-0.599,1.555,0.041,-27.996,-28.889,-0.810,525475667.000
-0.601,1.557,0.036,-27.988,-28.893,-0.819,525475766.000
-0.601,1.557,0.033,-27.947,-28.901,-0.819,525475867.000
-0.599,1.553,0.033,-27.969,-28.913,-0.819,525475967.000
-0.601,1.551,0.033,-27.963,-28.876,-0.837,525476066.000
-0.599,1.550,0.041,-27.971,-28.888,-0.800,525476166.000
-0.599,1.553,0.038,-27.928,-28.872,-0.791,525476267.000
-0.599,1.553,0.031,-27.941,-28.849,-0.818,525476366.000
-0.597,1.549,0.028,-28.004,-28.870,-0.791,525476466.000
-0.599,1.555,0.031,-27.912,-28.873,-0.809,525476567.000
-0.601,1.554,0.028,-27.920,-28.844,-0.828,525476666.000
-0.597,1.552,0.036,-27.935,-28.869,-0.809,525476767.000
-0.599,1.553,0.021,-27.899,-28.857,-0.818,525476867.000
-0.601,1.554,0.031,-27.879,-28.835,-0.827,525476966.000
-0.599,1.548,0.031,-27.916,-28.848,-0.808,525477067.000
-0.599,1.553,0.031,-27.886,-28.848,-0.790,525477166.000
-0.597,1.551,0.031,-27.893,-28.861,-0.808,525477267.000
-0.599,1.548,0.033,-27.916,-28.816,-0.808,525477366.000
-0.597,1.549,0.036,-27.867,-28.819,-0.817,525477467.000
-0.597,1.551,0.038,-27.894,-28.812,-0.808,525477567.000
-0.599,1.550,0.028,-27.887,-28.808,-0.827,525477666.000
-0.599,1.547,0.033,-27.889,-28.815,-0.836,525477767.000
-0.597,1.549,0.038,-27.895,-28.787,-0.817,525477866.000
-0.595,1.548,0.026,-27.901,-28.817,-0.808,525477966.000
-0.595,1.553,0.038,-27.831,-28.824,-0.816,525478067.000
-0.597,1.546,0.031,-27.868,-28.812,-0.798,525478166.000
-0.595,1.550,0.031,-27.832,-28.800,-0.825,525478267.000
-0.595,1.547,0.033,-27.833,-28.792,-0.807,525478367.000
-0.597,1.546,0.028,-27.841,-28.796,-0.826,525478466.000
-0.597,1.546,0.038,-27.841,-28.762,-0.798,525478566.000
-0.599,1.547,0.033,-27.820,-28.790,-0.807,525478666.000
-0.597,1.549,0.028,-27.797,-28.747,-0.788,525478766.000
-0.597,1.546,0.036,-27.855,-28.722,-0.797,525478867.000
-0.597,1.544,0.028,-27.842,-28.771,-0.807,525478966.000
-0.604,1.550,0.031,-27.777,-28.700,-0.798,525479066.000
-0.595,1.547,0.036,-27.806,-28.759,-0.806,525479166.000
-0.595,1.542,0.031,-27.808,-28.727,-0.824,525479266.000
-0.600,1.545,0.028,-27.807,-28.710,-0.816,525479366.000
-0.600,1.547,0.033,-27.778,-28.717,-0.806,525479467.000
-0.597,1.546,0.021,-27.771,-28.723,-0.824,525479566.000
-0.597,1.546,0.031,-27.786,-28.714,-0.824,525479666.000
-0.595,1.547,0.031,-27.750,-28.726,-0.806,525479766.000
-0.593,1.543,0.033,-27.786,-28.731,-0.805,525479867.000
-0.593,1.541,0.029,-27.788,-28.723,-0.814,525479967.000
-0.600,1.540,0.031,-27.810,-28.677,-0.806,525480066.000
-0.598,1.546,0.031,-27.744,-28.689,-0.824,525480166.000
-0.593,1.543,0.034,-27.759,-28.682,-0.805,525480266.000
-0.595,1.542,0.029,-27.752,-28.710,-0.796,525480367.000
-0.598,1.541,0.029,-27.774,-28.673,-0.814,525480466.000
-0.595,1.545,0.034,-27.738,-28.694,-0.814,525480566.000
-0.595,1.542,0.033,-27.725,-28.693,-0.796,525480666.000
-0.598,1.541,0.029,-27.747,-28.673,-0.814,525480766.000
-0.596,1.542,0.036,-27.684,-28.636,-0.795,525480867.000
-0.595,1.539,0.029,-27.754,-28.686,-0.832,525480966.000
-0.596,1.539,0.031,-27.740,-28.629,-0.804,525481066.000
-0.596,1.537,0.036,-27.756,-28.661,-0.814,525481166.000
-0.598,1.543,0.034,-27.718,-28.632,-0.805,525481266.000
-0.596,1.545,0.034,-27.682,-28.645,-0.786,525481366.000
-0.600,1.539,0.036,-27.727,-28.611,-0.805,525481466.000
-0.593,1.543,0.036,-27.676,-28.649,-0.804,525481566.000
-0.593,1.543,0.031,-27.662,-28.641,-0.831,525481666.000
-0.596,1.545,0.031,-27.641,-28.653,-0.785,525481766.000
-0.593,1.538,0.039,-27.693,-28.640,-0.794,525481866.000
-0.593,1.536,0.026,-27.693,-28.633,-0.803,525481966.000
-0.593,1.538,0.029,-27.692,-28.625,-0.794,525482066.000
-0.596,1.534,0.031,-27.729,-28.604,-0.794,525482166.000
-0.594,1.535,0.026,-27.666,-28.585,-0.830,525482266.000
-0.593,1.535,0.031,-27.680,-28.641,-0.831,525482366.000
-0.598,1.538,0.031,-27.679,-28.591,-0.794,525482467.000
-0.594,1.535,0.036,-27.695,-28.600,-0.831,525482566.000
-0.596,1.534,0.031,-27.673,-28.555,-0.766,525482666.000
-0.591,1.537,0.036,-27.645,-28.637,-0.812,525482766.000
-0.594,1.533,0.026,-27.667,-28.560,-0.812,525482866.000
-0.594,1.535,0.031,-27.666,-28.568,-0.803,525482966.000
-0.594,1.538,0.031,-27.582,-28.592,-0.793,525483066.000
-0.589,1.533,0.031,-27.667,-28.569,-0.783,525483166.000
-0.592,1.534,0.031,-27.659,-28.556,-0.793,525483267.000
-0.598,1.535,0.031,-27.612,-28.542,-0.803,525483367.000
-0.596,1.537,0.026,-27.631,-28.523,-0.812,525483466.000
-0.594,1.533,0.031,-27.612,-28.543,-0.811,525483566.000
-0.594,1.535,0.031,-27.611,-28.519,-0.802,525483667.000
-0.589,1.535,0.034,-27.624,-28.585,-0.802,525483766.000
-0.592,1.529,0.039,-27.636,-28.555,-0.811,525483866.000
-0.592,1.531,0.031,-27.606,-28.531,-0.801,525483966.000
-0.592,1.529,0.036,-27.621,-28.515,-0.810,525484066.000
-0.596,1.536,0.026,-27.548,-28.474,-0.811,525484166.000
-0.589,1.533,0.031,-27.598,-28.544,-0.810,525484266.000
-0.592,1.534,0.026,-27.563,-28.499,-0.792,525484366.000
-0.590,1.530,0.034,-27.599,-28.487,-0.791,525484467.000
-0.594,1.533,0.034,-27.599,-28.486,-0.810,525484566.000
-0.590,1.530,0.036,-27.572,-28.503,-0.763,525484667.000
-0.592,1.531,0.029,-27.592,-28.491,-0.801,525484766.000
-0.592,1.529,0.031,-27.580,-28.458,-0.810,525484866.000
-0.590,1.535,0.031,-27.528,-28.495,-0.800,525484967.000
-0.592,1.531,0.031,-27.550,-28.482,-0.773,525485066.000
-0.592,1.534,0.034,-27.536,-28.498,-0.791,525485166.000
-0.590,1.530,0.031,-27.516,-28.471,-0.790,525485266.000
-0.588,1.529,0.034,-27.538,-28.475,-0.781,525485366.000
-0.592,1.526,0.031,-27.567,-28.458,-0.791,525485466.000
-0.587,1.531,0.034,-27.509,-28.499,-0.800,525485566.000
-0.590,1.527,0.031,-27.532,-28.470,-0.800,525485666.000
-0.590,1.533,0.034,-27.501,-28.438,-0.781,525485767.000
-0.592,1.534,0.034,-27.480,-28.449,-0.791,525485866.000
-0.590,1.530,0.031,-27.516,-28.422,-0.790,525485966.000
-0.588,1.531,0.034,-27.481,-28.450,-0.799,525486067.000
-0.590,1.533,0.034,-27.474,-28.438,-0.808,525486166.000
-0.586,1.530,0.034,-27.475,-28.439,-0.789,525486267.000
-0.590,1.527,0.031,-27.518,-28.446,-0.799,525486366.000
-0.590,1.525,0.026,-27.478,-28.414,-0.808,525486467.000
-0.588,1.531,0.034,-27.440,-28.426,-0.798,525486567.000
-0.590,1.530,0.026,-27.475,-28.414,-0.790,525486666.000
-0.586,1.527,0.031,-27.462,-28.423,-0.770,525486766.000
-0.586,1.527,0.034,-27.449,-28.414,-0.798,525486866.000
-0.588,1.526,0.034,-27.442,-28.425,-0.789,525486966.000
-0.590,1.530,0.031,-27.434,-28.373,-0.789,525487066.000
-0.592,1.523,0.031,-27.471,-28.360,-0.771,525487166.000
-0.588,1.529,0.041,-27.442,-28.401,-0.807,525487266.000
-0.590,1.525,0.031,-27.437,-28.372,-0.807,525487367.000
-0.588,1.529,0.024,-27.399,-28.410,-0.807,525487466.000
-0.588,1.529,0.031,-27.413,-28.385,-0.779,525487566.000
-0.586,1.527,0.034,-27.421,-28.414,-0.798,525487666.000
-0.586,1.522,0.027,-27.410,-28.390,-0.816,525487766.000
