0.053,-0.100,-0.130,2.629,1.887,0.492,524281744.000
0.057,-0.100,-0.122,2.629,1.863,0.492,524281844.000
0.050,-0.099,-0.130,2.609,1.900,0.482,524281945.000
0.055,-0.099,-0.129,2.637,1.875,0.483,524282044.000
0.050,-0.099,-0.134,2.609,1.883,0.482,524282144.000
0.050,-0.099,-0.130,2.637,1.852,0.482,524282245.000
0.053,-0.102,-0.122,2.573,1.863,0.510,524282344.000
0.053,-0.100,-0.130,2.588,1.863,0.491,524282445.000
0.053,-0.100,-0.132,2.602,1.855,0.491,524282545.000
0.053,-0.097,-0.125,2.603,1.879,0.473,524282644.000
0.053,-0.100,-0.130,2.616,1.863,0.491,524282744.000
0.052,-0.100,-0.125,2.615,1.880,0.491,524282845.000
0.053,-0.100,-0.130,2.616,1.863,0.491,524282944.000
0.050,-0.098,-0.135,2.637,1.883,0.510,524283045.000
0.053,-0.102,-0.127,2.586,1.871,0.482,524283144.000
0.050,-0.099,-0.132,2.637,1.868,0.482,524283245.000
0.059,-0.098,-0.124,2.623,1.842,0.483,524283345.000
0.050,-0.099,-0.134,2.609,1.883,0.482,524283445.000
0.055,-0.099,-0.134,2.638,1.858,0.482,524283545.000
0.050,-0.099,-0.130,2.623,1.876,0.482,524283644.000
0.055,-0.099,-0.127,2.637,1.859,0.455,524283745.000
0.057,-0.100,-0.132,2.630,1.829,0.492,524283844.000
0.050,-0.096,-0.130,2.652,1.900,0.491,524283945.000
0.055,-0.101,-0.132,2.581,1.866,0.473,524284046.000
0.050,-0.101,-0.127,2.621,1.884,0.500,524284146.000
0.050,-0.096,-0.134,2.638,1.859,0.491,524284245.000
0.050,-0.099,-0.127,2.636,1.884,0.482,524284346.000
0.053,-0.100,-0.130,2.616,1.863,0.491,524284446.000
0.050,-0.096,-0.135,2.625,1.883,0.491,524284546.000
0.053,-0.097,-0.130,2.603,1.863,0.500,524284646.000
0.048,-0.097,-0.135,2.645,1.896,0.500,524284745.000
0.048,-0.100,-0.129,2.615,1.889,0.463,524284845.000
0.055,-0.101,-0.132,2.636,1.866,0.501,524284945.000
0.048,-0.102,-0.130,2.600,1.889,0.482,524285045.000
0.055,-0.099,-0.132,2.624,1.866,0.482,524285145.000
0.053,-0.100,-0.134,2.630,1.871,0.491,524285245.000
0.050,-0.099,-0.137,2.637,1.899,0.482,524285345.000
0.050,-0.104,-0.135,2.593,1.859,0.491,524285445.000
0.050,-0.096,-0.134,2.652,1.884,0.491,524285545.000
0.050,-0.099,-0.130,2.623,1.876,0.482,524285646.000
0.053,-0.100,-0.125,2.588,1.879,0.491,524285746.000
0.057,-0.100,-0.132,2.630,1.829,0.492,524285845.000
0.050,-0.096,-0.132,2.624,1.867,0.463,524285946.000
0.050,-0.101,-0.127,2.594,1.884,0.500,524286045.000
0.050,-0.104,-0.132,2.607,1.868,0.491,524286146.000
0.053,-0.097,-0.130,2.617,1.887,0.501,524286245.000
0.044,-0.100,-0.132,2.614,1.881,0.462,524286345.000
0.053,-0.102,-0.132,2.573,1.879,0.482,524286445.000
0.053,-0.102,-0.134,2.587,1.871,0.482,524286546.000
0.053,-0.100,-0.127,2.629,1.871,0.491,524286645.000
0.050,-0.096,-0.127,2.665,1.860,0.463,524286745.000
0.055,-0.101,-0.127,2.608,1.834,0.473,524286846.000
0.053,-0.100,-0.125,2.629,1.856,0.491,524286946.000
0.053,-0.095,-0.130,2.632,1.839,0.509,524287046.000
0.055,-0.098,-0.130,2.624,1.850,0.510,524287146.000
0.053,-0.097,-0.124,2.644,1.856,0.473,524287245.000
0.051,-0.099,-0.130,2.623,1.827,0.481,524287345.000
0.048,-0.097,-0.132,2.603,1.856,0.472,524287446.000
0.051,-0.099,-0.137,2.582,1.850,0.481,524287546.000
0.050,-0.101,-0.132,2.594,1.867,0.472,524287645.000
0.053,-0.097,-0.127,2.617,1.823,0.500,524287746.000
0.051,-0.098,-0.130,2.596,1.827,0.509,524287845.000
0.050,-0.101,-0.134,2.580,1.859,0.472,524287946.000
0.053,-0.100,-0.132,2.588,1.830,0.491,524288045.000
0.050,-0.098,-0.135,2.624,1.859,0.509,524288146.000
0.053,-0.097,-0.127,2.617,1.823,0.500,524288246.000
0.053,-0.095,-0.127,2.632,1.823,0.482,524288346.000
0.053,-0.097,-0.127,2.603,1.798,0.472,524288445.000
0.051,-0.096,-0.132,2.638,1.795,0.490,524288546.000
0.051,-0.096,-0.127,2.624,1.787,0.490,524288645.000
0.051,-0.096,-0.135,2.625,1.786,0.490,524288746.000
0.051,-0.101,-0.132,2.594,1.770,0.472,524288845.000
0.051,-0.098,-0.132,2.609,1.770,0.481,524288945.000
0.051,-0.098,-0.130,2.609,1.754,0.508,524289045.000
0.051,-0.096,-0.130,2.624,1.754,0.490,524289145.000
0.049,-0.100,-0.135,2.629,1.751,0.490,524289246.000
0.049,-0.100,-0.130,2.601,1.719,0.489,524289346.000
0.047,-0.098,-0.132,2.595,1.723,0.507,524289446.000
0.042,-0.098,-0.125,2.594,1.749,0.507,524289545.000
0.047,-0.096,-0.135,2.624,1.715,0.489,524289646.000
0.047,-0.096,-0.135,2.624,1.715,0.489,524289746.000
0.047,-0.098,-0.135,2.609,1.715,0.507,524289846.000
0.047,-0.101,-0.130,2.579,1.707,0.470,524289946.000
0.049,-0.100,-0.130,2.615,1.695,0.489,524290046.000
0.049,-0.097,-0.127,2.630,1.679,0.498,524290146.000
0.047,-0.093,-0.135,2.625,1.690,0.498,524290246.000
0.047,-0.093,-0.125,2.638,1.699,0.498,524290346.000
0.047,-0.098,-0.127,2.622,1.691,0.507,524290445.000
0.049,-0.094,-0.134,2.645,1.629,0.479,524290545.000
0.047,-0.096,-0.130,2.651,1.683,0.517,524290646.000
0.047,-0.101,-0.132,2.593,1.650,0.498,524290746.000
0.047,-0.096,-0.130,2.623,1.634,0.488,524290846.000
0.047,-0.096,-0.127,2.610,1.642,0.516,524290945.000
0.049,-0.097,-0.127,2.602,1.630,0.498,524291046.000
0.045,-0.094,-0.132,2.631,1.663,0.507,524291146.000
0.053,-0.097,-0.125,2.616,1.613,0.498,524291246.000
0.042,-0.098,-0.132,2.581,1.675,0.506,524291346.000
0.045,-0.097,-0.130,2.630,1.671,0.498,524291445.000
0.049,-0.097,-0.135,2.617,1.605,0.498,524291545.000
0.047,-0.093,-0.127,2.666,1.619,0.498,524291645.000
0.042,-0.098,-0.130,2.636,1.660,0.507,524291745.000
0.047,-0.098,-0.132,2.595,1.626,0.479,524291846.000
0.045,-0.094,-0.125,2.658,1.664,0.507,524291945.000
0.047,-0.093,-0.135,2.612,1.617,0.497,524292046.000
0.045,-0.097,-0.122,2.629,1.624,0.525,524292146.000
0.049,-0.094,-0.135,2.632,1.605,0.507,524292246.000
0.047,-0.096,-0.135,2.638,1.594,0.488,524292346.000
0.040,-0.097,-0.132,2.615,1.640,0.497,524292445.000
0.045,-0.097,-0.135,2.602,1.606,0.497,524292545.000
0.045,-0.097,-0.125,2.602,1.639,0.497,524292646.000
0.047,-0.093,-0.127,2.625,1.594,0.497,524292746.000
0.047,-0.093,-0.132,2.653,1.578,0.497,524292846.000
0.043,-0.096,-0.132,2.637,1.603,0.515,524292945.000
0.043,-0.093,-0.127,2.624,1.619,0.497,524293045.000
0.047,-0.093,-0.132,2.666,1.602,0.498,524293145.000
0.045,-0.097,-0.132,2.616,1.614,0.497,524293246.000
0.043,-0.096,-0.137,2.623,1.611,0.488,524293346.000
0.042,-0.098,-0.132,2.636,1.627,0.506,524293445.000
0.047,-0.098,-0.127,2.608,1.618,0.507,524293545.000
0.043,-0.096,-0.127,2.650,1.596,0.488,524293645.000
0.040,-0.097,-0.127,2.615,1.608,0.496,524293745.000
0.040,-0.097,-0.122,2.629,1.649,0.525,524293845.000
0.040,-0.097,-0.127,2.615,1.657,0.497,524293945.000
0.040,-0.094,-0.130,2.630,1.624,0.506,524294046.000
0.045,-0.094,-0.120,2.644,1.608,0.506,524294145.000
0.045,-0.100,-0.132,2.587,1.590,0.488,524294245.000
0.045,-0.097,-0.132,2.602,1.590,0.469,524294346.000
0.040,-0.094,-0.135,2.631,1.607,0.506,524294445.000
0.047,-0.098,-0.137,2.595,1.561,0.478,524294546.000
0.043,-0.096,-0.132,2.623,1.579,0.487,524294645.000
0.045,-0.100,-0.132,2.614,1.590,0.488,524294745.000
0.045,-0.097,-0.135,2.616,1.582,0.497,524294845.000
0.043,-0.096,-0.127,2.623,1.595,0.515,524294945.000
0.047,-0.096,-0.122,2.637,1.611,0.488,524295045.000
0.043,-0.093,-0.135,2.638,1.595,0.497,524295145.000
0.045,-0.094,-0.127,2.631,1.583,0.506,524295245.000
0.047,-0.096,-0.127,2.637,1.594,0.488,524295345.000
0.045,-0.099,-0.122,2.586,1.575,0.515,524295445.000
0.043,-0.096,-0.132,2.651,1.579,0.488,524295545.000
0.045,-0.094,-0.135,2.631,1.582,0.506,524295645.000
0.047,-0.093,-0.125,2.638,1.554,0.497,524295746.000
0.045,-0.094,-0.130,2.645,1.574,0.506,524295845.000
0.043,-0.096,-0.130,2.623,1.611,0.515,524295945.000
0.047,-0.098,-0.132,2.595,1.577,0.506,524296046.000
0.045,-0.094,-0.130,2.645,1.574,0.534,524296145.000
0.045,-0.097,-0.132,2.630,1.542,0.497,524296246.000
0.045,-0.094,-0.122,2.645,1.575,0.534,524296345.000
0.043,-0.098,-0.122,2.621,1.588,0.506,524296444.000
0.040,-0.094,-0.130,2.630,1.575,0.505,524296546.000
0.043,-0.093,-0.125,2.624,1.555,0.496,524296645.000
0.043,-0.098,-0.130,2.622,1.587,0.506,524296744.000
0.045,-0.097,-0.130,2.629,1.574,0.497,524296845.000
0.043,-0.093,-0.132,2.638,1.579,0.496,524296944.000
0.043,-0.096,-0.127,2.623,1.595,0.515,524297044.000
0.047,-0.096,-0.127,2.609,1.546,0.488,524297144.000
0.043,-0.098,-0.135,2.608,1.595,0.478,524297244.000
0.045,-0.097,-0.130,2.629,1.574,0.497,524297344.000
0.043,-0.096,-0.132,2.651,1.579,0.488,524297444.000
0.043,-0.098,-0.125,2.607,1.579,0.506,524297544.000
0.040,-0.100,-0.130,2.600,1.575,0.515,524297644.000
0.043,-0.096,-0.130,2.637,1.587,0.487,524297745.000
0.045,-0.100,-0.130,2.628,1.550,0.488,524297845.000
0.040,-0.097,-0.130,2.615,1.576,0.496,524297945.000
0.045,-0.097,-0.132,2.616,1.566,0.524,524298044.000
0.045,-0.094,-0.125,2.603,1.566,0.533,524298144.000
0.043,-0.096,-0.135,2.609,1.570,0.487,524298244.000
0.043,-0.096,-0.132,2.609,1.554,0.487,524298344.000
0.043,-0.093,-0.127,2.652,1.571,0.497,524298444.000
0.045,-0.099,-0.135,2.615,1.558,0.515,524298545.000
0.047,-0.096,-0.135,2.624,1.521,0.487,524298645.000
0.045,-0.092,-0.132,2.660,1.542,0.487,524298744.000
0.043,-0.096,-0.130,2.637,1.539,0.515,524298845.000
0.041,-0.097,-0.130,2.601,1.551,0.496,524298944.000
0.043,-0.096,-0.125,2.637,1.555,0.515,524299045.000
0.045,-0.097,-0.127,2.630,1.558,0.524,524299145.000
0.038,-0.093,-0.132,2.651,1.580,0.496,524299244.000
0.045,-0.097,-0.130,2.602,1.574,0.524,524299344.000
0.049,-0.097,-0.132,2.644,1.541,0.525,524299444.000
0.045,-0.092,-0.130,2.673,1.550,0.488,524299545.000
0.041,-0.094,-0.132,2.644,1.567,0.505,524299645.000
0.040,-0.097,-0.132,2.615,1.591,0.496,524299745.000
0.040,-0.092,-0.132,2.645,1.591,0.487,524299845.000
0.040,-0.097,-0.127,2.629,1.584,0.496,524299944.000
0.047,-0.096,-0.135,2.679,1.570,0.488,524300045.000
0.045,-0.092,-0.130,2.646,1.550,0.487,524300145.000
0.043,-0.096,-0.130,2.623,1.563,0.515,524300245.000
0.043,-0.098,-0.130,2.622,1.587,0.506,524300345.000
0.043,-0.098,-0.132,2.608,1.579,0.506,524300444.000
0.040,-0.094,-0.130,2.617,1.600,0.505,524300544.000
0.045,-0.094,-0.125,2.617,1.591,0.506,524300644.000
0.047,-0.096,-0.135,2.597,1.569,0.515,524300745.000
0.043,-0.093,-0.127,2.638,1.595,0.497,524300844.000
0.045,-0.097,-0.135,2.602,1.606,0.497,524300944.000
0.043,-0.096,-0.135,2.610,1.619,0.515,524301044.000
0.047,-0.098,-0.132,2.609,1.602,0.534,524301144.000
0.042,-0.101,-0.130,2.606,1.636,0.497,524301245.000
0.042,-0.098,-0.127,2.608,1.644,0.506,524301344.000
0.045,-0.097,-0.130,2.616,1.599,0.497,524301445.000
0.045,-0.094,-0.125,2.631,1.615,0.506,524301546.000
0.040,-0.092,-0.135,2.618,1.656,0.487,524301645.000
0.047,-0.096,-0.127,2.610,1.594,0.516,524301745.000
0.053,-0.097,-0.144,2.589,1.595,0.415,524301846.000
0.041,-0.097,-0.132,2.685,1.519,0.524,524301946.000
0.041,-0.097,-0.137,2.671,1.430,0.523,524302045.000
0.037,-0.092,-0.125,2.672,1.230,0.512,524302146.000
0.023,-0.087,-0.115,2.705,0.940,0.507,524302246.000
0.020,-0.084,-0.125,2.762,0.472,0.540,524302346.000
0.004,-0.079,-0.128,2.844,-0.186,0.524,524302445.000
-0.017,-0.072,-0.123,2.948,-0.829,0.553,524302545.000
-0.035,-0.070,-0.123,2.980,-1.538,0.590,524302645.000
-0.057,-0.058,-0.121,3.072,-2.239,0.582,524302745.000
-0.067,-0.052,-0.121,3.113,-3.011,0.592,524302845.000
-0.085,-0.040,-0.121,3.110,-3.503,0.613,524302946.000
-0.097,-0.032,-0.119,3.126,-4.074,0.634,524303046.000
-0.112,-0.029,-0.114,3.096,-4.659,0.635,524303145.000
-0.128,-0.018,-0.120,3.058,-5.181,0.637,524303246.000
-0.141,-0.005,-0.112,3.040,-6.013,0.628,524303345.000
-0.162,0.010,-0.113,2.913,-6.724,0.654,524303446.000
-0.173,0.023,-0.106,2.848,-7.521,0.690,524303546.000
-0.201,0.034,-0.111,2.642,-8.308,0.659,524303646.000
-0.220,0.059,-0.109,2.541,-9.096,0.675,524303745.000
-0.237,0.071,-0.100,2.288,-9.897,0.664,524303845.000
-0.255,0.094,-0.100,2.000,-10.611,0.689,524303945.000
-0.270,0.111,-0.094,1.742,-11.409,0.677,524304045.000
-0.287,0.136,-0.097,1.456,-12.180,0.683,524304146.000
-0.308,0.156,-0.090,1.179,-12.964,0.670,524304246.000
-0.319,0.178,-0.093,0.802,-13.749,0.676,524304346.000
-0.342,0.203,-0.091,0.507,-14.514,0.690,524304445.000
-0.359,0.223,-0.092,0.134,-15.253,0.677,524304546.000
-0.374,0.245,-0.077,-0.273,-16.173,0.682,524304645.000
-0.391,0.265,-0.080,-0.631,-16.920,0.669,524304746.000
-0.408,0.296,-0.081,-1.053,-17.757,0.691,524304846.000
-0.425,0.317,-0.082,-1.425,-18.593,0.705,524304945.000
-0.446,0.345,-0.078,-1.863,-19.436,0.662,524305045.000
-0.465,0.372,-0.073,-2.294,-20.268,0.685,524305146.000
-0.484,0.394,-0.064,-2.660,-21.154,0.689,524305245.000
-0.503,0.421,-0.075,-3.131,-21.915,0.711,524305345.000
-0.518,0.448,-0.068,-3.535,-22.739,0.707,524305446.000
-0.539,0.477,-0.057,-3.973,-23.631,0.719,524305546.000
-0.554,0.501,-0.060,-4.433,-24.367,0.705,524305645.000
-0.573,0.531,-0.056,-5.001,-25.225,0.708,524305745.000
-0.594,0.556,-0.054,-5.468,-26.028,0.711,524305846.000
-0.611,0.585,-0.047,-5.920,-26.888,0.669,524305945.000
-0.630,0.620,-0.058,-6.470,-27.868,0.688,524306045.000
-0.649,0.644,-0.044,-7.000,-28.716,0.673,524306146.000
-0.664,0.674,-0.040,-7.609,-29.575,0.703,524306246.000
-0.689,0.713,-0.031,-8.125,-30.426,0.695,524306345.000
-0.701,0.739,-0.032,-8.674,-31.313,0.643,524306446.000
-0.729,0.777,-0.030,-9.252,-32.202,0.699,524306545.000
-0.741,0.805,-0.021,-9.814,-33.104,0.656,524306646.000
-0.758,0.836,-0.027,-10.414,-33.935,0.649,524306746.000
-0.783,0.865,-0.020,-10.978,-34.843,0.632,524306846.000
-0.800,0.898,-0.019,-11.578,-35.698,0.606,524306946.000
-0.817,0.937,-0.017,-12.161,-36.625,0.626,524307046.000
-0.840,0.962,-0.010,-12.733,-37.473,0.582,524307146.000
-0.861,0.998,-0.016,-13.332,-38.375,0.592,524307245.000
-0.871,1.028,-0.002,-13.845,-39.250,0.541,524307345.000
-0.894,1.063,-0.013,-14.492,-40.133,0.560,524307445.000
-0.911,1.092,0.003,-15.069,-41.034,0.544,524307545.000
-0.934,1.126,0.010,-15.635,-41.833,0.509,524307645.000
-0.953,1.157,-0.008,-16.131,-42.717,0.650,524307746.000
-0.966,1.187,0.013,-16.707,-43.505,0.506,524307845.000
-0.985,1.222,0.010,-17.369,-44.389,0.498,524307946.000
-1.001,1.251,0.017,-17.959,-45.347,0.453,524308046.000
-1.027,1.285,0.023,-18.587,-46.183,0.482,524308145.000
-1.044,1.321,0.025,-19.200,-47.038,0.465,524308245.000
-1.063,1.356,0.029,-19.710,-47.847,0.459,524308346.000
-1.070,1.372,0.023,-20.117,-48.302,0.422,524308445.000
-1.073,1.404,0.023,-20.833,-48.600,0.356,524308546.000
-1.070,1.429,0.037,-21.518,-48.717,0.312,524308645.000
-1.070,1.453,0.032,-22.375,-48.645,0.221,524308745.000
-1.053,1.479,0.026,-23.284,-48.458,0.087,524308846.000
-1.040,1.508,0.036,-24.027,-48.316,-0.010,524308945.000
-1.032,1.537,0.040,-24.840,-48.141,-0.108,524309046.000
-1.026,1.560,0.037,-25.718,-48.052,-0.216,524309146.000
-1.015,1.588,0.042,-26.552,-47.962,-0.333,524309245.000
-1.010,1.619,0.039,-27.363,-47.836,-0.395,524309346.000
-0.995,1.645,0.041,-28.225,-47.829,-0.494,524309446.000
-0.991,1.671,0.050,-29.067,-47.733,-0.602,524309546.000
-0.986,1.702,0.047,-29.893,-47.679,-0.721,524309645.000
-0.980,1.736,0.057,-30.724,-47.645,-0.793,524309746.000
-0.971,1.762,0.059,-31.566,-47.625,-0.873,524309846.000
-0.966,1.791,0.048,-32.364,-47.595,-0.973,524309945.000
-0.958,1.818,0.055,-33.247,-47.582,-1.082,524310046.000
-0.957,1.847,0.062,-34.034,-47.518,-1.182,524310146.000
-0.944,1.876,0.059,-34.804,-47.587,-1.253,524310245.000
-0.940,1.905,0.071,-35.714,-47.605,-1.354,524310345.000
-0.931,1.937,0.065,-36.525,-47.585,-1.471,524310445.000
-0.926,1.966,0.070,-37.449,-47.628,-1.572,524310546.000
-0.924,1.996,0.077,-38.214,-47.600,-1.681,524310646.000
-0.917,2.024,0.079,-39.131,-47.664,-1.801,524310745.000
-0.908,2.053,0.081,-39.984,-47.692,-1.873,524310846.000
-0.907,2.090,0.070,-40.725,-47.662,-2.001,524310945.000
-0.896,2.118,0.075,-41.558,-47.718,-2.091,524311046.000
-0.892,2.147,0.089,-42.428,-47.727,-2.191,524311146.000
-0.891,2.174,0.083,-43.256,-47.729,-2.273,524311245.000
-0.882,2.208,0.091,-44.052,-47.788,-2.383,524311346.000
-0.882,2.234,0.090,-44.909,-47.773,-2.520,524311445.000
-0.871,2.262,0.097,-45.784,-47.822,-2.611,524311546.000
-0.873,2.295,0.094,-46.645,-47.851,-2.740,524311646.000
-0.866,2.323,0.106,-47.452,-47.881,-2.830,524311746.000
-0.857,2.357,0.105,-48.275,-47.941,-2.940,524311845.000
-0.856,2.389,0.102,-49.129,-47.911,-3.031,524311945.000
-0.849,2.424,0.109,-49.974,-48.006,-3.178,524312046.000
-0.838,2.452,0.111,-50.739,-48.070,-3.296,524312146.000
-0.836,2.480,0.113,-51.615,-48.036,-3.387,524312245.000
-0.831,2.509,0.115,-52.483,-48.063,-3.488,524312345.000
-0.831,2.549,0.122,-53.306,-48.120,-3.635,524312445.000
-0.826,2.572,0.119,-54.163,-48.139,-3.726,524312546.000
-0.819,2.611,0.124,-55.020,-48.219,-3.864,524312645.000
-0.814,2.640,0.131,-55.848,-48.253,-3.992,524312746.000
-0.812,2.668,0.133,-56.752,-48.315,-4.112,524312845.000
-0.805,2.708,0.135,-57.552,-48.355,-4.240,524312946.000
-0.798,2.731,0.139,-58.431,-48.459,-4.350,524313045.000
-0.800,2.761,0.134,-59.016,-48.445,-4.430,524313146.000
-0.793,2.776,0.141,-59.443,-48.415,-4.479,524313245.000
-0.789,2.783,0.146,-59.563,-48.328,-4.535,524313346.000
-0.789,2.776,0.146,-59.526,-48.230,-4.506,524313446.000
-0.792,2.763,0.134,-59.262,-47.989,-4.501,524313546.000
-0.780,2.748,0.137,-58.937,-47.884,-4.440,524313646.000
-0.783,2.741,0.134,-58.685,-47.731,-4.418,524313745.000
-0.781,2.734,0.137,-58.377,-47.587,-4.395,524313846.000
-0.777,2.716,0.132,-58.206,-47.481,-4.373,524313945.000
-0.777,2.710,0.138,-57.961,-47.316,-4.360,524314045.000
-0.776,2.701,0.133,-57.751,-47.173,-4.319,524314146.000
-0.772,2.688,0.128,-57.632,-47.068,-4.307,524314246.000
-0.772,2.685,0.133,-57.413,-46.976,-4.286,524314346.000
-0.768,2.674,0.133,-57.211,-46.878,-4.264,524314446.000
-0.771,2.670,0.131,-57.041,-46.751,-4.262,524314546.000
-0.765,2.661,0.124,-56.926,-46.691,-4.222,524314646.000
-0.769,2.658,0.136,-56.736,-46.525,-4.201,524314745.000
-0.767,2.651,0.129,-56.593,-46.464,-4.208,524314846.000
-0.761,2.640,0.122,-56.495,-46.404,-4.205,524314946.000
-0.764,2.635,0.132,-56.325,-46.260,-4.203,524315046.000
-0.764,2.630,0.129,-56.175,-46.169,-4.163,524315146.000
-0.760,2.627,0.122,-56.024,-46.097,-4.198,524315245.000
-0.758,2.621,0.127,-55.882,-46.019,-4.149,524315345.000
-0.754,2.610,0.130,-55.832,-45.962,-4.129,524315446.000
-0.759,2.605,0.122,-55.697,-45.839,-4.118,524315546.000
-0.755,2.605,0.127,-55.545,-45.725,-4.115,524315646.000
-0.753,2.603,0.120,-55.441,-45.689,-4.104,524315745.000
-0.753,2.595,0.123,-55.321,-45.606,-4.102,524315845.000
-0.755,2.586,0.125,-55.236,-45.511,-4.091,524315945.000
-0.751,2.581,0.123,-55.156,-45.471,-4.080,524316045.000
-0.749,2.582,0.121,-54.982,-45.369,-4.087,524316145.000
-0.745,2.571,0.116,-54.959,-45.362,-4.067,524316245.000
-0.748,2.572,0.123,-54.828,-45.226,-4.074,524316345.000
-0.741,2.563,0.121,-54.742,-45.199,-4.063,524316445.000
-0.744,2.564,0.113,-54.596,-45.137,-4.043,524316545.000
-0.742,2.558,0.118,-54.523,-45.035,-4.023,524316645.000
-0.740,2.554,0.116,-54.421,-44.958,-4.021,524316746.000
-0.742,2.550,0.116,-54.348,-44.920,-4.020,524316846.000
-0.740,2.546,0.119,-54.232,-44.850,-4.018,524316945.000
-0.739,2.539,0.121,-54.159,-44.781,-3.998,524317045.000
-0.739,2.539,0.114,-54.104,-44.732,-3.997,524317145.000
-0.739,2.536,0.119,-54.009,-44.666,-4.004,524317245.000
-0.737,2.530,0.112,-53.922,-44.606,-3.984,524317346.000
-0.737,2.530,0.117,-53.825,-44.564,-3.983,524317445.000
-0.735,2.523,0.114,-53.766,-44.487,-3.990,524317545.000
-0.735,2.520,0.122,-53.685,-44.413,-3.971,524317646.000
-0.731,2.515,0.117,-53.604,-44.405,-3.960,524317746.000
-0.731,2.518,0.114,-53.506,-44.340,-3.949,524317845.000
-0.734,2.516,0.110,-53.472,-44.271,-3.967,524317945.000
-0.725,2.506,0.112,-53.380,-44.263,-3.974,524318045.000
-0.728,2.504,0.117,-53.347,-44.161,-3.936,524318145.000
-0.728,2.499,0.110,-53.280,-44.137,-3.926,524318245.000
-0.726,2.498,0.110,-53.204,-44.100,-3.915,524318346.000
-0.728,2.494,0.115,-53.117,-44.021,-3.914,524318445.000
-0.728,2.493,0.120,-53.048,-43.931,-3.913,524318546.000
-0.724,2.486,0.113,-53.010,-43.957,-3.912,524318645.000
-0.722,2.487,0.110,-52.919,-43.855,-3.919,524318746.000
-0.722,2.482,0.110,-52.908,-43.831,-3.909,524318845.000
-0.720,2.480,0.115,-52.791,-43.802,-3.898,524318946.000
-0.720,2.477,0.113,-52.724,-43.736,-3.906,524319046.000
-0.718,2.471,0.115,-52.665,-43.691,-3.886,524319146.000
-0.718,2.471,0.115,-52.623,-43.667,-3.886,524319246.000
-0.719,2.468,0.113,-52.556,-43.601,-3.894,524319346.000
-0.717,2.467,0.108,-52.507,-43.582,-3.884,524319446.000
-0.717,2.462,0.108,-52.427,-43.532,-3.873,524319546.000
-0.715,2.460,0.121,-52.352,-43.478,-3.863,524319646.000
-0.713,2.459,0.108,-52.304,-43.459,-3.880,524319746.000
-0.717,2.459,0.103,-52.234,-43.377,-3.852,524319846.000
-0.720,2.455,0.108,-52.203,-43.299,-3.879,524319946.000
-0.713,2.453,0.106,-52.126,-43.320,-3.840,524320046.000
-0.715,2.447,0.104,-52.095,-43.267,-3.849,524320147.000
-0.711,2.442,0.113,-52.084,-43.234,-3.838,524320246.000
-0.718,2.440,0.099,-52.009,-43.148,-3.856,524320347.000
-0.712,2.444,0.116,-51.890,-43.127,-3.827,524320446.000
-0.712,2.439,0.106,-51.864,-43.112,-3.817,524320546.000
-0.707,2.434,0.104,-51.852,-43.097,-3.807,524320646.000
-0.712,2.433,0.106,-51.784,-43.014,-3.806,524320746.000
-0.708,2.436,0.104,-51.685,-43.022,-3.796,524320847.000
-0.708,2.431,0.104,-51.674,-42.949,-3.813,524320946.000
-0.708,2.423,0.104,-51.623,-42.924,-3.812,524321046.000
-0.708,2.425,0.099,-51.566,-42.867,-3.802,524321146.000
-0.706,2.421,0.102,-51.534,-42.847,-3.801,524321247.000
-0.706,2.424,0.107,-51.450,-42.805,-3.819,524321346.000
-0.704,2.417,0.109,-51.432,-42.785,-3.772,524321447.000
-0.704,2.415,0.107,-51.364,-42.720,-3.780,524321546.000
-0.706,2.413,0.102,-51.331,-42.699,-3.798,524321646.000
-0.704,2.412,0.102,-51.283,-42.663,-3.788,524321745.000
-0.705,2.412,0.112,-51.228,-42.629,-3.759,524321846.000
-0.705,2.407,0.107,-51.175,-42.597,-3.777,524321946.000
-0.709,2.409,0.100,-51.132,-42.523,-3.767,524322047.000
-0.703,2.403,0.102,-51.087,-42.528,-3.775,524322146.000
-0.703,2.400,0.114,-51.089,-42.486,-3.756,524322247.000
-0.696,2.399,0.100,-51.026,-42.501,-3.773,524322346.000
-0.703,2.397,0.105,-50.979,-42.397,-3.763,524322445.000
-0.699,2.395,0.102,-50.952,-42.430,-3.744,524322546.000
-0.701,2.398,0.105,-50.848,-42.384,-3.771,524322646.000
-0.697,2.396,0.102,-50.779,-42.345,-3.724,524322746.000
-0.701,2.388,0.100,-50.825,-42.303,-3.751,524322846.000
-0.697,2.385,0.105,-50.771,-42.287,-3.759,524322946.000
-0.697,2.385,0.103,-50.702,-42.246,-3.758,524323045.000
-0.695,2.384,0.110,-50.668,-42.234,-3.721,524323145.000
-0.697,2.380,0.110,-50.649,-42.196,-3.720,524323245.000
-0.698,2.382,0.103,-50.579,-42.148,-3.738,524323346.000
-0.695,2.381,0.100,-50.517,-42.120,-3.728,524323447.000
-0.696,2.373,0.103,-50.535,-42.087,-3.727,524323545.000
-0.696,2.378,0.105,-50.463,-42.078,-3.708,524323645.000
-0.692,2.371,0.105,-50.466,-42.031,-3.707,524323746.000
-0.696,2.371,0.103,-50.425,-42.013,-3.707,524323845.000
-0.694,2.374,0.100,-50.361,-41.985,-3.706,524323946.000
-0.696,2.370,0.100,-50.301,-41.923,-3.705,524324046.000
-0.696,2.365,0.105,-50.263,-41.930,-3.696,524324145.000
-0.692,2.362,0.096,-50.236,-41.916,-3.731,524324246.000
-0.692,2.360,0.096,-50.195,-41.867,-3.712,524324345.000
-0.696,2.362,0.103,-50.167,-41.816,-3.675,524324446.000
-0.692,2.362,0.103,-50.097,-41.817,-3.674,524324546.000
-0.688,2.362,0.103,-50.056,-41.818,-3.701,524324646.000
-0.690,2.358,0.103,-50.051,-41.756,-3.673,524324746.000
-0.692,2.357,0.101,-50.003,-41.727,-3.663,524324845.000
-0.690,2.356,0.101,-49.969,-41.715,-3.653,524324945.000
-0.688,2.354,0.106,-49.935,-41.687,-3.643,524325046.000
-0.691,2.353,0.103,-49.888,-41.657,-3.689,524325146.000
-0.686,2.353,0.103,-49.860,-41.634,-3.660,524325246.000
-0.693,2.349,0.098,-49.841,-41.588,-3.660,524325345.000
-0.687,2.348,0.103,-49.766,-41.560,-3.649,524325445.000
-0.687,2.342,0.098,-49.782,-41.552,-3.667,524325546.000
-0.693,2.341,0.096,-49.790,-41.498,-3.659,524325646.000
-0.685,2.344,0.099,-49.691,-41.516,-3.648,524325745.000
-0.687,2.340,0.106,-49.673,-41.478,-3.647,524325845.000
-0.687,2.340,0.096,-49.645,-41.462,-3.647,524325945.000
-0.685,2.338,0.101,-49.611,-41.434,-3.637,524326046.000
-0.685,2.338,0.101,-49.570,-41.409,-3.636,524326145.000
-0.685,2.330,0.099,-49.574,-41.369,-3.636,524326246.000
-0.683,2.337,0.096,-49.494,-41.389,-3.654,524326346.000
-0.683,2.332,0.101,-49.483,-41.348,-3.644,524326446.000
-0.681,2.330,0.099,-49.435,-41.344,-3.634,524326546.000
-0.685,2.330,0.101,-49.394,-41.262,-3.633,524326646.000
-0.685,2.328,0.094,-49.395,-41.286,-3.615,524326745.000
-0.685,2.325,0.096,-49.356,-41.205,-3.651,524326845.000
-0.686,2.325,0.099,-49.342,-41.196,-3.650,524326945.000
-0.681,2.325,0.096,-49.272,-41.229,-3.622,524327046.000
-0.681,2.320,0.101,-49.288,-41.140,-3.584,524327145.000
-0.679,2.321,0.094,-49.239,-41.177,-3.621,524327246.000
-0.681,2.320,0.101,-49.206,-41.139,-3.611,524327346.000
-0.679,2.318,0.099,-49.172,-41.111,-3.601,524327445.000
-0.679,2.318,0.099,-49.130,-41.087,-3.600,524327545.000
-0.682,2.317,0.092,-49.096,-41.050,-3.591,524327645.000
-0.680,2.308,0.094,-49.108,-41.054,-3.609,524327746.000
-0.680,2.313,0.097,-49.077,-41.022,-3.590,524327846.000
-0.678,2.314,0.097,-49.001,-41.009,-3.598,524327945.000
-0.680,2.313,0.094,-48.981,-40.980,-3.589,524328046.000
-0.678,2.309,0.099,-48.976,-40.976,-3.588,524328145.000
-0.680,2.307,0.099,-48.943,-40.939,-3.606,524328246.000
-0.674,2.306,0.099,-48.908,-40.952,-3.596,524328346.000
-0.676,2.302,0.099,-48.889,-40.915,-3.568,524328446.000
-0.678,2.301,0.094,-48.869,-40.870,-3.586,524328546.000
-0.678,2.303,0.099,-48.854,-40.854,-3.577,524328645.000
-0.676,2.302,0.099,-48.806,-40.817,-3.566,524328745.000
-0.678,2.298,0.097,-48.760,-40.812,-3.594,524328846.000
-0.678,2.298,0.094,-48.774,-40.821,-3.566,524328945.000
-0.674,2.298,0.090,-48.718,-40.814,-3.565,524329045.000
-0.674,2.293,0.090,-48.720,-40.765,-3.555,524329145.000
-0.672,2.294,0.092,-48.671,-40.769,-3.564,524329245.000
-0.670,2.296,0.092,-48.608,-40.733,-3.545,524329345.000
-0.672,2.291,0.092,-48.604,-40.720,-3.572,524329445.000
-0.670,2.293,0.092,-48.582,-40.708,-3.581,524329545.000
-0.679,2.290,0.092,-48.557,-40.632,-3.563,524329645.000
-0.675,2.288,0.102,-48.544,-40.624,-3.543,524329745.000
-0.674,2.287,0.092,-48.502,-40.633,-3.543,524329845.000
-0.677,2.289,0.097,-48.468,-40.603,-3.552,524329946.000
-0.675,2.287,0.095,-48.461,-40.576,-3.542,524330046.000
-0.673,2.284,0.095,-48.428,-40.588,-3.542,524330146.000
-0.670,2.285,0.092,-48.406,-40.561,-3.522,524330245.000
-0.673,2.281,0.087,-48.415,-40.540,-3.550,524330346.000
-0.673,2.281,0.092,-48.374,-40.499,-3.522,524330445.000
-0.671,2.282,0.097,-48.311,-40.494,-3.530,524330546.000
-0.673,2.278,0.097,-48.334,-40.482,-3.530,524330646.000
-0.666,2.277,0.090,-48.299,-40.496,-3.548,524330746.000
-0.671,2.277,0.097,-48.259,-40.445,-3.520,524330846.000
-0.671,2.279,0.095,-48.216,-40.429,-3.538,524330946.000
-0.671,2.274,0.098,-48.205,-40.420,-3.528,524331045.000
-0.671,2.277,0.095,-48.203,-40.380,-3.519,524331146.000
-0.669,2.275,0.093,-48.156,-40.376,-3.537,524331246.000
-0.667,2.271,0.090,-48.150,-40.373,-3.508,524331346.000
-0.671,2.269,0.093,-48.152,-40.339,-3.545,524331446.000
-0.667,2.271,0.088,-48.081,-40.332,-3.507,524331545.000
-0.667,2.269,0.098,-48.055,-40.323,-3.516,524331646.000
-0.667,2.269,0.093,-48.055,-40.291,-3.516,524331746.000
-0.669,2.265,0.098,-48.037,-40.285,-3.516,524331846.000
-0.667,2.266,0.090,-48.014,-40.274,-3.497,524331946.000
-0.672,2.266,0.090,-47.960,-40.200,-3.496,524332046.000
-0.663,2.263,0.093,-47.960,-40.242,-3.505,524332145.000
-0.667,2.261,0.095,-47.949,-40.184,-3.514,524332246.000
-0.665,2.262,0.090,-47.886,-40.213,-3.522,524332345.000
-0.672,2.261,0.088,-47.879,-40.134,-3.486,524332446.000
-0.670,2.257,0.093,-47.875,-40.130,-3.485,524332546.000
-0.670,2.257,0.093,-47.847,-40.130,-3.485,524332646.000
-0.668,2.258,0.090,-47.825,-40.102,-3.494,524332745.000
-0.665,2.257,0.090,-47.791,-40.139,-3.484,524332845.000
-0.668,2.255,0.088,-47.757,-40.086,-3.474,524332946.000
-0.663,2.255,0.093,-47.757,-40.095,-3.474,524333046.000
-0.663,2.253,0.088,-47.731,-40.087,-3.483,524333146.000
-0.661,2.257,0.091,-47.653,-40.066,-3.482,524333246.000
-0.663,2.255,0.096,-47.647,-40.061,-3.472,524333345.000
-0.668,2.247,0.091,-47.693,-40.004,-3.500,524333446.000
-0.666,2.249,0.095,-47.643,-39.975,-3.453,524333546.000
-0.664,2.247,0.093,-47.665,-39.996,-3.472,524333646.000
-0.662,2.249,0.088,-47.601,-39.977,-3.480,524333746.000
-0.664,2.245,0.088,-47.610,-39.940,-3.452,524333846.000
-0.664,2.245,0.081,-47.582,-39.940,-3.480,524333946.000
-0.662,2.243,0.086,-47.534,-39.936,-3.442,524334046.000
-0.664,2.242,0.088,-47.556,-39.915,-3.461,524334146.000
-0.664,2.245,0.093,-47.473,-39.922,-3.451,524334246.000
-0.664,2.242,0.088,-47.474,-39.865,-3.460,524334346.000
-0.662,2.243,0.098,-47.425,-39.869,-3.440,524334446.000
-0.666,2.243,0.093,-47.425,-39.860,-3.441,524334545.000
-0.662,2.241,0.093,-47.398,-39.861,-3.449,524334646.000
-0.664,2.237,0.091,-47.408,-39.856,-3.449,524334746.000
-0.660,2.234,0.083,-47.408,-39.809,-3.458,524334846.000
-0.660,2.237,0.086,-47.338,-39.825,-3.448,524334946.000
-0.662,2.235,0.086,-47.359,-39.788,-3.439,524335045.000
-0.662,2.238,0.088,-47.303,-39.779,-3.429,524335145.000
-0.658,2.238,0.093,-47.261,-39.812,-3.429,524335246.000
-0.658,2.233,0.093,-47.291,-39.763,-3.419,524335345.000
-0.658,2.233,0.096,-47.237,-39.730,-3.446,524335445.000
-0.660,2.231,0.091,-47.230,-39.710,-3.437,524335545.000
-0.658,2.230,0.086,-47.224,-39.715,-3.455,524335646.000
-0.658,2.230,0.084,-47.210,-39.674,-3.454,524335746.000
-0.660,2.231,0.094,-47.175,-39.677,-3.436,524335845.000
-0.663,2.227,0.089,-47.128,-39.656,-3.408,524335945.000
-0.658,2.227,0.086,-47.128,-39.665,-3.435,524336045.000
-0.658,2.222,0.094,-47.145,-39.640,-3.425,524336146.000
-0.654,2.222,0.086,-47.116,-39.666,-3.425,524336245.000
-0.654,2.225,0.089,-47.074,-39.633,-3.415,524336345.000
-0.661,2.223,0.091,-47.041,-39.586,-3.406,524336446.000
-0.656,2.218,0.084,-47.084,-39.589,-3.396,524336546.000
-0.661,2.223,0.089,-47.013,-39.570,-3.406,524336646.000
-0.659,2.222,0.086,-47.006,-39.543,-3.424,524336747.000
-0.661,2.221,0.091,-47.001,-39.537,-3.414,524336846.000
-0.656,2.218,0.086,-46.974,-39.555,-3.423,524336946.000
-0.661,2.218,0.081,-46.946,-39.497,-3.423,524337047.000
-0.659,2.219,0.091,-46.939,-39.477,-3.404,524337147.000
-0.661,2.223,0.086,-46.874,-39.456,-3.376,524337246.000
-0.657,2.215,0.094,-46.892,-39.481,-3.375,524337346.000
-0.659,2.214,0.091,-46.873,-39.452,-3.394,524337446.000
-0.657,2.215,0.089,-46.837,-39.448,-3.402,524337546.000
-0.650,2.217,0.096,-46.815,-39.461,-3.383,524337646.000
-0.655,2.214,0.091,-46.831,-39.452,-3.393,524337746.000
-0.655,2.217,0.089,-46.801,-39.412,-3.383,524337846.000
-0.657,2.210,0.094,-46.799,-39.407,-3.392,524337946.000
-0.655,2.211,0.084,-46.776,-39.380,-3.373,524338046.000
-0.657,2.207,0.089,-46.786,-39.375,-3.373,524338146.000
-0.653,2.210,0.089,-46.742,-39.351,-3.363,524338246.000
-0.657,2.210,0.082,-46.742,-39.326,-3.391,524338346.000
-0.655,2.211,0.089,-46.680,-39.338,-3.372,524338446.000
-0.655,2.206,0.084,-46.710,-39.355,-3.363,524338546.000
-0.655,2.203,0.086,-46.711,-39.298,-3.371,524338646.000
-0.651,2.208,0.089,-46.612,-39.314,-3.380,524338746.000
-0.655,2.206,0.084,-46.627,-39.305,-3.389,524338846.000
-0.655,2.203,0.087,-46.615,-39.272,-3.370,524338947.000
-0.653,2.204,0.089,-46.580,-39.252,-3.379,524339047.000
-0.655,2.203,0.096,-46.560,-39.239,-3.342,524339146.000
-0.653,2.204,0.089,-46.538,-39.228,-3.378,524339246.000
-0.651,2.203,0.089,-46.531,-39.265,-3.341,524339346.000
-0.647,2.203,0.084,-46.489,-39.282,-3.368,524339447.000
-0.653,2.199,0.084,-46.499,-39.171,-3.368,524339547.000
-0.653,2.197,0.092,-46.514,-39.219,-3.350,524339646.000
-0.651,2.201,0.084,-46.477,-39.159,-3.349,524339746.000
-0.649,2.202,0.087,-46.442,-39.188,-3.358,524339846.000
-0.651,2.195,0.084,-46.452,-39.159,-3.340,524339947.000
-0.647,2.195,0.092,-46.424,-39.183,-3.339,524340046.000
-0.649,2.194,0.087,-46.432,-39.139,-3.357,524340147.000
-0.649,2.196,0.092,-46.362,-39.122,-3.347,524340246.000
-0.654,2.194,0.089,-46.405,-39.080,-3.357,524340346.000
-0.651,2.195,0.084,-46.328,-39.133,-3.338,524340446.000
-0.647,2.193,0.079,-46.342,-39.127,-3.347,524340546.000
-0.652,2.195,0.087,-46.300,-39.052,-3.337,524340646.000
-0.649,2.191,0.087,-46.296,-39.064,-3.365,524340746.000
-0.652,2.195,0.087,-46.245,-39.052,-3.337,524340846.000
-0.654,2.191,0.087,-46.240,-39.039,-3.309,524340946.000
-0.647,2.192,0.089,-46.205,-39.044,-3.317,524341046.000
-0.648,2.187,0.089,-46.249,-39.020,-3.308,524341146.000
-0.650,2.191,0.080,-46.184,-39.016,-3.336,524341247.000
-0.652,2.190,0.087,-46.151,-38.978,-3.326,524341346.000
-0.650,2.186,0.087,-46.188,-38.966,-3.326,524341446.000
-0.652,2.184,0.077,-46.167,-38.938,-3.344,524341546.000
-0.654,2.183,0.089,-46.162,-38.932,-3.307,524341647.000
-0.648,2.185,0.085,-46.153,-38.938,-3.316,524341746.000
-0.650,2.180,0.085,-46.135,-38.901,-3.343,524341847.000
-0.650,2.181,0.087,-46.094,-38.892,-3.315,524341946.000
-0.648,2.184,0.077,-46.084,-38.914,-3.315,524342046.000
-0.646,2.183,0.092,-46.064,-38.925,-3.305,524342146.000
-0.646,2.180,0.077,-46.051,-38.926,-3.342,524342246.000
-0.648,2.179,0.090,-46.045,-38.872,-3.277,524342346.000
-0.648,2.177,0.087,-46.033,-38.856,-3.314,524342446.000
-0.648,2.176,0.082,-46.006,-38.872,-3.341,524342546.000
-0.648,2.179,0.085,-45.963,-38.839,-3.304,524342647.000
-0.650,2.173,0.087,-45.987,-38.818,-3.285,524342746.000
-0.646,2.175,0.082,-45.957,-38.836,-3.303,524342846.000
-0.650,2.175,0.085,-45.930,-38.826,-3.304,524342946.000
-0.648,2.179,0.087,-45.894,-38.830,-3.303,524343046.000
-0.644,2.174,0.085,-45.882,-38.815,-3.293,524343147.000
-0.644,2.174,0.080,-45.881,-38.832,-3.293,524343246.000
-0.646,2.172,0.087,-45.876,-38.794,-3.311,524343346.000
-0.646,2.175,0.087,-45.819,-38.770,-3.274,524343447.000
-0.644,2.169,0.080,-45.856,-38.783,-3.283,524343546.000
-0.648,2.168,0.077,-45.843,-38.766,-3.311,524343646.000
-0.648,2.171,0.085,-45.814,-38.741,-3.274,524343747.000
-0.646,2.167,0.085,-45.823,-38.777,-3.274,524343846.000
-0.648,2.166,0.082,-45.831,-38.700,-3.264,524343946.000
-0.642,2.172,0.085,-45.723,-38.729,-3.281,524344046.000
-0.646,2.167,0.078,-45.754,-38.705,-3.300,524344147.000
-0.651,2.167,0.082,-45.727,-38.662,-3.300,524344247.000
-0.644,2.168,0.080,-45.677,-38.708,-3.281,524344346.000
-0.640,2.166,0.085,-45.720,-38.718,-3.290,524344446.000
-0.644,2.163,0.080,-45.721,-38.684,-3.271,524344546.000
-0.649,2.161,0.080,-45.709,-38.659,-3.253,524344647.000
-0.644,2.166,0.085,-45.651,-38.667,-3.262,524344746.000
-0.644,2.163,0.085,-45.652,-38.643,-3.271,524344847.000
-0.642,2.162,0.078,-45.659,-38.656,-3.261,524344946.000
-0.642,2.162,0.090,-45.632,-38.639,-3.261,524345046.000
-0.649,2.166,0.090,-45.569,-38.576,-3.261,524345146.000
-0.647,2.159,0.087,-45.634,-38.621,-3.243,524345247.000
-0.647,2.162,0.088,-45.578,-38.597,-3.261,524345346.000
-0.647,2.162,0.085,-45.564,-38.556,-3.260,524345446.000
-0.645,2.163,0.090,-45.528,-38.601,-3.241,524345547.000
-0.645,2.155,0.083,-45.574,-38.553,-3.269,524345646.000
-0.645,2.160,0.088,-45.474,-38.560,-3.222,524345747.000
-0.642,2.157,0.075,-45.510,-38.566,-3.250,524345846.000
-0.647,2.156,0.078,-45.510,-38.508,-3.250,524345946.000
-0.645,2.153,0.078,-45.533,-38.521,-3.250,524346046.000
-0.645,2.158,0.085,-45.448,-38.519,-3.231,524346146.000
-0.645,2.155,0.085,-45.449,-38.544,-3.240,524346247.000
-0.643,2.154,0.075,-45.456,-38.541,-3.258,524346347.000
-0.641,2.155,0.080,-45.407,-38.512,-3.239,524346446.000
-0.641,2.153,0.080,-45.422,-38.512,-3.248,524346546.000
-0.640,2.153,0.075,-45.394,-38.529,-3.248,524346647.000
-0.645,2.152,0.083,-45.368,-38.454,-3.248,524346746.000
-0.643,2.154,0.090,-45.333,-38.466,-3.229,524346846.000
-0.643,2.151,0.083,-45.361,-38.442,-3.238,524346946.000
-0.641,2.150,0.088,-45.341,-38.438,-3.228,524347046.000
-0.639,2.146,0.080,-45.322,-38.475,-3.228,524347146.000
-0.645,2.147,0.083,-45.329,-38.429,-3.210,524347246.000
-0.641,2.150,0.083,-45.299,-38.430,-3.200,524347346.000
-0.643,2.148,0.085,-45.266,-38.409,-3.218,524347445.000
-0.641,2.145,0.080,-45.302,-38.414,-3.218,524347545.000
-0.641,2.150,0.085,-45.258,-38.422,-3.200,524347645.000
-0.645,2.147,0.083,-45.260,-38.356,-3.236,524347747.000
-0.641,2.150,0.080,-45.203,-38.389,-3.227,524347846.000
-0.639,2.146,0.080,-45.197,-38.401,-3.226,524347946.000
-0.639,2.143,0.085,-45.226,-38.361,-3.180,524348046.000
-0.639,2.141,0.080,-45.213,-38.377,-3.189,524348145.000
-0.643,2.143,0.083,-45.185,-38.343,-3.208,524348246.000
-0.639,2.141,0.080,-45.200,-38.353,-3.216,524348346.000
-0.641,2.142,0.078,-45.151,-38.348,-3.198,524348446.000
-0.639,2.141,0.080,-45.159,-38.328,-3.216,524348545.000
-0.643,2.135,0.075,-45.175,-38.295,-3.207,524348646.000
-0.641,2.142,0.080,-45.110,-38.291,-3.197,524348746.000
-0.639,2.135,0.083,-45.134,-38.295,-3.206,524348845.000
-0.641,2.142,0.081,-45.082,-38.290,-3.224,524348946.000
-0.637,2.139,0.086,-45.056,-38.275,-3.205,524349046.000
-0.637,2.137,0.088,-45.071,-38.291,-3.186,524349146.000
-0.635,2.140,0.078,-45.047,-38.288,-3.214,524349245.000
-0.641,2.142,0.090,-45.041,-38.233,-3.196,524349345.000
-0.639,2.138,0.081,-45.008,-38.230,-3.195,524349446.000
-0.641,2.136,0.081,-45.044,-38.217,-3.214,524349545.000
-0.641,2.139,0.086,-44.987,-38.224,-3.204,524349646.000
-0.639,2.132,0.081,-45.011,-38.229,-3.213,524349746.000
-0.633,2.131,0.078,-44.976,-38.227,-3.203,524349845.000
-0.639,2.135,0.081,-44.968,-38.181,-3.203,524349946.000
-0.635,2.133,0.081,-44.969,-38.182,-3.184,524350045.000
-0.637,2.131,0.078,-44.935,-38.177,-3.203,524350146.000
-0.633,2.131,0.081,-44.921,-38.145,-3.202,524350245.000
-0.637,2.129,0.081,-44.923,-38.144,-3.184,524350346.000
-0.635,2.132,0.078,-44.914,-38.165,-3.211,524350445.000
-0.635,2.132,0.078,-44.858,-38.165,-3.183,524350546.000
-0.638,2.128,0.083,-44.881,-38.135,-3.183,524350646.000
-0.638,2.123,0.081,-44.884,-38.119,-3.201,524350745.000
-0.640,2.127,0.086,-44.862,-38.090,-3.174,524350845.000
-0.635,2.132,0.086,-44.776,-38.115,-3.182,524350946.000
-0.638,2.128,0.081,-44.785,-38.094,-3.210,524351045.000
-0.635,2.130,0.078,-44.804,-38.091,-3.191,524351145.000
-0.638,2.126,0.086,-44.772,-38.077,-3.163,524351246.000
-0.633,2.126,0.078,-44.771,-38.104,-3.163,524351345.000
-0.636,2.124,0.083,-44.752,-38.025,-3.181,524351445.000
-0.636,2.127,0.086,-44.709,-38.041,-3.144,524351546.000
-0.636,2.122,0.081,-44.739,-38.058,-3.162,524351645.000
-0.636,2.127,0.083,-44.682,-38.025,-3.171,524351745.000
-0.634,2.118,0.081,-44.748,-38.046,-3.162,524351846.000
-0.638,2.121,0.086,-44.706,-38.004,-3.153,524351945.000
-0.636,2.122,0.083,-44.684,-38.025,-3.162,524352045.000
-0.638,2.120,0.081,-44.678,-37.972,-3.152,524352145.000
-0.631,2.122,0.076,-44.669,-38.026,-3.161,524352246.000
-0.636,2.122,0.076,-44.628,-37.976,-3.133,524352345.000
-0.636,2.117,0.078,-44.673,-37.968,-3.152,524352446.000
-0.638,2.123,0.083,-44.594,-37.963,-3.142,524352546.000
-0.634,2.118,0.083,-44.610,-37.964,-3.160,524352646.000
-0.629,2.113,0.074,-44.625,-37.998,-3.150,524352746.000
-0.638,2.123,0.083,-44.580,-37.938,-3.142,524352845.000
-0.634,2.118,0.079,-44.554,-37.931,-3.159,524352946.000
-0.636,2.116,0.083,-44.563,-37.950,-3.151,524353045.000
-0.636,2.111,0.079,-44.593,-37.919,-3.169,524353146.000
-0.634,2.118,0.084,-44.500,-37.914,-3.159,524353245.000
-0.634,2.115,0.084,-44.515,-37.914,-3.140,524353345.000
-0.634,2.115,0.086,-44.487,-37.881,-3.140,524353445.000
-0.632,2.109,0.081,-44.525,-37.911,-3.149,524353545.000
-0.638,2.110,0.081,-44.490,-37.872,-3.131,524353645.000
-0.632,2.111,0.081,-44.468,-37.886,-3.139,524353745.000
-0.636,2.114,0.079,-44.439,-37.869,-3.130,524353845.000
-0.632,2.109,0.084,-44.469,-37.878,-3.120,524353947.000
-0.634,2.110,0.086,-44.448,-37.856,-3.130,524354046.000
-0.634,2.112,0.084,-44.419,-37.865,-3.121,524354146.000
-0.636,2.111,0.079,-44.413,-37.844,-3.139,524354246.000
-0.630,2.110,0.079,-44.393,-37.882,-3.157,524354347.000
-0.634,2.107,0.081,-44.394,-37.848,-3.138,524354446.000
-0.630,2.110,0.081,-44.378,-37.825,-3.128,524354546.000
-0.632,2.109,0.079,-44.386,-37.845,-3.120,524354647.000
-0.632,2.103,0.081,-44.389,-37.812,-3.137,524354746.000
-0.632,2.106,0.086,-44.360,-37.820,-3.101,524354847.000
-0.628,2.103,0.084,-44.361,-37.853,-3.109,524354947.000
-0.632,2.106,0.086,-44.305,-37.771,-3.127,524355046.000
-0.630,2.107,0.084,-44.297,-37.767,-3.136,524355146.000
-0.630,2.105,0.084,-44.312,-37.816,-3.118,524355246.000
-0.632,2.103,0.084,-44.293,-37.754,-3.136,524355346.000
-0.632,2.103,0.084,-44.251,-37.778,-3.108,524355446.000
-0.632,2.101,0.081,-44.294,-37.763,-3.118,524355546.000
-0.630,2.102,0.071,-44.258,-37.760,-3.126,524355647.000
-0.630,2.099,0.079,-44.273,-37.759,-3.108,524355746.000
-0.630,2.102,0.079,-44.230,-37.710,-3.098,524355846.000
-0.628,2.106,0.081,-44.180,-37.739,-3.098,524355947.000
-0.632,2.100,0.071,-44.210,-37.698,-3.117,524356046.000
-0.628,2.100,0.076,-44.197,-37.731,-3.144,524356147.000
-0.630,2.097,0.084,-44.220,-37.718,-3.116,524356246.000
-0.633,2.095,0.081,-44.200,-37.689,-3.107,524356347.000
-0.635,2.102,0.081,-44.162,-37.676,-3.098,524356447.000
-0.633,2.098,0.081,-44.171,-37.664,-3.097,524356546.000
-0.631,2.097,0.084,-44.150,-37.644,-3.087,524356647.000
-0.630,2.096,0.071,-44.177,-37.662,-3.116,524356746.000
-0.633,2.100,0.079,-44.114,-37.624,-3.115,524356846.000
-0.628,2.100,0.077,-44.086,-37.681,-3.115,524356946.000
-0.631,2.097,0.086,-44.151,-37.660,-3.087,524357047.000
-0.628,2.095,0.076,-44.130,-37.657,-3.105,524357146.000
-0.628,2.095,0.076,-44.088,-37.633,-3.105,524357246.000
-0.633,2.098,0.076,-44.060,-37.631,-3.096,524357346.000
-0.628,2.093,0.076,-44.103,-37.633,-3.086,524357447.000
-0.626,2.094,0.081,-44.041,-37.628,-3.095,524357546.000
-0.631,2.094,0.072,-44.068,-37.636,-3.096,524357647.000
-0.631,2.091,0.076,-44.042,-37.595,-3.077,524357746.000
-0.629,2.092,0.079,-44.021,-37.599,-3.085,524357846.000
-0.631,2.091,0.081,-44.001,-37.602,-3.076,524357946.000
-0.628,2.092,0.072,-44.020,-37.600,-3.086,524358047.000
-0.626,2.091,0.074,-44.014,-37.604,-3.076,524358147.000
-0.627,2.089,0.074,-44.001,-37.556,-3.084,524358246.000
-0.629,2.090,0.084,-43.967,-37.558,-3.094,524358346.000
-0.631,2.091,0.077,-43.973,-37.570,-3.076,524358447.000
-0.629,2.090,0.074,-43.939,-37.542,-3.093,524358546.000
-0.627,2.086,0.082,-43.948,-37.579,-3.093,524358647.000
-0.629,2.087,0.084,-43.969,-37.534,-3.075,524358746.000
-0.624,2.082,0.077,-43.970,-37.559,-3.093,524358846.000
-0.633,2.084,0.084,-43.929,-37.508,-3.084,524358946.000
-0.627,2.086,0.077,-43.934,-37.522,-3.093,524359047.000
-0.627,2.086,0.082,-43.920,-37.530,-3.065,524359147.000
-0.627,2.086,0.079,-43.893,-37.514,-3.065,524359246.000
-0.629,2.087,0.079,-43.872,-37.477,-3.074,524359347.000
-0.629,2.085,0.079,-43.886,-37.477,-3.055,524359446.000
-0.627,2.086,0.079,-43.852,-37.489,-3.092,524359546.000
-0.625,2.079,0.084,-43.889,-37.485,-3.073,524359647.000
-0.631,2.083,0.077,-43.867,-37.448,-3.074,524359747.000
-0.629,2.087,0.077,-43.802,-37.484,-3.073,524359846.000
-0.629,2.082,0.079,-43.847,-37.476,-3.064,524359946.000
-0.629,2.079,0.079,-43.848,-37.452,-3.073,524360046.000
-0.627,2.083,0.074,-43.797,-37.432,-3.045,524360146.000
-0.627,2.086,0.079,-43.755,-37.464,-3.063,524360247.000
-0.627,2.081,0.077,-43.785,-37.448,-3.054,524360346.000
-0.625,2.082,0.072,-43.763,-37.453,-3.090,524360446.000
-0.625,2.079,0.077,-43.778,-37.436,-3.072,524360547.000
-0.631,2.083,0.084,-43.701,-37.397,-3.044,524360646.000
-0.627,2.083,0.089,-43.715,-37.430,-3.044,524360746.000
-0.625,2.082,0.077,-43.721,-37.460,-3.035,524360846.000
-0.625,2.082,0.074,-43.708,-37.420,-3.062,524360947.000
-0.629,2.079,0.082,-43.724,-37.394,-3.044,524361047.000
-0.627,2.073,0.079,-43.761,-37.390,-3.053,524361146.000
-0.627,2.075,0.077,-43.732,-37.399,-3.043,524361247.000
-0.627,2.080,0.074,-43.674,-37.382,-3.052,524361347.000
-0.625,2.079,0.079,-43.654,-37.378,-3.070,524361446.000
-0.629,2.076,0.079,-43.684,-37.377,-3.052,524361547.000
-0.623,2.073,0.079,-43.664,-37.391,-3.051,524361646.000
-0.627,2.078,0.074,-43.648,-37.358,-3.061,524361746.000
-0.627,2.078,0.077,-43.648,-37.374,-3.033,524361847.000
-0.629,2.076,0.079,-43.600,-37.328,-3.024,524361946.000
-0.627,2.075,0.082,-43.609,-37.357,-3.070,524362046.000
-0.621,2.071,0.077,-43.616,-37.387,-3.041,524362147.000
-0.623,2.072,0.077,-43.609,-37.326,-3.050,524362247.000
-0.627,2.072,0.077,-43.596,-37.324,-3.051,524362346.000
-0.625,2.076,0.079,-43.558,-37.329,-3.023,524362447.000
-0.627,2.075,0.074,-43.580,-37.309,-3.041,524362546.000
-0.627,2.075,0.082,-43.553,-37.308,-3.041,524362646.000
-0.627,2.070,0.079,-43.569,-37.316,-3.004,524362746.000
-0.627,2.075,0.077,-43.511,-37.300,-3.041,524362846.000
-0.627,2.065,0.074,-43.599,-37.284,-3.050,524362946.000
-0.625,2.069,0.082,-43.521,-37.295,-3.022,524363046.000
-0.625,2.074,0.087,-43.505,-37.303,-3.003,524363146.000
-0.627,2.062,0.077,-43.573,-37.275,-3.031,524363246.000
-0.623,2.070,0.077,-43.486,-37.276,-3.030,524363346.000
-0.621,2.068,0.075,-43.534,-37.297,-3.049,524363446.000
-0.625,2.063,0.079,-43.496,-37.279,-3.012,524363546.000
-0.623,2.070,0.077,-43.458,-37.276,-3.030,524363646.000
-0.625,2.071,0.082,-43.451,-37.246,-3.012,524363746.000
-0.623,2.070,0.077,-43.444,-37.251,-3.030,524363846.000
-0.627,2.067,0.070,-43.446,-37.251,-3.039,524363947.000
-0.621,2.068,0.072,-43.437,-37.256,-3.020,524364046.000
-0.623,2.067,0.077,-43.418,-37.227,-3.011,524364146.000
-0.628,2.067,0.079,-43.405,-37.193,-3.011,524364246.000
-0.623,2.064,0.077,-43.405,-37.227,-3.020,524364346.000
-0.621,2.063,0.075,-43.413,-37.223,-3.038,524364447.000
-0.628,2.064,0.072,-43.406,-37.169,-3.048,524364547.000
-0.619,2.064,0.077,-43.405,-37.203,-3.019,524364646.000
-0.626,2.063,0.075,-43.385,-37.198,-3.010,524364746.000
-0.623,2.064,0.082,-43.309,-37.185,-3.019,524364847.000
-0.628,2.059,0.075,-43.395,-37.161,-3.010,524364947.000
-0.626,2.063,0.075,-43.344,-37.173,-3.010,524365046.000
-0.624,2.062,0.077,-43.324,-37.153,-3.027,524365146.000
-0.626,2.063,0.077,-43.317,-37.189,-3.010,524365246.000
-0.621,2.066,0.080,-43.287,-37.157,-2.999,524365346.000
-0.621,2.060,0.070,-43.303,-37.166,-3.018,524365446.000
-0.624,2.062,0.082,-43.310,-37.160,-3.000,524365547.000
-0.624,2.062,0.072,-43.268,-37.169,-3.000,524365646.000
-0.624,2.062,0.072,-43.282,-37.145,-2.999,524365746.000
-0.621,2.063,0.072,-43.260,-37.133,-3.008,524365846.000
-0.626,2.055,0.075,-43.279,-37.123,-3.008,524365947.000
-0.621,2.058,0.077,-43.249,-37.141,-2.971,524366047.000
-0.624,2.062,0.077,-43.227,-37.128,-2.999,524366146.000
-0.622,2.060,0.085,-43.221,-37.115,-2.989,524366247.000
-0.624,2.059,0.077,-43.229,-37.103,-3.008,524366346.000
-0.624,2.059,0.077,-43.201,-37.103,-2.980,524366446.000
-0.624,2.059,0.075,-43.201,-37.087,-3.007,524366546.000
-0.624,2.056,0.072,-43.202,-37.095,-2.989,524366647.000
-0.622,2.053,0.072,-43.197,-37.108,-2.988,524366747.000
-0.622,2.058,0.075,-43.194,-37.075,-2.998,524366846.000
-0.624,2.056,0.075,-43.188,-37.087,-2.989,524366946.000
-0.620,2.059,0.072,-43.132,-37.072,-3.034,524367046.000
-0.622,2.055,0.080,-43.168,-37.083,-2.979,524367146.000
-0.624,2.054,0.077,-43.162,-37.030,-2.997,524367247.000
-0.617,2.055,0.075,-43.140,-37.076,-2.978,524367347.000
-0.622,2.053,0.075,-43.156,-37.051,-2.988,524367446.000
-0.622,2.055,0.072,-43.113,-37.034,-3.006,524367547.000
-0.622,2.052,0.080,-43.115,-37.058,-2.987,524367646.000
-0.620,2.056,0.080,-43.091,-37.022,-2.959,524367746.000
-0.622,2.055,0.072,-43.112,-37.034,-2.978,524367847.000
-0.624,2.051,0.075,-43.122,-37.013,-2.978,524367947.000
-0.617,2.053,0.075,-43.086,-37.051,-2.959,524368046.000
-0.620,2.051,0.077,-43.081,-37.030,-3.005,524368146.000
-0.622,2.050,0.080,-43.088,-37.033,-2.968,524368246.000
-0.624,2.056,0.075,-43.023,-36.988,-2.987,524368346.000
-0.622,2.047,0.077,-43.076,-37.017,-2.977,524368446.000
-0.622,2.050,0.072,-43.060,-36.985,-2.968,524368546.000
-0.618,2.047,0.075,-43.061,-37.002,-2.976,524368647.000
-0.618,2.050,0.070,-43.045,-37.019,-2.967,524368746.000
-0.620,2.049,0.075,-43.026,-36.989,-2.958,524368846.000
-0.624,2.051,0.077,-43.025,-37.004,-2.950,524368947.000
-0.622,2.047,0.080,-43.007,-36.960,-2.976,524369047.000
-0.624,2.043,0.075,-43.016,-36.939,-2.976,524369146.000
-0.624,2.051,0.072,-42.984,-36.948,-2.976,524369246.000
-0.622,2.047,0.077,-42.965,-36.967,-2.976,524369346.000
-0.624,2.048,0.075,-42.957,-36.939,-2.958,524369446.000
-0.622,2.050,0.075,-42.936,-36.927,-2.966,524369547.000
-0.622,2.047,0.072,-42.937,-36.935,-2.975,524369646.000
-0.618,2.045,0.070,-42.979,-36.945,-2.957,524369746.000
-0.622,2.047,0.082,-42.951,-36.927,-2.948,524369846.000
-0.622,2.044,0.075,-42.925,-36.903,-2.956,524369946.000
-0.620,2.046,0.073,-42.917,-36.948,-2.966,524370046.000
-0.622,2.045,0.075,-42.924,-36.903,-2.929,524370147.000
-0.618,2.044,0.073,-42.910,-36.936,-2.956,524370247.000
-0.618,2.044,0.077,-42.883,-36.919,-2.956,524370347.000
-0.627,2.039,0.075,-42.914,-36.853,-2.947,524370447.000
-0.620,2.043,0.077,-42.863,-36.858,-2.946,524370547.000
-0.620,2.038,0.075,-42.865,-36.890,-2.937,524370646.000
-0.618,2.042,0.075,-42.857,-36.927,-2.965,524370747.000
-0.620,2.041,0.075,-42.850,-36.890,-2.928,524370847.000
-0.620,2.040,0.073,-42.850,-36.874,-2.955,524370946.000
-0.616,2.035,0.070,-42.880,-36.884,-2.945,524371047.000
-0.620,2.040,0.075,-42.837,-36.866,-2.955,524371147.000
-0.616,2.035,0.082,-42.853,-36.866,-2.945,524371247.000
-0.618,2.037,0.072,-42.845,-36.887,-2.927,524371346.000
-0.618,2.037,0.070,-42.845,-36.871,-2.955,524371447.000
-0.620,2.040,0.075,-42.795,-36.841,-2.927,524371548.000
-0.620,2.038,0.078,-42.783,-36.857,-2.936,524371647.000
-0.618,2.042,0.078,-42.746,-36.845,-2.935,524371747.000
-0.620,2.038,0.080,-42.769,-36.848,-2.936,524371848.000
-0.618,2.034,0.075,-42.805,-36.854,-2.935,524371948.000
-0.616,2.043,0.080,-42.711,-36.825,-2.916,524372047.000
-0.616,2.038,0.070,-42.782,-36.835,-2.935,524372147.000
-0.616,2.033,0.080,-42.772,-36.874,-2.953,524372247.000
-0.616,2.038,0.073,-42.741,-36.826,-2.935,524372348.000
-0.618,2.034,0.075,-42.736,-36.829,-2.907,524372448.000
-0.616,2.035,0.075,-42.715,-36.817,-2.943,524372547.000
-0.618,2.037,0.073,-42.721,-36.813,-2.925,524372648.000
-0.618,2.036,0.073,-42.693,-36.813,-2.925,524372746.000
-0.618,2.034,0.080,-42.695,-36.787,-2.934,524372847.000
-0.620,2.033,0.070,-42.716,-36.784,-2.925,524372946.000
-0.618,2.034,0.075,-42.694,-36.804,-2.906,524373047.000
-0.621,2.035,0.083,-42.646,-36.766,-2.915,524373147.000
-0.616,2.032,0.075,-42.661,-36.792,-2.952,524373246.000
-0.614,2.029,0.078,-42.697,-36.797,-2.952,524373347.000
-0.621,2.035,0.080,-42.577,-36.725,-2.914,524373446.000
-0.618,2.029,0.073,-42.656,-36.763,-2.924,524373547.000
-0.616,2.027,0.073,-42.635,-36.776,-2.914,524373648.000
-0.614,2.036,0.075,-42.569,-36.780,-2.923,524373746.000
-0.616,2.033,0.075,-42.605,-36.743,-2.896,524373846.000
-0.616,2.032,0.078,-42.592,-36.735,-2.923,524373946.000
-0.616,2.027,0.075,-42.622,-36.719,-2.914,524374047.000
-0.616,2.033,0.080,-42.564,-36.750,-2.895,524374147.000
-0.614,2.029,0.073,-42.586,-36.764,-2.923,524374246.000
-0.619,2.034,0.075,-42.556,-36.706,-2.905,524374346.000
-0.614,2.031,0.073,-42.543,-36.715,-2.913,524374446.000
-0.619,2.031,0.075,-42.530,-36.730,-2.914,524374547.000
-0.614,2.029,0.075,-42.558,-36.731,-2.895,524374647.000
-0.616,2.032,0.073,-42.536,-36.702,-2.922,524374746.000
-0.614,2.029,0.078,-42.531,-36.698,-2.894,524374846.000
-0.621,2.027,0.073,-42.525,-36.652,-2.885,524374946.000
-0.616,2.030,0.075,-42.496,-36.718,-2.904,524375046.000
-0.621,2.027,0.070,-42.525,-36.685,-2.913,524375146.000
-0.614,2.028,0.070,-42.475,-36.698,-2.894,524375247.000
-0.616,2.027,0.075,-42.483,-36.718,-2.885,524375347.000
-0.619,2.026,0.078,-42.492,-36.672,-2.903,524375446.000
-0.614,2.026,0.070,-42.477,-36.674,-2.903,524375547.000
-0.617,2.025,0.075,-42.499,-36.669,-2.894,524375647.000
-0.617,2.027,0.073,-42.456,-36.653,-2.884,524375746.000
-0.619,2.028,0.070,-42.435,-36.648,-2.921,524375846.000
-0.612,2.024,0.073,-42.443,-36.678,-2.920,524375947.000
-0.617,2.024,0.070,-42.416,-36.636,-2.893,524376047.000
-0.615,2.021,0.070,-42.438,-36.649,-2.893,524376147.000
-0.619,2.023,0.068,-42.410,-36.632,-2.911,524376246.000
-0.615,2.028,0.075,-42.379,-36.657,-2.893,524376346.000
-0.617,2.024,0.075,-42.402,-36.644,-2.893,524376447.000
-0.619,2.023,0.070,-42.409,-36.599,-2.884,524376546.000
-0.617,2.019,0.070,-42.419,-36.636,-2.911,524376647.000
-0.615,2.023,0.075,-42.382,-36.608,-2.883,524376747.000
-0.615,2.021,0.070,-42.341,-36.624,-2.892,524376847.000
-0.617,2.024,0.070,-42.319,-36.611,-2.892,524376946.000
-0.617,2.014,0.070,-42.393,-36.587,-2.873,524377047.000
-0.621,2.024,0.080,-42.293,-36.552,-2.892,524377146.000
-0.617,2.024,0.085,-42.292,-36.561,-2.863,524377246.000
-0.617,2.017,0.078,-42.351,-36.586,-2.891,524377346.000
-0.613,2.019,0.075,-42.335,-36.596,-2.882,524377446.000
-0.615,2.018,0.070,-42.301,-36.575,-2.872,524377546.000
-0.617,2.017,0.068,-42.336,-36.547,-2.863,524377646.000
-0.615,2.021,0.075,-42.286,-36.607,-2.863,524377746.000
-0.619,2.015,0.070,-42.317,-36.550,-2.882,524377846.000
-0.615,2.018,0.075,-42.274,-36.558,-2.872,524377946.000
-0.617,2.019,0.070,-42.294,-36.562,-2.882,524378046.000
-0.613,2.017,0.070,-42.295,-36.563,-2.863,524378146.000
-0.615,2.018,0.075,-42.274,-36.558,-2.872,524378246.000
-0.615,2.018,0.078,-42.260,-36.550,-2.872,524378347.000
-0.615,2.020,0.076,-42.217,-36.533,-2.862,524378447.000
-0.619,2.018,0.078,-42.206,-36.524,-2.872,524378546.000
-0.617,2.014,0.073,-42.242,-36.529,-2.899,524378646.000
-0.619,2.018,0.073,-42.219,-36.516,-2.872,524378746.000
-0.615,2.013,0.080,-42.236,-36.517,-2.862,524378846.000
-0.617,2.016,0.073,-42.212,-36.505,-2.862,524378946.000
-0.617,2.014,0.073,-42.228,-36.505,-2.871,524379047.000
-0.619,2.015,0.078,-42.152,-36.499,-2.852,524379146.000
-0.615,2.015,0.076,-42.178,-36.509,-2.852,524379247.000
-0.613,2.011,0.076,-42.201,-36.521,-2.880,524379346.000
-0.611,2.013,0.071,-42.165,-36.550,-2.861,524379446.000
-0.617,2.014,0.075,-42.172,-36.472,-2.843,524379547.000
-0.613,2.011,0.076,-42.187,-36.497,-2.852,524379647.000
-0.615,2.013,0.071,-42.166,-36.476,-2.861,524379747.000
-0.615,2.013,0.076,-42.139,-36.508,-2.861,524379846.000
-0.615,2.012,0.071,-42.152,-36.452,-2.861,524379947.000
-0.617,2.011,0.071,-42.160,-36.439,-2.852,524380046.000
-0.615,2.010,0.068,-42.140,-36.484,-2.870,524380147.000
-0.613,2.009,0.068,-42.133,-36.473,-2.860,524380246.000
-0.615,2.010,0.068,-42.112,-36.484,-2.842,524380346.000
-0.615,2.012,0.078,-42.097,-36.451,-2.860,524380446.000
-0.617,2.014,0.073,-42.076,-36.430,-2.842,524380546.000
-0.617,2.014,0.078,-42.063,-36.438,-2.869,524380646.000
-0.615,2.010,0.073,-42.071,-36.443,-2.841,524380746.000
-0.617,2.008,0.068,-42.092,-36.423,-2.860,524380846.000
-0.615,2.010,0.071,-42.043,-36.427,-2.841,524380946.000
-0.611,2.012,0.066,-42.027,-36.469,-2.831,524381047.000
-0.613,2.011,0.073,-42.021,-36.431,-2.850,524381147.000
-0.617,2.006,0.073,-42.053,-36.405,-2.869,524381246.000
-0.611,2.012,0.068,-42.041,-36.461,-2.859,524381346.000
-0.613,2.011,0.071,-42.007,-36.391,-2.849,524381446.000
-0.613,2.006,0.066,-42.037,-36.407,-2.813,524381547.000
-0.615,2.010,0.081,-41.961,-36.393,-2.840,524381647.000
-0.613,2.011,0.076,-41.966,-36.398,-2.849,524381747.000
-0.613,2.003,0.076,-42.012,-36.398,-2.849,524381846.000
-0.611,2.007,0.073,-41.989,-36.395,-2.849,524381946.000
-0.611,2.007,0.073,-41.961,-36.394,-2.848,524382047.000
-0.613,2.006,0.068,-41.968,-36.398,-2.840,524382146.000
-0.613,2.003,0.076,-41.984,-36.398,-2.821,524382246.000
-0.615,2.010,0.073,-41.918,-36.369,-2.812,524382346.000
-0.611,2.010,0.073,-41.904,-36.370,-2.839,524382446.000
-0.615,2.004,0.071,-41.949,-36.353,-2.830,524382546.000
-0.613,2.003,0.068,-41.970,-36.374,-2.821,524382646.000
-0.616,2.007,0.076,-41.907,-36.336,-2.848,524382747.000
-0.613,2.003,0.068,-41.928,-36.349,-2.820,524382846.000
-0.613,2.003,0.076,-41.929,-36.349,-2.820,524382946.000
-0.611,2.007,0.073,-41.865,-36.369,-2.875,524383046.000
-0.611,1.999,0.073,-41.923,-36.345,-2.820,524383146.000
-0.613,2.001,0.076,-41.916,-36.348,-2.802,524383246.000
-0.611,2.004,0.076,-41.866,-36.361,-2.829,524383346.000
-0.611,1.997,0.071,-41.925,-36.353,-2.829,524383447.000
-0.611,2.002,0.071,-41.867,-36.353,-2.810,524383547.000
-0.616,1.999,0.068,-41.910,-36.312,-2.820,524383647.000
-0.611,2.002,0.071,-41.867,-36.353,-2.810,524383746.000
-0.611,2.002,0.073,-41.867,-36.321,-2.810,524383847.000
-0.609,2.001,0.068,-41.874,-36.350,-2.828,524383946.000
-0.616,2.002,0.076,-41.840,-36.311,-2.810,524384046.000
-0.614,2.000,0.081,-41.806,-36.282,-2.800,524384147.000
-0.614,2.000,0.071,-41.819,-36.291,-2.828,524384246.000
-0.614,2.000,0.083,-41.820,-36.274,-2.800,524384346.000
-0.611,1.994,0.078,-41.829,-36.303,-2.781,524384446.000
-0.616,1.999,0.073,-41.786,-36.270,-2.791,524384546.000
-0.611,1.999,0.073,-41.772,-36.271,-2.818,524384646.000
-0.609,1.998,0.068,-41.806,-36.301,-2.809,524384747.000
-0.612,1.996,0.073,-41.787,-36.271,-2.827,524384846.000
-0.616,1.997,0.073,-41.787,-36.246,-2.800,524384947.000
-0.614,1.998,0.073,-41.766,-36.282,-2.809,524385047.000
-0.616,1.994,0.068,-41.788,-36.238,-2.809,524385146.000
-0.614,1.998,0.071,-41.724,-36.242,-2.808,524385246.000
-0.614,1.993,0.076,-41.768,-36.250,-2.799,524385347.000
-0.609,1.995,0.068,-41.752,-36.276,-2.817,524385446.000
-0.616,1.999,0.066,-41.716,-36.246,-2.818,524385546.000
-0.609,1.998,0.071,-41.696,-36.267,-2.808,524385646.000
-0.614,1.998,0.071,-41.696,-36.242,-2.808,524385746.000
-0.612,1.997,0.071,-41.717,-36.230,-2.771,524385846.000
-0.609,1.995,0.071,-41.684,-36.267,-2.816,524385946.000
-0.612,1.994,0.076,-41.719,-36.238,-2.808,524386046.000
-0.610,1.995,0.078,-41.697,-36.242,-2.761,524386147.000
-0.610,1.993,0.071,-41.698,-36.218,-2.798,524386247.000
-0.612,1.991,0.071,-41.735,-36.206,-2.844,524386347.000
-0.614,1.995,0.071,-41.670,-36.217,-2.789,524386447.000
-0.607,1.991,0.073,-41.706,-36.247,-2.788,524386547.000
-0.612,1.986,0.068,-41.709,-36.189,-2.807,524386646.000
-0.610,1.993,0.073,-41.671,-36.234,-2.798,524386746.000
-0.607,1.991,0.071,-41.664,-36.206,-2.788,524386847.000
-0.612,1.994,0.069,-41.622,-36.213,-2.807,524386947.000
-0.607,1.991,0.069,-41.636,-36.239,-2.788,524387046.000
-0.612,1.989,0.073,-41.653,-36.197,-2.797,524387146.000
-0.612,1.986,0.073,-41.681,-36.173,-2.779,524387247.000
-0.612,1.994,0.071,-41.595,-36.180,-2.806,524387347.000
-0.612,1.991,0.071,-41.610,-36.180,-2.788,524387446.000
-0.612,1.991,0.066,-41.609,-36.149,-2.787,524387546.000
-0.614,1.990,0.071,-41.604,-36.192,-2.779,524387646.000
-0.612,1.991,0.076,-41.596,-36.188,-2.760,524387746.000
-0.612,1.994,0.066,-41.553,-36.172,-2.778,524387847.000
-0.607,1.989,0.071,-41.596,-36.206,-2.769,524387947.000
-0.612,1.983,0.071,-41.614,-36.156,-2.787,524388047.000
-0.610,1.990,0.074,-41.548,-36.136,-2.777,524388147.000
-0.612,1.989,0.071,-41.583,-36.156,-2.769,524388247.000
-0.612,1.991,0.069,-41.554,-36.115,-2.787,524388347.000
-0.607,1.989,0.064,-41.555,-36.182,-2.796,524388446.000
-0.614,1.990,0.074,-41.535,-36.134,-2.778,524388546.000
-0.610,1.990,0.071,-41.534,-36.144,-2.777,524388647.000
-0.610,1.987,0.071,-41.549,-36.144,-2.759,524388746.000
-0.608,1.988,0.071,-41.528,-36.132,-2.795,524388847.000
-0.608,1.986,0.071,-41.515,-36.180,-2.777,524388948.000
-0.610,1.985,0.066,-41.522,-36.136,-2.768,524389048.000
-0.612,1.986,0.069,-41.502,-36.115,-2.777,524389147.000
-0.610,1.987,0.071,-41.480,-36.119,-2.758,524389248.000
-0.610,1.987,0.069,-41.494,-36.127,-2.758,524389348.000
-0.612,1.986,0.069,-41.501,-36.115,-2.749,524389447.000
-0.608,1.988,0.066,-41.444,-36.148,-2.767,524389548.000
-0.608,1.986,0.076,-41.460,-36.115,-2.776,524389648.000
-0.610,1.985,0.071,-41.468,-36.119,-2.767,524389748.000
-0.610,1.985,0.071,-41.454,-36.094,-2.767,524389848.000
-0.610,1.987,0.074,-41.439,-36.110,-2.785,524389947.000
-0.610,1.985,0.076,-41.468,-36.102,-2.767,524390048.000
-0.612,1.986,0.069,-41.433,-36.090,-2.776,524390148.000
-0.610,1.987,0.069,-41.425,-36.103,-2.757,524390248.000
-0.610,1.984,0.074,-41.399,-36.061,-2.766,524390347.000
-0.610,1.985,0.069,-41.454,-36.078,-2.766,524390448.000
-0.612,1.986,0.071,-41.433,-36.057,-2.776,524390548.000
-0.608,1.983,0.076,-41.406,-36.090,-2.756,524390648.000
-0.612,1.983,0.071,-41.420,-36.057,-2.757,524390747.000
-0.608,1.983,0.069,-41.378,-36.090,-2.756,524390847.000
-0.612,1.981,0.069,-41.407,-36.041,-2.738,524390947.000
-0.612,1.983,0.076,-41.393,-36.040,-2.757,524391047.000
-0.610,1.984,0.074,-41.343,-36.061,-2.738,524391148.000
-0.614,1.982,0.069,-41.386,-36.004,-2.747,524391247.000
-0.610,1.984,0.074,-41.344,-36.061,-2.765,524391347.000
-0.610,1.982,0.069,-41.386,-36.029,-2.747,524391447.000
-0.610,1.982,0.074,-41.372,-36.037,-2.747,524391548.000
-0.606,1.977,0.071,-41.375,-36.046,-2.764,524391647.000
-0.608,1.975,0.071,-41.382,-36.033,-2.755,524391747.000
