0.055,-0.093,-0.152,2.435,1.749,0.525,524994557.000
0.055,-0.090,-0.147,2.464,1.790,0.535,524994658.000
0.055,-0.085,-0.145,2.453,1.798,0.526,524994757.000
0.057,-0.092,-0.147,2.457,1.777,0.517,524994857.000
0.053,-0.089,-0.147,2.457,1.778,0.525,524994957.000
0.057,-0.094,-0.147,2.400,1.753,0.535,524995057.000
0.055,-0.093,-0.145,2.407,1.798,0.526,524995157.000
0.055,-0.090,-0.142,2.436,1.758,0.562,524995257.000
0.057,-0.089,-0.145,2.444,1.761,0.526,524995357.000
0.057,-0.094,-0.150,2.414,1.744,0.535,524995457.000
0.053,-0.089,-0.142,2.444,1.770,0.553,524995558.000
0.055,-0.090,-0.145,2.478,1.750,0.535,524995658.000
0.051,-0.090,-0.147,2.436,1.815,0.562,524995758.000
0.053,-0.089,-0.150,2.444,1.770,0.525,524995857.000
0.059,-0.088,-0.142,2.452,1.732,0.544,524995957.000
0.057,-0.092,-0.150,2.443,1.769,0.544,524996057.000
0.055,-0.093,-0.145,2.421,1.774,0.553,524996157.000
0.055,-0.095,-0.142,2.364,1.782,0.516,524996257.000
0.053,-0.092,-0.142,2.415,1.795,0.544,524996358.000
0.057,-0.089,-0.145,2.444,1.761,0.526,524996457.000
0.057,-0.089,-0.150,2.444,1.744,0.526,524996557.000
0.055,-0.088,-0.147,2.466,1.766,0.544,524996657.000
0.062,-0.092,-0.152,2.444,1.759,0.517,524996757.000
0.055,-0.088,-0.142,2.465,1.782,0.544,524996858.000
0.055,-0.095,-0.155,2.393,1.764,0.544,524996957.000
0.053,-0.092,-0.147,2.415,1.778,0.516,524997058.000
0.057,-0.089,-0.145,2.458,1.737,0.553,524997157.000
0.057,-0.094,-0.150,2.414,1.744,0.535,524997258.000
0.055,-0.090,-0.147,2.423,1.765,0.535,524997358.000
0.055,-0.093,-0.145,2.435,1.798,0.526,524997457.000
0.055,-0.090,-0.145,2.436,1.774,0.507,524997558.000
0.055,-0.090,-0.140,2.450,1.766,0.535,524997658.000
0.055,-0.096,-0.150,2.392,1.781,0.516,524997757.000
0.059,-0.093,-0.155,2.422,1.764,0.526,524997857.000
0.057,-0.092,-0.145,2.429,1.761,0.544,524997958.000
0.053,-0.089,-0.145,2.471,1.787,0.526,524998058.000
0.057,-0.089,-0.147,2.430,1.753,0.526,524998157.000
0.055,-0.090,-0.145,2.436,1.822,0.535,524998257.000
0.057,-0.092,-0.145,2.429,1.761,0.517,524998358.000
0.055,-0.088,-0.142,2.423,1.758,0.516,524998458.000
0.055,-0.090,-0.145,2.450,1.750,0.535,524998557.000
0.059,-0.093,-0.142,2.408,1.756,0.526,524998658.000
0.055,-0.090,-0.142,2.408,1.758,0.534,524998757.000
0.055,-0.090,-0.150,2.437,1.757,0.535,524998858.000
0.057,-0.092,-0.150,2.415,1.769,0.516,524998958.000
0.057,-0.092,-0.150,2.402,1.744,0.516,524999057.000
0.055,-0.088,-0.145,2.465,1.750,0.516,524999158.000
0.055,-0.090,-0.152,2.423,1.749,0.534,524999257.000
0.051,-0.090,-0.140,2.435,1.816,0.535,524999358.000
0.055,-0.090,-0.147,2.423,1.765,0.535,524999458.000
0.053,-0.092,-0.145,2.469,1.763,0.516,524999557.000
0.055,-0.093,-0.150,2.394,1.757,0.525,524999657.000
0.057,-0.086,-0.145,2.474,1.785,0.563,524999757.000
0.057,-0.094,-0.145,2.428,1.737,0.535,524999857.000
0.055,-0.088,-0.145,2.438,1.749,0.544,524999957.000
0.057,-0.094,-0.152,2.400,1.736,0.507,525000057.000
0.055,-0.090,-0.152,2.423,1.749,0.534,525000158.000
0.057,-0.092,-0.150,2.416,1.768,0.544,525000257.000
0.055,-0.090,-0.147,2.450,1.766,0.535,525000357.000
0.053,-0.092,-0.145,2.401,1.786,0.516,525000457.000
0.055,-0.090,-0.147,2.436,1.741,0.534,525000557.000
0.055,-0.090,-0.145,2.436,1.774,0.535,525000657.000
0.055,-0.088,-0.147,2.438,1.765,0.544,525000758.000
0.057,-0.092,-0.147,2.416,1.752,0.544,525000858.000
0.055,-0.090,-0.145,2.423,1.798,0.535,525000958.000
0.055,-0.090,-0.152,2.436,1.773,0.507,525001058.000
0.053,-0.094,-0.150,2.399,1.794,0.507,525001159.000
0.055,-0.090,-0.137,2.436,1.774,0.535,525001259.000
0.062,-0.092,-0.142,2.443,1.744,0.545,525001358.000
0.053,-0.089,-0.147,2.403,1.778,0.553,525001458.000
0.051,-0.088,-0.147,2.451,1.767,0.543,525001558.000
0.055,-0.088,-0.147,2.451,1.741,0.516,525001658.000
0.057,-0.094,-0.150,2.400,1.769,0.507,525001759.000
0.055,-0.095,-0.145,2.420,1.798,0.544,525001858.000
0.055,-0.090,-0.150,2.422,1.781,0.507,525001958.000
0.053,-0.089,-0.150,2.471,1.770,0.525,525002058.000
0.055,-0.093,-0.147,2.421,1.790,0.526,525002158.000
0.051,-0.093,-0.140,2.420,1.816,0.553,525002259.000
0.057,-0.094,-0.155,2.401,1.752,0.535,525002359.000
0.055,-0.095,-0.145,2.406,1.774,0.544,525002459.000
0.051,-0.090,-0.147,2.436,1.815,0.534,525002558.000
0.057,-0.089,-0.147,2.458,1.753,0.553,525002659.000
0.059,-0.095,-0.150,2.435,1.780,0.545,525002759.000
0.057,-0.089,-0.147,2.417,1.777,0.553,525002858.000
0.053,-0.089,-0.152,2.430,1.810,0.525,525002958.000
0.055,-0.093,-0.150,2.435,1.781,0.526,525003058.000
0.055,-0.088,-0.145,2.465,1.798,0.517,525003158.000
0.057,-0.086,-0.145,2.501,1.786,0.535,525003259.000
0.053,-0.089,-0.140,2.429,1.779,0.525,525003358.000
0.055,-0.090,-0.142,2.422,1.782,0.535,525003458.000
0.057,-0.092,-0.147,2.415,1.753,0.516,525003558.000
0.057,-0.092,-0.150,2.429,1.793,0.517,525003658.000
0.051,-0.090,-0.142,2.436,1.783,0.534,525003759.000
0.055,-0.090,-0.142,2.422,1.782,0.535,525003858.000
0.057,-0.092,-0.147,2.415,1.753,0.516,525003959.000
0.053,-0.092,-0.155,2.401,1.801,0.516,525004058.000
0.055,-0.088,-0.145,2.424,1.773,0.544,525004159.000
0.053,-0.092,-0.152,2.402,1.785,0.543,525004258.000
0.055,-0.088,-0.145,2.451,1.774,0.516,525004358.000
0.055,-0.088,-0.142,2.451,1.758,0.544,525004459.000
0.055,-0.093,-0.150,2.394,1.757,0.525,525004558.000
0.055,-0.090,-0.147,2.423,1.765,0.562,525004658.000
0.059,-0.090,-0.150,2.423,1.756,0.535,525004759.000
0.053,-0.089,-0.140,2.471,1.803,0.526,525004858.000
0.053,-0.089,-0.145,2.416,1.786,0.553,525004959.000
0.055,-0.090,-0.142,2.409,1.806,0.535,525005058.000
0.055,-0.090,-0.145,2.409,1.773,0.535,525005158.000
0.055,-0.093,-0.147,2.407,1.765,0.525,525005258.000
0.051,-0.090,-0.147,2.422,1.791,0.534,525005358.000
0.057,-0.092,-0.145,2.429,1.761,0.517,525005459.000
0.055,-0.090,-0.145,2.436,1.774,0.507,525005559.000
0.057,-0.089,-0.147,2.458,1.753,0.526,525005659.000
0.055,-0.090,-0.150,2.423,1.781,0.535,525005759.000
0.055,-0.088,-0.145,2.452,1.774,0.544,525005858.000
0.053,-0.089,-0.137,2.484,1.763,0.526,525005959.000
0.057,-0.086,-0.145,2.459,1.761,0.535,525006059.000
0.053,-0.089,-0.147,2.430,1.778,0.525,525006158.000
0.053,-0.092,-0.150,2.415,1.794,0.544,525006259.000
0.055,-0.093,-0.147,2.421,1.790,0.526,525006358.000
0.055,-0.088,-0.142,2.465,1.782,0.544,525006459.000
0.053,-0.092,-0.140,2.428,1.803,0.544,525006558.000
0.051,-0.088,-0.142,2.437,1.807,0.544,525006658.000
0.057,-0.089,-0.142,2.444,1.745,0.526,525006759.000
0.051,-0.085,-0.142,2.452,1.807,0.525,525006858.000
0.055,-0.093,-0.155,2.408,1.765,0.525,525006959.000
0.053,-0.092,-0.147,2.443,1.778,0.544,525007058.000
0.053,-0.089,-0.150,2.430,1.794,0.525,525007158.000
0.053,-0.092,-0.145,2.428,1.787,0.516,525007258.000
0.057,-0.089,-0.150,2.458,1.769,0.526,525007358.000
0.053,-0.087,-0.140,2.458,1.803,0.507,525007458.000
0.053,-0.092,-0.147,2.415,1.778,0.516,525007558.000
0.053,-0.092,-0.145,2.387,1.810,0.544,525007658.000
0.053,-0.092,-0.150,2.415,1.794,0.516,525007758.000
0.051,-0.090,-0.137,2.435,1.800,0.534,525007859.000
0.053,-0.086,-0.145,2.445,1.811,0.535,525007958.000
0.057,-0.092,-0.150,2.415,1.769,0.516,525008058.000
0.055,-0.090,-0.150,2.437,1.806,0.535,525008159.000
0.059,-0.088,-0.142,2.424,1.781,0.544,525008259.000
0.057,-0.094,-0.147,2.400,1.801,0.535,525008359.000
0.055,-0.096,-0.147,2.406,1.790,0.516,525008458.000
0.053,-0.089,-0.150,2.444,1.818,0.526,525008558.000
0.053,-0.087,-0.142,2.472,1.844,0.507,525008659.000
0.055,-0.090,-0.145,2.422,1.798,0.507,525008759.000
0.057,-0.087,-0.147,2.445,1.801,0.507,525008859.000
0.057,-0.092,-0.150,2.415,1.817,0.517,525008959.000
0.055,-0.083,-0.145,2.482,1.822,0.535,525009059.000
0.057,-0.086,-0.135,2.445,1.721,0.535,525009158.000
0.049,-0.084,-0.142,2.459,1.723,0.515,525009259.000
0.053,-0.091,-0.140,2.372,1.657,0.515,525009358.000
0.047,-0.080,-0.150,2.358,1.467,0.539,525009458.000
0.038,-0.078,-0.148,2.295,1.150,0.553,525009558.000
0.026,-0.067,-0.143,2.242,0.709,0.501,525009658.000
0.019,-0.056,-0.140,2.232,0.137,0.503,525009758.000
-0.001,-0.053,-0.143,2.216,-0.544,0.504,525009858.000
-0.018,-0.036,-0.136,2.173,-1.303,0.512,525009958.000
-0.037,-0.017,-0.129,2.055,-2.196,0.537,525010058.000
-0.052,-0.011,-0.132,1.889,-2.807,0.491,525010158.000
-0.072,0.005,-0.135,1.755,-3.588,0.480,525010258.000
-0.091,0.024,-0.125,1.554,-4.400,0.505,525010358.000
-0.114,0.049,-0.121,1.368,-5.373,0.491,525010458.000
-0.129,0.065,-0.121,1.028,-6.173,0.451,525010558.000
-0.150,0.088,-0.114,0.822,-7.054,0.447,525010658.000
-0.173,0.112,-0.118,0.472,-8.029,0.459,525010758.000
-0.194,0.135,-0.121,0.154,-8.993,0.398,525010859.000
-0.215,0.156,-0.109,-0.219,-10.077,0.409,525010958.000
-0.238,0.191,-0.110,-0.606,-10.948,0.375,525011058.000
-0.258,0.214,-0.103,-0.992,-12.001,0.368,525011159.000
-0.284,0.243,-0.104,-1.486,-12.933,0.379,525011259.000
-0.302,0.267,-0.099,-1.891,-13.982,0.363,525011359.000
-0.323,0.301,-0.098,-2.382,-14.907,0.337,525011458.000
-0.346,0.328,-0.086,-2.870,-15.956,0.329,525011559.000
-0.366,0.362,-0.089,-3.278,-16.993,0.303,525011658.000
-0.394,0.381,-0.093,-3.797,-17.994,0.322,525011758.000
-0.410,0.418,-0.079,-4.314,-19.048,0.305,525011858.000
-0.437,0.458,-0.077,-4.864,-20.154,0.285,525011958.000
-0.461,0.481,-0.078,-5.388,-21.232,0.304,525012058.000
-0.486,0.520,-0.069,-5.946,-22.350,0.294,525012157.000
-0.509,0.553,-0.073,-6.540,-23.401,0.303,525012258.000
-0.531,0.591,-0.068,-7.064,-24.573,0.274,525012358.000
-0.562,0.623,-0.070,-7.673,-25.613,0.282,525012457.000
-0.583,0.657,-0.058,-8.123,-26.771,0.255,525012558.000
-0.612,0.696,-0.059,-8.722,-27.922,0.299,525012658.000
-0.634,0.731,-0.050,-9.317,-29.126,0.233,525012758.000
-0.663,0.771,-0.051,-9.971,-30.325,0.276,525012858.000
-0.690,0.801,-0.035,-10.416,-31.477,0.303,525012957.000
-0.718,0.840,-0.038,-11.043,-32.661,0.291,525013058.000
-0.745,0.875,-0.042,-11.650,-33.832,0.307,525013158.000
-0.769,0.912,-0.025,-12.210,-35.022,0.288,525013257.000
-0.792,0.952,-0.031,-12.814,-36.155,0.323,525013358.000
-0.825,0.981,-0.030,-13.406,-37.271,0.303,525013457.000
-0.841,1.015,-0.021,-14.048,-38.392,0.302,525013558.000
-0.878,1.059,-0.022,-14.604,-39.662,0.335,525013657.000
-0.899,1.094,-0.016,-15.287,-40.815,0.333,525013758.000
-0.927,1.138,-0.022,-15.897,-42.006,0.339,525013859.000
-0.956,1.167,-0.006,-16.530,-43.220,0.346,525013958.000
-0.983,1.210,-0.004,-17.065,-44.374,0.335,525014057.000
-1.013,1.248,-0.000,-17.769,-45.618,0.386,525014157.000
-1.038,1.279,0.006,-18.303,-46.792,0.404,525014258.000
-1.069,1.320,0.007,-18.936,-47.922,0.410,525014357.000
-1.089,1.354,0.006,-19.440,-49.147,0.437,525014457.000
-1.120,1.397,0.005,-20.043,-50.285,0.481,525014558.000
-1.151,1.430,0.019,-20.626,-51.421,0.488,525014658.000
-1.174,1.465,0.018,-21.122,-52.536,0.534,525014758.000
-1.198,1.502,0.027,-21.736,-53.728,0.597,525014858.000
-1.223,1.536,0.036,-22.283,-54.870,0.596,525014957.000
-1.254,1.576,0.025,-22.901,-55.944,0.602,525015058.000
-1.283,1.610,0.043,-23.421,-57.076,0.657,525015158.000
-1.308,1.652,0.040,-24.031,-58.237,0.710,525015258.000
-1.329,1.675,0.044,-24.498,-59.080,0.759,525015357.000
-1.357,1.709,0.048,-25.114,-60.287,0.784,525015458.000
-1.376,1.744,0.057,-25.597,-61.175,0.778,525015558.000
-1.392,1.756,0.048,-26.020,-61.734,0.859,525015658.000
-1.397,1.789,0.058,-26.743,-62.156,0.810,525015757.000
-1.398,1.822,0.062,-27.396,-62.353,0.764,525015858.000
-1.392,1.855,0.066,-28.172,-62.238,0.721,525015958.000
-1.381,1.883,0.063,-29.004,-62.101,0.660,525016058.000
-1.375,1.911,0.058,-29.865,-61.923,0.598,525016158.000
-1.368,1.936,0.059,-30.672,-61.914,0.554,525016257.000
-1.357,1.962,0.069,-31.424,-61.831,0.512,525016357.000
-1.353,1.993,0.071,-32.248,-61.761,0.476,525016457.000
-1.346,2.024,0.060,-33.052,-61.769,0.395,525016558.000
-1.340,2.060,0.082,-33.884,-61.742,0.332,525016657.000
-1.335,2.084,0.081,-34.795,-61.729,0.296,525016757.000
-1.330,2.116,0.075,-35.564,-61.756,0.261,525016857.000
-1.322,2.145,0.075,-36.375,-61.743,0.217,525016958.000
-1.317,2.171,0.084,-37.107,-61.744,0.164,525017058.000
-1.315,2.205,0.081,-37.966,-61.751,0.091,525017157.000
-1.312,2.230,0.085,-38.829,-61.829,0.045,525017257.000
-1.305,2.266,0.082,-39.575,-61.885,0.010,525017357.000
-1.300,2.290,0.091,-40.336,-61.909,-0.025,525017457.000
-1.296,2.327,0.083,-41.115,-61.897,-0.070,525017557.000
-1.295,2.351,0.095,-41.931,-61.961,-0.078,525017657.000
-1.289,2.384,0.097,-42.735,-62.025,-0.151,525017757.000
-1.286,2.409,0.091,-43.543,-62.039,-0.223,525017857.000
-1.277,2.444,0.096,-44.325,-62.106,-0.277,525017957.000
-1.277,2.473,0.097,-45.137,-62.156,-0.323,525018057.000
-1.276,2.502,0.104,-45.910,-62.164,-0.395,525018157.000
-1.269,2.538,0.106,-46.656,-62.252,-0.403,525018258.000
-1.265,2.562,0.108,-47.485,-62.302,-0.467,525018358.000
-1.264,2.594,0.105,-48.227,-62.368,-0.475,525018458.000
-1.259,2.629,0.114,-49.010,-62.442,-0.557,525018558.000
-1.257,2.662,0.111,-49.869,-62.546,-0.631,525018658.000
-1.249,2.690,0.112,-50.799,-62.683,-0.668,525018758.000
-1.251,2.720,0.107,-51.535,-62.744,-0.723,525018858.000
-1.246,2.755,0.129,-52.374,-62.850,-0.778,525018958.000
-1.246,2.792,0.123,-53.183,-62.925,-0.824,525019058.000
-1.245,2.824,0.130,-54.036,-63.055,-0.889,525019158.000
-1.240,2.853,0.126,-54.835,-63.122,-0.934,525019258.000
-1.231,2.890,0.133,-55.588,-63.230,-0.979,525019358.000
-1.231,2.912,0.133,-56.419,-63.312,-1.052,525019459.000
-1.228,2.950,0.134,-57.123,-63.422,-1.079,525019558.000
-1.227,2.979,0.136,-58.033,-63.496,-1.181,525019658.000
-1.223,3.011,0.143,-58.817,-63.579,-1.217,525019758.000
-1.222,3.043,0.147,-59.615,-63.693,-1.282,525019858.000
-1.217,3.078,0.149,-60.315,-63.718,-1.335,525019958.000
-1.215,3.108,0.146,-61.134,-63.821,-1.390,525020058.000
-1.218,3.140,0.150,-61.919,-63.885,-1.455,525020158.000
-1.205,3.164,0.152,-62.623,-64.010,-1.517,525020258.000
-1.201,3.177,0.152,-63.057,-63.967,-1.529,525020358.000
-1.203,3.199,0.160,-63.219,-63.884,-1.577,525020459.000
-1.197,3.188,0.154,-63.257,-63.793,-1.520,525020558.000
-1.197,3.180,0.157,-63.013,-63.588,-1.516,525020658.000
-1.198,3.166,0.155,-62.619,-63.374,-1.446,525020758.000
-1.190,3.150,0.150,-62.239,-63.146,-1.439,525020858.000
-1.193,3.135,0.146,-61.936,-62.952,-1.416,525020958.000
-1.185,3.125,0.144,-61.622,-62.814,-1.364,525021058.000
-1.186,3.111,0.146,-61.380,-62.560,-1.350,525021158.000
-1.182,3.098,0.151,-61.097,-62.420,-1.309,525021258.000
-1.180,3.086,0.142,-60.874,-62.245,-1.305,525021358.000
-1.179,3.082,0.152,-60.594,-62.076,-1.273,525021458.000
-1.179,3.069,0.140,-60.392,-61.897,-1.260,525021559.000
-1.173,3.057,0.142,-60.156,-61.754,-1.255,525021658.000
-1.174,3.049,0.140,-59.953,-61.639,-1.252,525021758.000
-1.168,3.039,0.135,-59.757,-61.497,-1.239,525021858.000
-1.173,3.034,0.143,-59.539,-61.323,-1.199,525021958.000
-1.166,3.027,0.141,-59.342,-61.222,-1.204,525022058.000
-1.165,3.020,0.139,-59.117,-61.095,-1.182,525022159.000
-1.163,3.006,0.139,-58.993,-60.985,-1.161,525022259.000
-1.159,3.003,0.139,-58.786,-60.863,-1.139,525022358.000
-1.162,2.996,0.137,-58.631,-60.687,-1.146,525022459.000
-1.160,2.987,0.134,-58.476,-60.560,-1.106,525022558.000
-1.156,2.981,0.134,-58.272,-60.462,-1.121,525022658.000
-1.152,2.971,0.135,-58.111,-60.340,-1.099,525022758.000
-1.152,2.963,0.130,-58.004,-60.234,-1.097,525022858.000
-1.146,2.959,0.137,-57.833,-60.173,-1.066,525022958.000
-1.153,2.955,0.133,-57.677,-59.980,-1.064,525023058.000
-1.147,2.948,0.130,-57.534,-59.879,-1.042,525023158.000
-1.147,2.940,0.138,-57.332,-59.779,-1.039,525023258.000
-1.141,2.931,0.128,-57.273,-59.704,-1.028,525023358.000
-1.139,2.929,0.131,-57.115,-59.586,-1.043,525023458.000
-1.142,2.917,0.133,-57.004,-59.466,-1.013,525023558.000
-1.145,2.916,0.133,-56.819,-59.306,-1.029,525023658.000
-1.136,2.908,0.131,-56.724,-59.291,-0.999,525023759.000
-1.137,2.905,0.129,-56.615,-59.153,-1.006,525023859.000
-1.137,2.900,0.131,-56.466,-59.046,-0.995,525023958.000
-1.133,2.897,0.127,-56.315,-58.941,-0.973,525024058.000
-1.131,2.888,0.134,-56.230,-58.854,-0.962,525024158.000
-1.129,2.881,0.127,-56.101,-58.769,-0.941,525024259.000
-1.132,2.879,0.122,-55.985,-58.651,-0.958,525024358.000
-1.128,2.872,0.120,-55.933,-58.587,-0.956,525024459.000
-1.128,2.866,0.117,-55.811,-58.497,-0.945,525024558.000
-1.124,2.864,0.127,-55.674,-58.415,-0.924,525024658.000
-1.124,2.861,0.125,-55.538,-58.324,-0.931,525024758.000
-1.122,2.849,0.125,-55.523,-58.239,-0.929,525024858.000
-1.122,2.849,0.120,-55.356,-58.157,-0.899,525024959.000
-1.116,2.845,0.125,-55.227,-58.105,-0.897,525025059.000
-1.114,2.836,0.128,-55.183,-58.011,-0.886,525025159.000
-1.115,2.835,0.123,-55.072,-57.930,-0.884,525025258.000
-1.119,2.830,0.118,-54.979,-57.799,-0.901,525025358.000
-1.117,2.828,0.118,-54.862,-57.737,-0.890,525025458.000
-1.111,2.822,0.118,-54.774,-57.653,-0.869,525025559.000
-1.111,2.814,0.121,-54.696,-57.595,-0.895,525025659.000
-1.114,2.810,0.116,-54.622,-57.477,-0.866,525025758.000
-1.110,2.812,0.121,-54.482,-57.412,-0.855,525025858.000
-1.110,2.804,0.116,-54.417,-57.330,-0.853,525025958.000
-1.106,2.799,0.121,-54.337,-57.290,-0.842,525026058.000
-1.106,2.794,0.116,-54.243,-57.184,-0.858,525026158.000
-1.106,2.791,0.112,-54.161,-57.127,-0.839,525026259.000
-1.100,2.792,0.117,-54.015,-57.050,-0.845,525026358.000
-1.105,2.787,0.112,-53.948,-56.968,-0.835,525026458.000
-1.098,2.778,0.119,-53.905,-56.931,-0.851,525026558.000
-1.101,2.779,0.117,-53.801,-56.829,-0.832,525026658.000
-1.101,2.776,0.117,-53.705,-56.731,-0.812,525026759.000
-1.097,2.768,0.112,-53.653,-56.700,-0.810,525026858.000
-1.097,2.766,0.117,-53.545,-56.657,-0.818,525026958.000
-1.095,2.762,0.115,-53.470,-56.581,-0.788,525027059.000
-1.093,2.757,0.117,-53.396,-56.487,-0.814,525027158.000
-1.091,2.753,0.120,-53.350,-56.442,-0.813,525027258.000
-1.092,2.753,0.118,-53.253,-56.353,-0.811,525027359.000
-1.090,2.744,0.105,-53.181,-56.309,-0.800,525027459.000
-1.090,2.747,0.110,-53.069,-56.267,-0.790,525027558.000
-1.088,2.740,0.110,-53.010,-56.158,-0.770,525027659.000
-1.086,2.736,0.118,-52.964,-56.096,-0.768,525027758.000
-1.082,2.728,0.110,-52.912,-56.049,-0.766,525027858.000
-1.089,2.729,0.113,-52.808,-55.953,-0.747,525027959.000
-1.084,2.732,0.111,-52.710,-55.913,-0.764,525028058.000
-1.078,2.725,0.113,-52.637,-55.869,-0.771,525028159.000
-1.080,2.721,0.116,-52.577,-55.823,-0.743,525028259.000
-1.079,2.712,0.111,-52.574,-55.755,-0.732,525028358.000
-1.081,2.713,0.111,-52.429,-55.644,-0.767,525028459.000
-1.077,2.710,0.114,-52.375,-55.612,-0.747,525028558.000
-1.081,2.705,0.111,-52.336,-55.546,-0.738,525028659.000
-1.082,2.705,0.114,-52.253,-55.464,-0.736,525028758.000
-1.077,2.702,0.109,-52.171,-55.432,-0.744,525028858.000
-1.075,2.696,0.106,-52.126,-55.380,-0.724,525028958.000
-1.076,2.696,0.114,-52.016,-55.329,-0.723,525029058.000
-1.071,2.693,0.107,-51.947,-55.258,-0.730,525029158.000
-1.071,2.688,0.104,-51.922,-55.241,-0.720,525029258.000
-1.070,2.684,0.107,-51.876,-55.148,-0.718,525029358.000
-1.070,2.681,0.109,-51.780,-55.115,-0.699,525029459.000
-1.070,2.676,0.109,-51.742,-55.041,-0.716,525029559.000
-1.068,2.680,0.109,-51.649,-54.981,-0.687,525029659.000
-1.066,2.678,0.110,-51.560,-54.919,-0.704,525029758.000
-1.066,2.665,0.110,-51.553,-54.870,-0.693,525029858.000
-1.064,2.666,0.100,-51.476,-54.843,-0.729,525029959.000
-1.067,2.665,0.110,-51.388,-54.772,-0.691,525030058.000
-1.062,2.665,0.107,-51.304,-54.732,-0.690,525030159.000
-1.060,2.661,0.102,-51.271,-54.664,-0.661,525030258.000
-1.063,2.659,0.102,-51.196,-54.602,-0.678,525030359.000
-1.061,2.653,0.100,-51.192,-54.574,-0.687,525030458.000
-1.061,2.650,0.103,-51.111,-54.516,-0.667,525030558.000
-1.059,2.649,0.105,-51.036,-54.447,-0.684,525030658.000
-1.055,2.643,0.103,-50.996,-54.432,-0.673,525030759.000
-1.055,2.641,0.105,-50.956,-54.399,-0.682,525030858.000
-1.057,2.642,0.108,-50.880,-54.328,-0.662,525030958.000
-1.055,2.641,0.103,-50.804,-54.260,-0.652,525031058.000
-1.055,2.635,0.103,-50.752,-54.211,-0.669,525031158.000
-1.060,2.635,0.103,-50.697,-54.136,-0.669,525031258.000
-1.054,2.629,0.103,-50.651,-54.125,-0.648,525031358.000
-1.052,2.622,0.101,-50.647,-54.049,-0.656,525031458.000
-1.054,2.623,0.101,-50.543,-54.011,-0.637,525031558.000
-1.050,2.618,0.098,-50.517,-53.971,-0.626,525031658.000
-1.045,2.621,0.098,-50.419,-53.948,-0.643,525031758.000
-1.048,2.614,0.103,-50.403,-53.869,-0.652,525031858.000
-1.052,2.614,0.106,-50.334,-53.786,-0.651,525031958.000
-1.046,2.615,0.099,-50.270,-53.776,-0.631,525032059.000
-1.046,2.610,0.096,-50.231,-53.735,-0.621,525032159.000
-1.051,2.607,0.096,-50.150,-53.636,-0.657,525032259.000
-1.042,2.605,0.104,-50.123,-53.662,-0.610,525032358.000
-1.047,2.604,0.101,-50.041,-53.571,-0.609,525032458.000
-1.045,2.603,0.096,-49.979,-53.527,-0.626,525032559.000
-1.043,2.594,0.101,-49.991,-53.498,-0.643,525032659.000
-1.043,2.596,0.106,-49.893,-53.433,-0.605,525032758.000
-1.043,2.594,0.099,-49.866,-53.409,-0.586,525032858.000
-1.041,2.590,0.101,-49.833,-53.340,-0.585,525032959.000
-1.041,2.590,0.099,-49.737,-53.299,-0.612,525033059.000
-1.037,2.584,0.099,-49.697,-53.299,-0.601,525033159.000
-1.041,2.587,0.097,-49.655,-53.209,-0.592,525033258.000
-1.039,2.578,0.097,-49.625,-53.173,-0.581,525033358.000
-1.039,2.580,0.097,-49.527,-53.123,-0.598,525033458.000
-1.035,2.575,0.099,-49.488,-53.091,-0.588,525033558.000
-1.031,2.575,0.097,-49.473,-53.076,-0.587,525033658.000
-1.033,2.574,0.102,-49.412,-53.022,-0.577,525033758.000
-1.033,2.571,0.102,-49.318,-52.972,-0.612,525033858.000
-1.034,2.568,0.092,-49.277,-52.908,-0.593,525033958.000
-1.030,2.566,0.102,-49.250,-52.876,-0.573,525034059.000
-1.032,2.561,0.095,-49.232,-52.839,-0.601,525034158.000
-1.030,2.563,0.100,-49.155,-52.762,-0.581,525034258.000
-1.028,2.561,0.097,-49.093,-52.782,-0.571,525034358.000
-1.030,2.557,0.100,-49.088,-52.688,-0.570,525034459.000
-1.028,2.553,0.095,-49.028,-52.668,-0.569,525034558.000
-1.030,2.555,0.095,-48.951,-52.631,-0.550,525034658.000
-1.028,2.553,0.095,-48.890,-52.570,-0.567,525034758.000
-1.028,2.548,0.100,-48.907,-52.529,-0.585,525034858.000
-1.031,2.547,0.100,-48.845,-52.491,-0.548,525034958.000
-1.027,2.544,0.098,-48.791,-52.427,-0.555,525035059.000
-1.027,2.539,0.100,-48.794,-52.443,-0.546,525035158.000
-1.025,2.537,0.093,-48.731,-52.383,-0.535,525035259.000
-1.025,2.540,0.091,-48.633,-52.318,-0.552,525035358.000
-1.023,2.536,0.098,-48.615,-52.305,-0.524,525035458.000
-1.023,2.533,0.098,-48.575,-52.256,-0.560,525035558.000
-1.023,2.531,0.098,-48.521,-52.231,-0.541,525035659.000
-1.019,2.530,0.093,-48.479,-52.200,-0.567,525035759.000
-1.021,2.529,0.093,-48.404,-52.138,-0.557,525035859.000
-1.021,2.521,0.088,-48.421,-52.106,-0.529,525035960.000
-1.017,2.524,0.098,-48.365,-52.074,-0.546,525036059.000
-1.019,2.517,0.098,-48.306,-52.036,-0.527,525036159.000
-1.017,2.521,0.096,-48.283,-52.033,-0.527,525036260.000
-1.015,2.517,0.089,-48.236,-51.973,-0.525,525036360.000
-1.020,2.517,0.089,-48.181,-51.898,-0.525,525036460.000
-1.018,2.513,0.096,-48.163,-51.837,-0.524,525036559.000
-1.016,2.512,0.094,-48.087,-51.833,-0.513,525036660.000
-1.011,2.509,0.094,-48.060,-51.834,-0.494,525036759.000
-1.011,2.507,0.091,-48.034,-51.793,-0.502,525036860.000
-1.014,2.510,0.091,-47.956,-51.732,-0.502,525036960.000
-1.014,2.505,0.101,-47.918,-51.673,-0.492,525037060.000
-1.012,2.506,0.094,-47.855,-51.686,-0.528,525037159.000
-1.012,2.501,0.091,-47.844,-51.646,-0.518,525037260.000
-1.014,2.500,0.086,-47.809,-51.577,-0.480,525037360.000
-1.010,2.492,0.084,-47.813,-51.561,-0.507,525037460.000
-1.010,2.497,0.094,-47.714,-51.503,-0.487,525037560.000
-1.010,2.492,0.097,-47.690,-51.470,-0.505,525037660.000
-1.006,2.494,0.094,-47.632,-51.455,-0.495,525037760.000
-1.008,2.482,0.092,-47.673,-51.426,-0.522,525037859.000
-1.008,2.488,0.094,-47.588,-51.393,-0.503,525037958.000
-1.006,2.484,0.084,-47.554,-51.341,-0.502,525038058.000
-1.006,2.481,0.097,-47.542,-51.324,-0.483,525038159.000
-1.004,2.485,0.099,-47.437,-51.303,-0.482,525038259.000
-1.007,2.483,0.089,-47.444,-51.227,-0.473,525038358.000
-1.005,2.474,0.087,-47.441,-51.223,-0.490,525038458.000
-1.003,2.478,0.090,-47.377,-51.178,-0.489,525038558.000
-1.000,2.474,0.087,-47.344,-51.175,-0.488,525038659.000
-1.003,2.473,0.092,-47.297,-51.097,-0.451,525038760.000
-1.003,2.470,0.090,-47.257,-51.080,-0.459,525038858.000
-0.999,2.470,0.090,-47.229,-51.057,-0.486,525038958.000
-0.999,2.468,0.092,-47.216,-51.072,-0.467,525039058.000
-0.999,2.470,0.092,-47.132,-50.999,-0.457,525039158.000
-0.997,2.469,0.090,-47.098,-50.971,-0.475,525039258.000
-0.997,2.461,0.090,-47.102,-50.946,-0.474,525039358.000
-1.003,2.465,0.090,-47.025,-50.859,-0.446,525039458.000
-0.995,2.462,0.090,-46.984,-50.861,-0.454,525039558.000
-0.997,2.455,0.090,-46.994,-50.800,-0.462,525039658.000
-0.995,2.457,0.090,-46.945,-50.836,-0.471,525039758.000
-0.995,2.457,0.093,-46.932,-50.779,-0.471,525039858.000
-0.997,2.455,0.085,-46.925,-50.743,-0.461,525039958.000
-0.995,2.454,0.088,-46.891,-50.698,-0.451,525040058.000
-0.993,2.453,0.088,-46.829,-50.686,-0.469,525040158.000
-0.998,2.453,0.085,-46.788,-50.620,-0.441,525040259.000
-0.996,2.454,0.093,-46.739,-50.608,-0.449,525040358.000
-0.996,2.449,0.088,-46.742,-50.575,-0.439,525040459.000
-0.992,2.443,0.083,-46.716,-50.568,-0.457,525040558.000
-0.992,2.441,0.083,-46.690,-50.544,-0.465,525040659.000
-0.992,2.441,0.083,-46.662,-50.495,-0.437,525040759.000
-0.988,2.438,0.085,-46.608,-50.463,-0.445,525040858.000
-0.990,2.442,0.083,-46.571,-50.410,-0.445,525040959.000
-0.990,2.439,0.088,-46.532,-50.393,-0.453,525041059.000
-0.988,2.433,0.093,-46.528,-50.364,-0.434,525041158.000
-0.988,2.435,0.083,-46.458,-50.348,-0.479,525041258.000
-0.992,2.438,0.088,-46.415,-50.306,-0.415,525041358.000
-0.990,2.431,0.086,-46.411,-50.278,-0.423,525041458.000
-0.988,2.432,0.083,-46.362,-50.251,-0.432,525041558.000
-0.986,2.426,0.083,-46.344,-50.214,-0.440,525041658.000
-0.984,2.425,0.086,-46.352,-50.194,-0.430,525041758.000
-0.989,2.424,0.083,-46.297,-50.152,-0.430,525041859.000
-0.991,2.423,0.083,-46.277,-50.091,-0.448,525041959.000
-0.989,2.419,0.083,-46.244,-50.103,-0.420,525042058.000
-0.984,2.422,0.088,-46.188,-50.087,-0.437,525042158.000
-0.980,2.422,0.086,-46.173,-50.073,-0.408,525042259.000
-0.985,2.416,0.081,-46.148,-50.015,-0.427,525042358.000
-0.983,2.420,0.084,-46.112,-49.970,-0.426,525042458.000
-0.983,2.418,0.089,-46.045,-49.953,-0.434,525042558.000
-0.981,2.414,0.089,-46.026,-49.941,-0.433,525042658.000
-0.983,2.412,0.086,-46.019,-49.888,-0.396,525042758.000
-0.979,2.407,0.086,-45.994,-49.865,-0.413,525042858.000
-0.979,2.412,0.086,-45.936,-49.816,-0.422,525042958.000
-0.979,2.410,0.086,-45.910,-49.840,-0.403,525043058.000
-0.979,2.404,0.081,-45.912,-49.808,-0.394,525043158.000
-0.977,2.406,0.086,-45.863,-49.779,-0.402,525043258.000
-0.979,2.404,0.084,-45.857,-49.726,-0.420,525043359.000
-0.979,2.402,0.079,-45.831,-49.718,-0.429,525043458.000
-0.975,2.404,0.082,-45.774,-49.686,-0.419,525043559.000
-0.973,2.400,0.079,-45.741,-49.682,-0.418,525043658.000
-0.977,2.400,0.086,-45.686,-49.607,-0.390,525043758.000
-0.975,2.401,0.087,-45.665,-49.595,-0.426,525043858.000
-0.975,2.396,0.084,-45.640,-49.579,-0.416,525043958.000
-0.975,2.394,0.079,-45.641,-49.523,-0.397,525044059.000
-0.971,2.391,0.087,-45.615,-49.523,-0.405,525044158.000
-0.976,2.391,0.084,-45.573,-49.457,-0.378,525044258.000
-0.974,2.390,0.087,-45.581,-49.437,-0.395,525044358.000
-0.976,2.388,0.079,-45.519,-49.400,-0.413,525044458.000
-0.969,2.387,0.079,-45.485,-49.462,-0.403,525044558.000
-0.972,2.386,0.079,-45.464,-49.401,-0.366,525044658.000
-0.972,2.385,0.082,-45.410,-49.368,-0.393,525044758.000
-0.974,2.381,0.082,-45.419,-49.331,-0.393,525044858.000
-0.965,2.382,0.082,-45.390,-49.333,-0.391,525044958.000
-0.970,2.376,0.079,-45.366,-49.291,-0.382,525045058.000
-0.968,2.380,0.082,-45.329,-49.247,-0.381,525045158.000
-0.968,2.375,0.087,-45.318,-49.205,-0.371,525045258.000
-0.970,2.373,0.082,-45.298,-49.209,-0.390,525045358.000
-0.968,2.375,0.082,-45.249,-49.197,-0.371,525045458.000
-0.968,2.375,0.085,-45.208,-49.140,-0.398,525045558.000
-0.966,2.373,0.085,-45.187,-49.104,-0.387,525045659.000
-0.964,2.372,0.080,-45.180,-49.109,-0.378,525045758.000
-0.968,2.367,0.080,-45.156,-49.083,-0.396,525045858.000
-0.964,2.369,0.077,-45.099,-49.068,-0.386,525045958.000
-0.964,2.367,0.080,-45.087,-49.035,-0.395,525046058.000
-0.969,2.361,0.082,-45.076,-48.952,-0.385,525046158.000
-0.960,2.361,0.082,-45.048,-49.003,-0.384,525046258.000
-0.964,2.361,0.077,-45.006,-48.969,-0.384,525046358.000
-0.967,2.363,0.080,-44.986,-48.900,-0.393,525046459.000
-0.962,2.360,0.080,-44.959,-48.900,-0.373,525046559.000
-0.965,2.356,0.080,-44.926,-48.887,-0.373,525046659.000
-0.962,2.360,0.078,-44.862,-48.859,-0.372,525046759.000
-0.965,2.356,0.080,-44.871,-48.838,-0.372,525046858.000
-0.961,2.351,0.080,-44.873,-48.815,-0.362,525046959.000
-0.958,2.355,0.078,-44.809,-48.787,-0.361,525047058.000
-0.965,2.356,0.078,-44.788,-48.724,-0.371,525047159.000
-0.963,2.349,0.078,-44.757,-48.712,-0.379,525047258.000
-0.961,2.348,0.075,-44.764,-48.709,-0.369,525047359.000
-0.961,2.345,0.080,-44.724,-48.643,-0.378,525047458.000
-0.961,2.345,0.083,-44.683,-48.635,-0.377,525047559.000
-0.959,2.349,0.075,-44.660,-48.648,-0.377,525047658.000
-0.961,2.348,0.080,-44.626,-48.594,-0.367,525047759.000
-0.959,2.341,0.073,-44.622,-48.583,-0.348,525047859.000
-0.957,2.345,0.078,-44.599,-48.531,-0.347,525047958.000
-0.959,2.346,0.083,-44.537,-48.501,-0.329,525048058.000
-0.953,2.340,0.073,-44.532,-48.499,-0.364,525048159.000
-0.953,2.342,0.076,-44.462,-48.514,-0.355,525048259.000
-0.955,2.338,0.081,-44.471,-48.461,-0.354,525048358.000
-0.955,2.336,0.078,-44.473,-48.469,-0.363,525048458.000
-0.953,2.335,0.071,-44.452,-48.433,-0.353,525048559.000
-0.955,2.333,0.078,-44.419,-48.395,-0.372,525048658.000
-0.953,2.334,0.078,-44.383,-48.359,-0.352,525048758.000
-0.953,2.332,0.073,-44.371,-48.327,-0.361,525048858.000
-0.953,2.332,0.081,-44.288,-48.326,-0.333,525048959.000
-0.949,2.332,0.083,-44.260,-48.270,-0.359,525049059.000
-0.954,2.326,0.076,-44.291,-48.245,-0.350,525049159.000
-0.947,2.325,0.078,-44.270,-48.250,-0.367,525049259.000
-0.952,2.325,0.073,-44.228,-48.217,-0.340,525049358.000
-0.952,2.322,0.078,-44.203,-48.176,-0.348,525049459.000
-0.952,2.325,0.071,-44.173,-48.152,-0.339,525049558.000
-0.952,2.322,0.071,-44.175,-48.128,-0.348,525049658.000
-0.948,2.320,0.071,-44.148,-48.128,-0.356,525049758.000
-0.948,2.317,0.076,-44.108,-48.111,-0.365,525049858.000
-0.948,2.317,0.076,-44.108,-48.063,-0.337,525049958.000
-0.943,2.320,0.074,-44.037,-48.072,-0.354,525050058.000
-0.944,2.314,0.076,-44.026,-48.063,-0.344,525050158.000
-0.946,2.308,0.076,-44.051,-48.026,-0.353,525050258.000
-0.941,2.310,0.069,-43.993,-48.027,-0.343,525050358.000
-0.946,2.313,0.076,-43.965,-47.977,-0.334,525050458.000
-0.942,2.308,0.069,-43.953,-47.930,-0.351,525050559.000
-0.944,2.312,0.074,-43.889,-47.924,-0.324,525050659.000
-0.948,2.311,0.076,-43.876,-47.891,-0.324,525050758.000
-0.946,2.310,0.081,-43.828,-47.838,-0.313,525050859.000
-0.944,2.309,0.076,-43.808,-47.818,-0.359,525050958.000
-0.946,2.302,0.079,-43.832,-47.797,-0.313,525051059.000
-0.942,2.302,0.071,-43.790,-47.799,-0.312,525051158.000
-0.942,2.305,0.077,-43.734,-47.757,-0.329,525051258.000
-0.942,2.302,0.069,-43.735,-47.734,-0.338,525051359.000
-0.942,2.300,0.074,-43.709,-47.692,-0.319,525051459.000
-0.942,2.302,0.072,-43.638,-47.676,-0.310,525051558.000
-0.940,2.303,0.077,-43.603,-47.672,-0.318,525051658.000
-0.940,2.295,0.074,-43.634,-47.631,-0.318,525051759.000
-0.941,2.295,0.074,-43.593,-47.607,-0.317,525051859.000
-0.938,2.294,0.074,-43.573,-47.619,-0.335,525051958.000
-0.941,2.293,0.077,-43.553,-47.574,-0.326,525052058.000
-0.943,2.294,0.077,-43.532,-47.537,-0.307,525052159.000
-0.941,2.295,0.074,-43.455,-47.508,-0.315,525052258.000
-0.939,2.291,0.072,-43.477,-47.505,-0.315,525052359.000
-0.939,2.294,0.069,-43.407,-47.489,-0.305,525052459.000
-0.939,2.289,0.069,-43.410,-47.440,-0.323,525052559.000
-0.939,2.286,0.069,-43.425,-47.440,-0.332,525052658.000
-0.937,2.290,0.072,-43.346,-47.420,-0.303,525052758.000
-0.939,2.286,0.072,-43.342,-47.407,-0.303,525052858.000
-0.937,2.285,0.072,-43.308,-47.395,-0.321,525052959.000
-0.937,2.285,0.075,-43.281,-47.362,-0.321,525053059.000
-0.937,2.285,0.072,-43.266,-47.322,-0.293,525053159.000
-0.937,2.277,0.077,-43.284,-47.305,-0.292,525053260.000
-0.935,2.278,0.077,-43.249,-47.269,-0.300,525053360.000
-0.931,2.278,0.072,-43.207,-47.286,-0.300,525053459.000
-0.935,2.273,0.067,-43.210,-47.229,-0.318,525053560.000
-0.935,2.280,0.067,-43.109,-47.228,-0.290,525053659.000
-0.933,2.276,0.072,-43.132,-47.224,-0.317,525053759.000
-0.933,2.274,0.072,-43.119,-47.175,-0.298,525053859.000
-0.933,2.274,0.065,-43.119,-47.176,-0.298,525053959.000
-0.933,2.271,0.075,-43.065,-47.118,-0.279,525054059.000
-0.931,2.270,0.070,-43.031,-47.123,-0.297,525054160.000
-0.931,2.270,0.072,-43.003,-47.090,-0.268,525054260.000
-0.934,2.266,0.072,-43.013,-47.053,-0.296,525054359.000
-0.932,2.267,0.075,-42.964,-47.057,-0.277,525054459.000
-0.929,2.266,0.070,-42.971,-47.038,-0.267,525054559.000
-0.932,2.267,0.070,-42.936,-47.025,-0.304,525054659.000
-0.927,2.262,0.075,-42.911,-47.033,-0.294,525054760.000
-0.925,2.266,0.070,-42.888,-47.014,-0.321,525054860.000
-0.930,2.261,0.068,-42.877,-46.948,-0.284,525054959.000
-0.925,2.263,0.073,-42.847,-46.932,-0.274,525055059.000
-0.926,2.258,0.078,-42.850,-46.915,-0.264,525055160.000
-0.928,2.257,0.068,-42.830,-46.887,-0.282,525055260.000
-0.930,2.260,0.070,-42.780,-46.841,-0.282,525055360.000
-0.930,2.253,0.070,-42.798,-46.841,-0.282,525055460.000
-0.924,2.251,0.070,-42.764,-46.855,-0.299,525055560.000
-0.928,2.251,0.070,-42.736,-46.781,-0.271,525055660.000
-0.924,2.249,0.070,-42.737,-46.782,-0.252,525055759.000
-0.924,2.249,0.068,-42.724,-46.790,-0.307,525055860.000
-0.924,2.254,0.075,-42.638,-46.740,-0.288,525055959.000
-0.920,2.248,0.068,-42.626,-46.742,-0.278,525056059.000
-0.926,2.252,0.073,-42.577,-46.686,-0.278,525056159.000
-0.924,2.246,0.073,-42.614,-46.699,-0.259,525056260.000
-0.924,2.248,0.073,-42.558,-46.675,-0.277,525056359.000
-0.924,2.246,0.068,-42.545,-46.642,-0.286,525056460.000
-0.922,2.244,0.073,-42.512,-46.614,-0.276,525056560.000
-0.920,2.238,0.068,-42.562,-46.619,-0.257,525056660.000
-0.924,2.243,0.070,-42.491,-46.585,-0.267,525056760.000
-0.924,2.240,0.068,-42.479,-46.569,-0.276,525056859.000
-0.925,2.240,0.073,-42.452,-46.552,-0.275,525056960.000
-0.918,2.242,0.068,-42.388,-46.558,-0.283,525057059.000
-0.920,2.240,0.071,-42.382,-46.537,-0.246,525057160.000
-0.923,2.236,0.073,-42.377,-46.491,-0.246,525057259.000
-0.918,2.239,0.071,-42.348,-46.476,-0.263,525057360.000
-0.918,2.234,0.073,-42.351,-46.443,-0.254,525057459.000
-0.925,2.235,0.063,-42.329,-46.414,-0.264,525057559.000
-0.923,2.236,0.066,-42.294,-46.394,-0.244,525057660.000
-0.916,2.235,0.068,-42.260,-46.423,-0.262,525057760.000
-0.919,2.236,0.073,-42.225,-46.394,-0.271,525057860.000
-0.917,2.230,0.066,-42.234,-46.358,-0.252,525057960.000
-0.916,2.227,0.063,-42.263,-46.367,-0.261,525058059.000
-0.917,2.230,0.058,-42.192,-46.334,-0.251,525058160.000
-0.919,2.226,0.068,-42.189,-46.288,-0.251,525058259.000
-0.919,2.226,0.066,-42.188,-46.272,-0.251,525058360.000
-0.919,2.228,0.076,-42.146,-46.239,-0.241,525058459.000
-0.915,2.228,0.076,-42.091,-46.264,-0.268,525058559.000
-0.915,2.226,0.066,-42.078,-46.248,-0.249,525058659.000
-0.915,2.220,0.068,-42.108,-46.216,-0.239,525058759.000
-0.915,2.220,0.064,-42.066,-46.208,-0.239,525058859.000
-0.915,2.223,0.071,-42.024,-46.158,-0.257,525058960.000
-0.915,2.220,0.064,-42.011,-46.159,-0.238,525059060.000
-0.917,2.221,0.061,-41.976,-46.130,-0.275,525059160.000
-0.915,2.217,0.066,-41.957,-46.101,-0.246,525059260.000
-0.915,2.217,0.076,-41.944,-46.092,-0.246,525059360.000
-0.911,2.215,0.069,-41.958,-46.070,-0.254,525059460.000
-0.913,2.216,0.066,-41.909,-46.065,-0.236,525059559.000
-0.913,2.216,0.064,-41.868,-46.024,-0.263,525059660.000
-0.911,2.215,0.069,-41.862,-46.044,-0.226,525059760.000
-0.911,2.212,0.064,-41.849,-46.012,-0.262,525059859.000
-0.913,2.211,0.074,-41.830,-45.966,-0.225,525059960.000
-0.911,2.210,0.064,-41.823,-45.988,-0.243,525060059.000
-0.911,2.212,0.064,-41.766,-45.963,-0.261,525060160.000
-0.911,2.209,0.066,-41.754,-45.930,-0.242,525060260.000
-0.914,2.208,0.066,-41.748,-45.893,-0.233,525060360.000
-0.909,2.208,0.064,-41.719,-45.902,-0.232,525060459.000
-0.907,2.207,0.071,-41.713,-45.890,-0.222,525060559.000
-0.912,2.209,0.064,-41.671,-45.865,-0.241,525060660.000
-0.909,2.203,0.064,-41.667,-45.853,-0.249,525060759.000
-0.912,2.201,0.071,-41.620,-45.791,-0.212,525060860.000
-0.910,2.200,0.064,-41.641,-45.780,-0.258,525060960.000
-0.908,2.199,0.064,-41.620,-45.792,-0.220,525061059.000
-0.906,2.200,0.069,-41.572,-45.764,-0.229,525061160.000
-0.905,2.200,0.062,-41.571,-45.765,-0.229,525061259.000
-0.908,2.199,0.064,-41.524,-45.719,-0.247,525061359.000
-0.908,2.199,0.064,-41.496,-45.670,-0.246,525061459.000
-0.906,2.195,0.064,-41.519,-45.683,-0.218,525061559.000
-0.906,2.195,0.069,-41.492,-45.666,-0.245,525061659.000
-0.904,2.196,0.072,-41.470,-45.670,-0.199,525061760.000
-0.906,2.197,0.064,-41.421,-45.633,-0.236,525061860.000
-0.908,2.191,0.067,-41.418,-45.612,-0.217,525061959.000
-0.906,2.195,0.067,-41.395,-45.625,-0.217,525062059.000
-0.904,2.191,0.067,-41.389,-45.589,-0.216,525062159.000
-0.904,2.185,0.064,-41.392,-45.573,-0.206,525062259.000
-0.904,2.185,0.067,-41.351,-45.564,-0.206,525062359.000
-0.900,2.185,0.067,-41.364,-45.565,-0.233,525062459.000
-0.906,2.189,0.069,-41.273,-45.518,-0.205,525062559.000
-0.902,2.184,0.062,-41.303,-45.496,-0.223,525062659.000
-0.902,2.181,0.057,-41.317,-45.464,-0.232,525062759.000
-0.902,2.181,0.069,-41.249,-45.470,-0.204,525062860.000
-0.900,2.180,0.064,-41.270,-45.427,-0.194,525062959.000
-0.900,2.183,0.062,-41.227,-45.411,-0.212,525063060.000
-0.902,2.186,0.065,-41.164,-45.389,-0.239,525063160.000
-0.902,2.181,0.065,-41.165,-45.389,-0.175,525063260.000
-0.896,2.177,0.065,-41.160,-45.378,-0.201,525063360.000
-0.900,2.177,0.060,-41.160,-45.369,-0.202,525063459.000
-0.900,2.180,0.067,-41.104,-45.344,-0.192,525063560.000
-0.900,2.175,0.062,-41.134,-45.312,-0.182,525063660.000
-0.900,2.177,0.060,-41.064,-45.296,-0.200,525063758.000
-0.894,2.173,0.067,-41.086,-45.333,-0.200,525063859.000
-0.901,2.175,0.062,-41.079,-45.263,-0.209,525063958.000
-0.901,2.174,0.065,-41.024,-45.230,-0.208,525064059.000
-0.898,2.173,0.062,-41.017,-45.251,-0.171,525064159.000
-0.899,2.176,0.065,-40.961,-45.242,-0.189,525064259.000
-0.899,2.173,0.065,-40.949,-45.242,-0.198,525064358.000
-0.897,2.169,0.067,-40.971,-45.174,-0.170,525064458.000
-0.897,2.169,0.062,-40.929,-45.166,-0.197,525064559.000
-0.897,2.172,0.065,-40.915,-45.133,-0.215,525064659.000
-0.894,2.170,0.060,-40.921,-45.162,-0.206,525064758.000
-0.899,2.165,0.060,-40.897,-45.137,-0.197,525064859.000
-0.897,2.169,0.070,-40.861,-45.092,-0.168,525064958.000
-0.895,2.165,0.063,-40.869,-45.081,-0.195,525065058.000
-0.895,2.165,0.063,-40.828,-45.056,-0.195,525065159.000
-0.897,2.164,0.072,-40.809,-45.058,-0.186,525065258.000
-0.897,2.164,0.058,-40.808,-45.011,-0.213,525065359.000
-0.895,2.160,0.058,-40.802,-45.024,-0.185,525065459.000
-0.897,2.161,0.058,-40.754,-44.986,-0.194,525065558.000
-0.895,2.162,0.065,-40.719,-44.998,-0.175,525065659.000
-0.891,2.162,0.063,-40.718,-45.007,-0.202,525065759.000
-0.893,2.158,0.065,-40.741,-44.962,-0.202,525065858.000
-0.893,2.156,0.063,-40.742,-44.922,-0.183,525065958.000
-0.891,2.157,0.060,-40.679,-44.918,-0.191,525066058.000
-0.891,2.157,0.065,-40.652,-44.901,-0.191,525066159.000
-0.895,2.154,0.063,-40.668,-44.860,-0.201,525066259.000
-0.893,2.156,0.060,-40.632,-44.856,-0.182,525066358.000
-0.893,2.153,0.063,-40.661,-44.848,-0.163,525066458.000
-0.895,2.152,0.060,-40.586,-44.819,-0.209,525066558.000
-0.889,2.150,0.063,-40.620,-44.825,-0.171,525066659.000
-0.891,2.149,0.070,-40.574,-44.811,-0.189,525066758.000
-0.885,2.148,0.058,-40.580,-44.818,-0.207,525066858.000
-0.889,2.148,0.055,-40.552,-44.776,-0.179,525066958.000
-0.887,2.146,0.063,-40.533,-44.788,-0.197,525067058.000
-0.891,2.149,0.058,-40.476,-44.754,-0.188,525067159.000
-0.889,2.150,0.058,-40.496,-44.719,-0.197,525067258.000
-0.887,2.149,0.061,-40.462,-44.723,-0.187,525067358.000
-0.887,2.146,0.061,-40.463,-44.698,-0.196,525067458.000
-0.887,2.146,0.063,-40.436,-44.666,-0.168,525067559.000
-0.885,2.145,0.063,-40.415,-44.678,-0.158,525067658.000
-0.887,2.146,0.071,-40.381,-44.664,-0.167,525067758.000
-0.883,2.141,0.061,-40.410,-44.675,-0.185,525067858.000
-0.890,2.147,0.070,-40.346,-44.603,-0.148,525067958.000
-0.885,2.142,0.066,-40.375,-44.597,-0.166,525068058.000
-0.888,2.141,0.061,-40.328,-44.600,-0.185,525068158.000
-0.883,2.141,0.058,-40.313,-44.585,-0.184,525068258.000
-0.883,2.143,0.061,-40.298,-44.553,-0.174,525068358.000
-0.886,2.137,0.058,-40.309,-44.524,-0.183,525068458.000
-0.886,2.139,0.056,-40.293,-44.508,-0.174,525068559.000
-0.884,2.138,0.063,-40.246,-44.519,-0.192,525068659.000
-0.886,2.134,0.056,-40.255,-44.483,-0.192,525068759.000
-0.879,2.133,0.068,-40.235,-44.503,-0.181,525068858.000
-0.884,2.135,0.056,-40.178,-44.470,-0.200,525068959.000
-0.884,2.135,0.066,-40.179,-44.437,-0.172,525069059.000
-0.882,2.131,0.058,-40.201,-44.451,-0.199,525069159.000
-0.886,2.134,0.063,-40.145,-44.384,-0.162,525069258.000
-0.886,2.131,0.058,-40.146,-44.376,-0.171,525069358.000
-0.884,2.128,0.058,-40.168,-44.389,-0.171,525069459.000
-0.884,2.128,0.058,-40.127,-44.364,-0.170,525069558.000
-0.880,2.130,0.056,-40.070,-44.349,-0.188,525069659.000
-0.884,2.125,0.059,-40.073,-44.339,-0.179,525069759.000
-0.882,2.129,0.056,-40.050,-44.336,-0.151,525069859.000
-0.882,2.129,0.061,-40.036,-44.295,-0.150,525069959.000
-0.882,2.123,0.064,-40.026,-44.286,-0.168,525070059.000
-0.880,2.125,0.051,-40.017,-44.268,-0.177,525070158.000
-0.882,2.126,0.054,-40.037,-44.271,-0.187,525070259.000
-0.878,2.123,0.069,-39.970,-44.246,-0.167,525070359.000
-0.880,2.120,0.059,-39.979,-44.242,-0.167,525070458.000
-0.878,2.123,0.061,-39.928,-44.222,-0.167,525070559.000
-0.878,2.123,0.069,-39.915,-44.197,-0.166,525070659.000
-0.878,2.123,0.059,-39.900,-44.158,-0.166,525070759.000
-0.876,2.122,0.061,-39.866,-44.162,-0.156,525070859.000
-0.878,2.118,0.064,-39.890,-44.165,-0.156,525070960.000
-0.876,2.117,0.054,-39.869,-44.162,-0.174,525071059.000
-0.872,2.117,0.064,-39.869,-44.154,-0.146,525071159.000
-0.874,2.113,0.054,-39.864,-44.126,-0.173,525071260.000
-0.881,2.114,0.059,-39.857,-44.071,-0.183,525071360.000
-0.876,2.111,0.056,-39.816,-44.080,-0.164,525071460.000
-0.874,2.115,0.064,-39.793,-44.044,-0.135,525071559.000
-0.881,2.114,0.059,-39.774,-44.022,-0.154,525071659.000
-0.879,2.113,0.056,-39.754,-44.019,-0.145,525071759.000
-0.879,2.115,0.059,-39.711,-43.986,-0.162,525071860.000
-0.879,2.110,0.061,-39.728,-43.977,-0.153,525071960.000
-0.877,2.114,0.059,-39.677,-43.974,-0.152,525072060.000
-0.875,2.105,0.059,-39.716,-43.962,-0.170,525072160.000
-0.875,2.105,0.052,-39.716,-43.914,-0.170,525072259.000
-0.872,2.109,0.062,-39.665,-43.942,-0.142,525072359.000
-0.873,2.103,0.057,-39.682,-43.934,-0.160,525072460.000
-0.875,2.105,0.059,-39.647,-43.889,-0.142,525072559.000
-0.873,2.103,0.059,-39.627,-43.901,-0.159,525072660.000
-0.870,2.107,0.064,-39.577,-43.897,-0.159,525072760.000
-0.873,2.106,0.062,-39.584,-43.868,-0.150,525072860.000
-0.873,2.103,0.059,-39.544,-43.852,-0.131,525072960.000
-0.871,2.102,0.059,-39.509,-43.840,-0.121,525073060.000
-0.871,2.099,0.054,-39.538,-43.833,-0.130,525073159.000
-0.873,2.098,0.057,-39.505,-43.811,-0.121,525073259.000
-0.873,2.103,0.059,-39.461,-43.803,-0.130,525073360.000
-0.873,2.095,0.057,-39.465,-43.762,-0.129,525073460.000
-0.871,2.094,0.054,-39.486,-43.783,-0.147,525073560.000
-0.869,2.095,0.059,-39.423,-43.779,-0.156,525073660.000
-0.873,2.098,0.057,-39.381,-43.737,-0.147,525073760.000
-0.871,2.097,0.059,-39.388,-43.717,-0.137,525073859.000
-0.867,2.094,0.057,-39.361,-43.702,-0.145,525073959.000
-0.869,2.095,0.057,-39.354,-43.689,-0.155,525074059.000
-0.867,2.089,0.054,-39.364,-43.686,-0.135,525074159.000
-0.869,2.090,0.052,-39.343,-43.681,-0.145,525074259.000
-0.871,2.091,0.062,-39.322,-43.660,-0.126,525074360.000
-0.867,2.091,0.052,-39.293,-43.669,-0.153,525074459.000
-0.869,2.092,0.062,-39.273,-43.599,-0.135,525074559.000
-0.867,2.089,0.057,-39.295,-43.629,-0.134,525074660.000
-0.869,2.090,0.057,-39.260,-43.567,-0.143,525074760.000
-0.869,2.082,0.047,-39.291,-43.576,-0.143,525074860.000
-0.869,2.087,0.055,-39.220,-43.551,-0.124,525074960.000
-0.872,2.091,0.055,-39.170,-43.538,-0.124,525075059.000
-0.872,2.083,0.062,-39.202,-43.513,-0.124,525075160.000
-0.865,2.085,0.052,-39.193,-43.535,-0.132,525075259.000
-0.865,2.082,0.067,-39.167,-43.509,-0.113,525075360.000
-0.867,2.081,0.057,-39.175,-43.481,-0.132,525075460.000
-0.868,2.075,0.060,-39.191,-43.473,-0.122,525075559.000
-0.868,2.078,0.055,-39.135,-43.465,-0.140,525075660.000
-0.865,2.079,0.052,-39.127,-43.462,-0.149,525075759.000
-0.870,2.077,0.055,-39.142,-43.404,-0.131,525075860.000
-0.863,2.080,0.052,-39.105,-43.450,-0.130,525075960.000
-0.866,2.079,0.052,-39.085,-43.389,-0.148,525076059.000
-0.866,2.077,0.055,-39.100,-43.405,-0.130,525076159.000
-0.868,2.075,0.062,-39.067,-43.367,-0.120,525076259.000
-0.863,2.078,0.052,-39.024,-43.376,-0.138,525076360.000
-0.861,2.071,0.057,-39.061,-43.373,-0.119,525076460.000
-0.866,2.076,0.050,-38.976,-43.347,-0.156,525076560.000
-0.861,2.074,0.055,-38.991,-43.356,-0.110,525076659.000
-0.866,2.076,0.052,-38.962,-43.290,-0.100,525076760.000
-0.864,2.072,0.055,-38.930,-43.270,-0.127,525076859.000
-0.864,2.070,0.060,-38.959,-43.278,-0.136,525076959.000
-0.862,2.074,0.055,-38.949,-43.283,-0.109,525077060.000
-0.866,2.068,0.055,-38.925,-43.208,-0.127,525077159.000
-0.860,2.072,0.050,-38.887,-43.239,-0.126,525077259.000
-0.862,2.071,0.058,-38.868,-43.225,-0.144,525077360.000
-0.862,2.071,0.057,-38.882,-43.201,-0.117,525077460.000
-0.860,2.064,0.053,-38.878,-43.206,-0.125,525077560.000
-0.860,2.072,0.055,-38.819,-43.197,-0.153,525077660.000
-0.858,2.068,0.053,-38.813,-43.194,-0.124,525077759.000
-0.862,2.066,0.050,-38.815,-43.128,-0.106,525077859.000
-0.860,2.069,0.058,-38.807,-43.116,-0.133,525077959.000
-0.860,2.064,0.060,-38.795,-43.107,-0.096,525078059.000
-0.860,2.067,0.058,-38.767,-43.115,-0.142,525078160.000
-0.858,2.063,0.055,-38.775,-43.088,-0.114,525078259.000
-0.862,2.063,0.058,-38.775,-43.078,-0.114,525078359.000
-0.858,2.060,0.055,-38.748,-43.063,-0.095,525078459.000
-0.858,2.060,0.053,-38.721,-43.047,-0.122,525078559.000
-0.860,2.059,0.058,-38.715,-43.042,-0.113,525078660.000
-0.852,2.059,0.055,-38.700,-43.052,-0.139,525078760.000
-0.856,2.059,0.055,-38.673,-43.027,-0.140,525078859.000
-0.856,2.059,0.053,-38.687,-42.987,-0.112,525078960.000
-0.856,2.056,0.055,-38.688,-42.978,-0.121,525079059.000
-0.856,2.056,0.063,-38.661,-42.977,-0.120,525079160.000
-0.854,2.060,0.063,-38.624,-42.966,-0.120,525079260.000
-0.858,2.058,0.048,-38.625,-42.917,-0.102,525079360.000
-0.852,2.054,0.055,-38.593,-42.954,-0.128,525079460.000
-0.856,2.054,0.060,-38.594,-42.912,-0.128,525079560.000
-0.854,2.058,0.055,-38.570,-42.893,-0.100,525079659.000
-0.854,2.057,0.060,-38.543,-42.876,-0.128,525079759.000
-0.854,2.052,0.053,-38.545,-42.876,-0.118,525079860.000
-0.848,2.051,0.053,-38.552,-42.915,-0.108,525079960.000
-0.854,2.052,0.058,-38.518,-42.859,-0.118,525080060.000
-0.854,2.050,0.060,-38.533,-42.827,-0.127,525080159.000
-0.852,2.053,0.056,-38.496,-42.832,-0.126,525080260.000
-0.857,2.051,0.055,-38.484,-42.806,-0.108,525080359.000
-0.852,2.051,0.056,-38.469,-42.807,-0.107,525080460.000
-0.848,2.048,0.056,-38.470,-42.808,-0.116,525080559.000
-0.852,2.048,0.048,-38.457,-42.808,-0.116,525080660.000
-0.855,2.047,0.048,-38.464,-42.747,-0.107,525080760.000
-0.857,2.046,0.053,-38.459,-42.741,-0.098,525080860.000
-0.853,2.048,0.048,-38.416,-42.734,-0.143,525080959.000
-0.855,2.049,0.053,-38.380,-42.705,-0.097,525081059.000
-0.848,2.048,0.051,-38.387,-42.727,-0.115,525081160.000
-0.846,2.049,0.051,-38.310,-42.715,-0.123,525081260.000
-0.848,2.040,0.056,-38.378,-42.710,-0.114,525081360.000
-0.853,2.045,0.048,-38.361,-42.661,-0.124,525081459.000
-0.851,2.044,0.048,-38.327,-42.649,-0.114,525081560.000
-0.851,2.041,0.056,-38.315,-42.648,-0.095,525081660.000
-0.849,2.040,0.053,-38.294,-42.645,-0.085,525081759.000
-0.849,2.037,0.056,-38.310,-42.612,-0.122,525081859.000
-0.851,2.041,0.053,-38.288,-42.584,-0.122,525081959.000
-0.853,2.040,0.056,-38.254,-42.562,-0.112,525082059.000
-0.853,2.037,0.058,-38.256,-42.554,-0.121,525082160.000
-0.847,2.036,0.053,-38.262,-42.560,-0.111,525082260.000
-0.849,2.035,0.051,-38.270,-42.580,-0.130,525082360.000
-0.851,2.039,0.053,-38.220,-42.534,-0.102,525082460.000
-0.847,2.036,0.051,-38.221,-42.568,-0.111,525082560.000
-0.847,2.036,0.051,-38.165,-42.519,-0.110,525082660.000
-0.847,2.036,0.053,-38.179,-42.511,-0.110,525082759.000
-0.849,2.032,0.053,-38.174,-42.498,-0.082,525082859.000
-0.849,2.035,0.051,-38.132,-42.482,-0.101,525082959.000
-0.845,2.032,0.056,-38.160,-42.466,-0.081,525083060.000
-0.843,2.031,0.049,-38.140,-42.479,-0.100,525083160.000
-0.849,2.029,0.053,-38.121,-42.424,-0.090,525083259.000
-0.847,2.026,0.053,-38.129,-42.413,-0.090,525083360.000
-0.843,2.028,0.046,-38.099,-42.414,-0.108,525083460.000
-0.847,2.033,0.051,-38.056,-42.397,-0.090,525083560.000
-0.847,2.031,0.054,-38.030,-42.388,-0.098,525083659.000
-0.843,2.028,0.054,-38.045,-42.365,-0.107,525083759.000
-0.845,2.024,0.054,-38.067,-42.352,-0.079,525083860.000
-0.845,2.032,0.056,-38.023,-42.368,-0.107,525083960.000
-0.845,2.024,0.051,-38.040,-42.336,-0.107,525084060.000
-0.845,2.029,0.059,-37.969,-42.359,-0.116,525084159.000
-0.841,2.024,0.056,-37.998,-42.320,-0.106,525084259.000
-0.845,2.019,0.056,-38.015,-42.270,-0.069,525084360.000
-0.841,2.024,0.054,-37.957,-42.328,-0.105,525084460.000
-0.843,2.018,0.056,-37.981,-42.258,-0.086,525084560.000
-0.848,2.020,0.054,-37.967,-42.217,-0.105,525084660.000
-0.843,2.025,0.056,-37.936,-42.258,-0.114,525084760.000
-0.846,2.021,0.049,-37.917,-42.222,-0.086,525084859.000
-0.839,2.023,0.051,-37.881,-42.275,-0.095,525084959.000
-0.841,2.021,0.054,-37.861,-42.230,-0.085,525085060.000
-0.841,2.019,0.051,-37.876,-42.214,-0.094,525085160.000
-0.843,2.020,0.044,-37.855,-42.177,-0.103,525085260.000
-0.839,2.017,0.051,-37.870,-42.202,-0.112,525085360.000
-0.837,2.019,0.046,-37.834,-42.183,-0.093,525085459.000
-0.837,2.019,0.049,-37.820,-42.174,-0.093,525085560.000
-0.844,2.012,0.054,-37.860,-42.120,-0.102,525085659.000
-0.839,2.012,0.044,-37.845,-42.154,-0.130,525085760.000
-0.839,2.015,0.056,-37.803,-42.136,-0.092,525085860.000
-0.844,2.009,0.049,-37.819,-42.087,-0.111,525085959.000
-0.840,2.017,0.052,-37.774,-42.080,-0.110,525086060.000
-0.840,2.012,0.046,-37.775,-42.048,-0.073,525086159.000
-0.842,2.011,0.054,-37.770,-42.059,-0.092,525086259.000
-0.837,2.013,0.054,-37.754,-42.084,-0.082,525086360.000
-0.837,2.013,0.049,-37.726,-42.052,-0.082,525086459.000
-0.840,2.012,0.057,-37.721,-42.014,-0.100,525086560.000
-0.838,2.011,0.047,-37.700,-42.011,-0.090,525086659.000
-0.842,2.011,0.051,-37.687,-41.945,-0.062,525086760.000
-0.835,2.012,0.047,-37.651,-41.999,-0.099,525086859.000
-0.838,2.008,0.049,-37.674,-41.954,-0.071,525086960.000
-0.838,2.010,0.052,-37.632,-41.970,-0.089,525087059.000
-0.838,2.008,0.047,-37.660,-41.962,-0.099,525087159.000
-0.836,2.007,0.052,-37.654,-41.934,-0.089,525087259.000
-0.836,2.007,0.047,-37.626,-41.950,-0.089,525087359.000
-0.838,2.010,0.042,-37.604,-41.906,-0.116,525087459.000
-0.840,2.001,0.057,-37.602,-41.891,-0.079,525087559.000
-0.836,2.009,0.052,-37.543,-41.909,-0.106,525087659.000
-0.836,2.004,0.047,-37.572,-41.877,-0.069,525087758.000
-0.838,2.005,0.049,-37.551,-41.856,-0.078,525087859.000
-0.834,2.005,0.054,-37.523,-41.864,-0.077,525087960.000
-0.838,2.005,0.052,-37.524,-41.823,-0.078,525088059.000
-0.834,2.005,0.047,-37.496,-41.865,-0.105,525088160.000
-0.832,1.999,0.049,-37.519,-41.869,-0.086,525088259.000
-0.834,2.005,0.047,-37.468,-41.816,-0.104,525088361.000
-0.830,1.997,0.054,-37.500,-41.816,-0.103,525088461.000
-0.830,2.002,0.054,-37.455,-41.792,-0.085,525088560.000
-0.834,2.002,0.052,-37.525,-41.824,-0.086,525088661.000
-0.830,1.997,0.052,-37.568,-41.825,-0.104,525088760.000
-0.834,2.002,0.049,-37.497,-41.759,-0.085,525088860.000
-0.836,2.001,0.049,-37.491,-41.771,-0.104,525088960.000
-0.834,2.002,0.054,-37.456,-41.767,-0.085,525089060.000
-0.838,2.000,0.052,-37.499,-41.725,-0.122,525089159.000
-0.830,1.997,0.049,-37.472,-41.736,-0.103,525089259.000
-0.834,1.997,0.052,-37.472,-41.726,-0.075,525089359.000
-0.830,1.997,0.045,-37.457,-41.728,-0.102,525089461.000
-0.834,1.994,0.057,-37.432,-41.661,-0.084,525089560.000
-0.834,1.997,0.050,-37.417,-41.661,-0.102,525089659.000
-0.828,2.001,0.052,-37.352,-41.691,-0.101,525089760.000
-0.832,1.996,0.045,-37.382,-41.666,-0.092,525089860.000
-0.832,1.996,0.052,-37.397,-41.641,-0.092,525089960.000
-0.828,1.996,0.050,-37.341,-41.650,-0.091,525090059.000
-0.828,1.996,0.055,-37.341,-41.634,-0.091,525090159.000
-0.830,1.994,0.052,-37.349,-41.605,-0.082,525090260.000
-0.832,1.996,0.050,-37.328,-41.600,-0.091,525090360.000
-0.835,1.992,0.052,-37.365,-41.531,-0.119,525090460.000
-0.828,1.993,0.052,-37.342,-41.593,-0.100,525090560.000
-0.828,1.990,0.050,-37.302,-41.577,-0.108,525090659.000
-0.826,1.992,0.050,-37.267,-41.541,-0.089,525090759.000
-0.830,1.992,0.042,-37.267,-41.565,-0.090,525090859.000
-0.828,1.990,0.052,-37.261,-41.568,-0.080,525090959.000
-0.828,1.988,0.052,-37.263,-41.544,-0.117,525091059.000
-0.828,1.988,0.045,-37.275,-41.520,-0.089,525091160.000
-0.831,1.989,0.052,-37.227,-41.482,-0.098,525091260.000
-0.826,1.986,0.055,-37.187,-41.523,-0.079,525091359.000
-0.831,1.986,0.050,-37.201,-41.490,-0.079,525091460.000
-0.824,1.988,0.050,-37.165,-41.480,-0.087,525091560.000
-0.829,1.987,0.047,-37.179,-41.463,-0.088,525091659.000
-0.829,1.985,0.050,-37.181,-41.454,-0.097,525091760.000
-0.824,1.985,0.050,-37.166,-41.455,-0.069,525091860.000
-0.824,1.982,0.050,-37.154,-41.406,-0.077,525091960.000
-0.827,1.984,0.047,-37.146,-41.426,-0.087,525092059.000
-0.825,1.985,0.047,-37.097,-41.366,-0.095,525092159.000
-0.827,1.981,0.055,-37.134,-41.377,-0.068,525092259.000
-0.822,1.981,0.043,-37.106,-41.371,-0.122,525092359.000
-0.820,1.977,0.047,-37.114,-41.391,-0.094,525092459.000
-0.827,1.986,0.052,-37.062,-41.336,-0.076,525092560.000
-0.822,1.981,0.047,-37.064,-41.378,-0.067,525092660.000
-0.823,1.978,0.048,-37.080,-41.330,-0.103,525092760.000
-0.825,1.979,0.047,-37.072,-41.317,-0.085,525092860.000
-0.823,1.976,0.045,-37.067,-41.313,-0.112,525092960.000
-0.825,1.977,0.050,-37.046,-41.260,-0.093,525093060.000
-0.820,1.977,0.048,-37.017,-41.317,-0.065,525093160.000
-0.820,1.979,0.048,-37.003,-41.317,-0.084,525093259.000
-0.825,1.977,0.048,-36.991,-41.243,-0.093,525093360.000
-0.825,1.977,0.045,-36.991,-41.227,-0.093,525093460.000
-0.819,1.975,0.045,-36.956,-41.241,-0.082,525093560.000
-0.825,1.972,0.045,-36.993,-41.227,-0.083,525093660.000
-0.825,1.974,0.045,-36.937,-41.202,-0.073,525093759.000
-0.823,1.973,0.043,-36.958,-41.223,-0.092,525093859.000
-0.823,1.975,0.045,-36.943,-41.191,-0.082,525093960.000
-0.823,1.973,0.053,-36.889,-41.165,-0.091,525094059.000
-0.819,1.973,0.045,-36.888,-41.191,-0.090,525094160.000
-0.821,1.966,0.053,-36.927,-41.178,-0.100,525094259.000
-0.825,1.969,0.050,-36.885,-41.136,-0.090,525094359.000
-0.821,1.969,0.045,-36.884,-41.130,-0.090,525094459.000
-0.821,1.969,0.048,-36.870,-41.122,-0.090,525094560.000
-0.819,1.975,0.043,-36.790,-41.126,-0.108,525094659.000
-0.819,1.967,0.045,-36.863,-41.094,-0.080,525094760.000
-0.821,1.966,0.048,-36.844,-41.097,-0.071,525094860.000
-0.819,1.967,0.043,-36.808,-41.078,-0.079,525094959.000
-0.821,1.971,0.053,-36.800,-41.056,-0.079,525095060.000
-0.819,1.970,0.053,-36.752,-41.068,-0.070,525095159.000
-0.817,1.966,0.050,-36.774,-41.065,-0.069,525095260.000
-0.819,1.965,0.045,-36.796,-41.045,-0.088,525095359.000
-0.819,1.965,0.045,-36.782,-41.020,-0.088,525095460.000
-0.819,1.967,0.048,-36.725,-41.012,-0.078,525095560.000
-0.819,1.957,0.045,-36.786,-40.996,-0.087,525095659.000
-0.817,1.963,0.046,-36.721,-41.008,-0.105,525095760.000
-0.821,1.961,0.045,-36.722,-40.958,-0.087,525095860.000
-0.817,1.961,0.046,-36.722,-40.984,-0.114,525095959.000
-0.819,1.959,0.050,-36.702,-40.954,-0.077,525096059.000
-0.815,1.962,0.043,-36.714,-40.932,-0.095,525096159.000
-0.817,1.958,0.050,-36.695,-40.942,-0.067,525096260.000
-0.822,1.958,0.046,-36.655,-40.909,-0.095,525096360.000
-0.817,1.955,0.043,-36.669,-40.919,-0.076,525096460.000
-0.815,1.962,0.046,-36.617,-40.923,-0.094,525096559.000
-0.820,1.959,0.051,-36.620,-40.856,-0.103,525096660.000
-0.815,1.962,0.058,-36.618,-40.857,-0.066,525096759.000
-0.815,1.957,0.051,-36.578,-40.881,-0.056,525096859.000
-0.818,1.955,0.046,-36.628,-40.861,-0.075,525096959.000
-0.818,1.958,0.046,-36.613,-40.813,-0.093,525097060.000
-0.818,1.958,0.048,-36.557,-40.828,-0.065,525097159.000
-0.813,1.953,0.051,-36.587,-40.821,-0.083,525097259.000
-0.818,1.955,0.048,-36.573,-40.828,-0.074,525097359.000
-0.816,1.951,0.043,-36.567,-40.809,-0.074,525097460.000
-0.816,1.951,0.043,-36.567,-40.809,-0.101,525097559.000
-0.811,1.954,0.051,-36.511,-40.760,-0.091,525097659.000
-0.811,1.954,0.048,-36.497,-40.769,-0.091,525097760.000
-0.814,1.952,0.046,-36.477,-40.740,-0.081,525097859.000
-0.814,1.952,0.048,-36.477,-40.756,-0.081,525097960.000
-0.811,1.951,0.043,-36.497,-40.761,-0.072,525098060.000
-0.811,1.946,0.046,-36.487,-40.752,-0.090,525098160.000
-0.814,1.952,0.038,-36.462,-40.716,-0.081,525098259.000
-0.812,1.951,0.046,-36.456,-40.704,-0.071,525098360.000
-0.809,1.950,0.043,-36.450,-40.724,-0.089,525098460.000
-0.816,1.951,0.046,-36.415,-40.654,-0.071,525098560.000
-0.816,1.948,0.043,-36.444,-40.662,-0.080,525098660.000
-0.814,1.945,0.048,-36.412,-40.658,-0.080,525098759.000
-0.810,1.945,0.043,-36.425,-40.676,-0.079,525098860.000
-0.816,1.948,0.046,-36.417,-40.629,-0.080,525098960.000
-0.812,1.943,0.046,-36.378,-40.630,-0.070,525099059.000
-0.812,1.946,0.048,-36.363,-40.597,-0.088,525099159.000
-0.805,1.947,0.053,-36.341,-40.643,-0.069,525099260.000
-0.812,1.943,0.048,-36.336,-40.572,-0.069,525099359.000
-0.810,1.939,0.048,-36.400,-40.610,-0.069,525099460.000
-0.810,1.944,0.044,-36.314,-40.577,-0.078,525099560.000
-0.810,1.942,0.043,-36.343,-40.553,-0.059,525099660.000
-0.812,1.941,0.056,-36.352,-40.572,-0.078,525099759.000
-0.810,1.939,0.048,-36.317,-40.561,-0.068,525099860.000
-0.810,1.942,0.041,-36.288,-40.537,-0.086,525099959.000
-0.806,1.944,0.046,-36.231,-40.521,-0.076,525100060.000
-0.814,1.942,0.044,-36.261,-40.479,-0.086,525100159.000
-0.808,1.938,0.046,-36.283,-40.533,-0.086,525100260.000
-0.810,1.939,0.049,-36.249,-40.487,-0.094,525100360.000
-0.806,1.939,0.046,-36.261,-40.521,-0.067,525100460.000
-0.808,1.935,0.043,-36.270,-40.468,-0.039,525100560.000
-0.810,1.936,0.046,-36.222,-40.447,-0.075,525100659.000
-0.812,1.935,0.046,-36.244,-40.410,-0.066,525100760.000
-0.810,1.939,0.044,-36.179,-40.430,-0.066,525100859.000
-0.813,1.938,0.049,-36.173,-40.377,-0.056,525100960.000
-0.808,1.935,0.054,-36.188,-40.385,-0.065,525101059.000
-0.808,1.933,0.054,-36.176,-40.385,-0.046,525101159.000
-0.808,1.932,0.044,-36.189,-40.394,-0.074,525101259.000
-0.810,1.936,0.046,-36.167,-40.349,-0.074,525101359.000
-0.806,1.934,0.049,-36.126,-40.341,-0.055,525101460.000
-0.808,1.932,0.044,-36.161,-40.346,-0.074,525101560.000
-0.804,1.932,0.049,-36.106,-40.354,-0.072,525101659.000
-0.806,1.934,0.046,-36.098,-40.325,-0.054,525101759.000
-0.804,1.932,0.046,-36.120,-40.362,-0.100,525101860.000
-0.809,1.930,0.051,-36.108,-40.272,-0.054,525101959.000
-0.806,1.928,0.044,-36.101,-40.309,-0.072,525102060.000
-0.804,1.932,0.044,-36.092,-40.298,-0.072,525102159.000
-0.802,1.928,0.046,-36.059,-40.326,-0.071,525102259.000
-0.802,1.931,0.041,-36.072,-40.294,-0.090,525102360.000
-0.804,1.927,0.046,-36.067,-40.265,-0.062,525102459.000
-0.804,1.925,0.046,-36.054,-40.264,-0.043,525102559.000
-0.802,1.928,0.049,-36.004,-40.244,-0.070,525102660.000
-0.804,1.927,0.046,-36.026,-40.240,-0.089,525102760.000
-0.802,1.926,0.049,-36.019,-40.244,-0.052,525102860.000
-0.802,1.926,0.042,-36.006,-40.220,-0.107,525102960.000
-0.802,1.926,0.049,-35.978,-40.219,-0.079,525103060.000
-0.805,1.924,0.044,-36.013,-40.175,-0.070,525103159.000
-0.802,1.926,0.042,-35.964,-40.196,-0.079,525103260.000
-0.800,1.922,0.051,-35.959,-40.175,-0.050,525103360.000
-0.803,1.926,0.049,-35.937,-40.146,-0.078,525103460.000
-0.800,1.922,0.049,-35.959,-40.159,-0.078,525103559.000
-0.798,1.920,0.039,-35.952,-40.181,-0.096,525103659.000
-0.800,1.924,0.047,-35.902,-40.167,-0.068,525103759.000
-0.805,1.922,0.046,-35.918,-40.093,-0.050,525103859.000
-0.800,1.919,0.044,-35.933,-40.151,-0.087,525103959.000
-0.800,1.919,0.042,-35.905,-40.135,-0.086,525104059.000
-0.800,1.919,0.044,-35.919,-40.127,-0.059,525104160.000
-0.800,1.924,0.047,-35.847,-40.118,-0.067,525104259.000
-0.798,1.920,0.047,-35.883,-40.107,-0.067,525104360.000
-0.803,1.920,0.044,-35.856,-40.016,-0.067,525104459.000
-0.801,1.916,0.042,-35.865,-40.037,-0.067,525104559.000
-0.801,1.916,0.049,-35.865,-40.085,-0.067,525104660.000
-0.803,1.918,0.042,-35.830,-40.024,-0.076,525104759.000
-0.801,1.921,0.049,-35.835,-40.037,-0.076,525104859.000
-0.799,1.918,0.039,-35.815,-40.009,-0.075,525104959.000
-0.796,1.919,0.042,-35.821,-40.014,-0.056,525105060.000
-0.799,1.917,0.044,-35.761,-39.992,-0.074,525105160.000
-0.799,1.912,0.042,-35.818,-39.977,-0.065,525105259.000
-0.799,1.920,0.044,-35.745,-39.992,-0.065,525105360.000
-0.799,1.910,0.042,-35.792,-39.952,-0.074,525105459.000
-0.801,1.919,0.042,-35.725,-39.963,-0.056,525105559.000
-0.797,1.911,0.039,-35.756,-39.949,-0.055,525105660.000
-0.799,1.917,0.044,-35.692,-39.919,-0.073,525105761.000
-0.797,1.913,0.047,-35.728,-39.923,-0.073,525105861.000
-0.799,1.910,0.044,-35.751,-39.895,-0.073,525105960.000
-0.797,1.913,0.042,-35.714,-39.916,-0.073,525106061.000
-0.799,1.915,0.044,-35.665,-39.894,-0.054,525106160.000
-0.795,1.912,0.042,-35.708,-39.904,-0.091,525106260.000
-0.797,1.911,0.047,-35.674,-39.898,-0.081,525106361.000
-0.793,1.911,0.042,-35.645,-39.892,-0.053,525106461.000
-0.799,1.915,0.052,-35.666,-39.845,-0.081,525106560.000
-0.793,1.908,0.044,-35.703,-39.884,-0.090,525106660.000
-0.797,1.906,0.042,-35.663,-39.842,-0.071,525106761.000
-0.795,1.912,0.040,-35.583,-39.814,-0.089,525106861.000
-0.795,1.909,0.047,-35.626,-39.814,-0.071,525106961.000
-0.797,1.908,0.047,-35.606,-39.801,-0.061,525107060.000
-0.795,1.912,0.047,-35.597,-39.838,-0.062,525107160.000
-0.793,1.905,0.044,-35.621,-39.810,-0.070,525107261.000
-0.793,1.906,0.042,-35.606,-39.770,-0.042,525107360.000
-0.793,1.903,0.039,-35.608,-39.778,-0.051,525107461.000
-0.793,1.905,0.050,-35.538,-39.744,-0.069,525107561.000
-0.795,1.904,0.042,-35.573,-39.733,-0.060,525107660.000
-0.791,1.902,0.040,-35.574,-39.766,-0.041,525107761.000
-0.791,1.901,0.045,-35.533,-39.725,-0.068,525107861.000
-0.793,1.903,0.045,-35.567,-39.737,-0.078,525107960.000
-0.793,1.903,0.049,-35.553,-39.696,-0.050,525108060.000
-0.795,1.904,0.040,-35.504,-39.692,-0.059,525108160.000
-0.791,1.901,0.045,-35.505,-39.725,-0.068,525108261.000
-0.789,1.903,0.047,-35.497,-39.705,-0.049,525108360.000
-0.793,1.900,0.045,-35.513,-39.663,-0.086,525108460.000
-0.791,1.904,0.040,-35.476,-39.668,-0.058,525108560.000
-0.796,1.896,0.042,-35.522,-39.610,-0.058,525108661.000
-0.793,1.903,0.045,-35.484,-39.639,-0.049,525108761.000
-0.791,1.899,0.042,-35.451,-39.635,-0.076,525108861.000
-0.793,1.900,0.045,-35.430,-39.614,-0.057,525108960.000
-0.791,1.899,0.045,-35.465,-39.627,-0.048,525109061.000
-0.796,1.899,0.040,-35.438,-39.570,-0.076,525109161.000
-0.789,1.900,0.042,-35.430,-39.624,-0.085,525109260.000
-0.791,1.901,0.047,-35.368,-39.594,-0.066,525109361.000
-0.791,1.899,0.042,-35.396,-39.586,-0.075,525109461.000
-0.787,1.893,0.045,-35.440,-39.604,-0.065,525109560.000
-0.787,1.899,0.042,-35.368,-39.563,-0.074,525109660.000
-0.787,1.893,0.037,-35.412,-39.556,-0.065,525109760.000
-0.792,1.896,0.045,-35.370,-39.529,-0.056,525109860.000
-0.794,1.892,0.040,-35.379,-39.509,-0.056,525109960.000
-0.789,1.895,0.037,-35.335,-39.518,-0.074,525110060.000
-0.789,1.897,0.037,-35.306,-39.493,-0.064,525110161.000
-0.787,1.888,0.037,-35.359,-39.506,-0.055,525110261.000
-0.787,1.891,0.042,-35.344,-39.490,-0.045,525110360.000
-0.787,1.888,0.042,-35.359,-39.490,-0.054,525110461.000
-0.787,1.891,0.047,-35.345,-39.473,-0.073,525110561.000
-0.787,1.891,0.040,-35.344,-39.474,-0.073,525110661.000
-0.787,1.893,0.047,-35.261,-39.448,-0.063,525110760.000
-0.792,1.893,0.040,-35.288,-39.424,-0.036,525110860.000
-0.788,1.888,0.042,-35.277,-39.440,-0.053,525110960.000
-0.788,1.888,0.040,-35.276,-39.424,-0.053,525111060.000
-0.785,1.889,0.040,-35.296,-39.437,-0.062,525111160.000
-0.790,1.892,0.042,-35.268,-39.403,-0.081,525111261.000
-0.785,1.892,0.038,-35.226,-39.421,-0.080,525111360.000
-0.788,1.885,0.047,-35.237,-39.375,-0.061,525111461.000
-0.788,1.890,0.045,-35.220,-39.383,-0.071,525111561.000
-0.788,1.888,0.040,-35.249,-39.376,-0.053,525111660.000
-0.786,1.887,0.043,-35.215,-39.380,-0.070,525111760.000
-0.792,1.888,0.045,-35.181,-39.309,-0.080,525111860.000
-0.786,1.887,0.038,-35.187,-39.347,-0.070,525111961.000
-0.790,1.884,0.045,-35.176,-39.321,-0.079,525112061.000
-0.784,1.885,0.045,-35.181,-39.335,-0.088,525112161.000
-0.788,1.888,0.043,-35.139,-39.294,-0.051,525112260.000
-0.784,1.885,0.043,-35.126,-39.319,-0.060,525112361.000
-0.788,1.885,0.040,-35.154,-39.278,-0.060,525112460.000
-0.788,1.880,0.040,-35.170,-39.253,-0.050,525112561.000
-0.788,1.882,0.043,-35.141,-39.245,-0.069,525112660.000
-0.786,1.881,0.043,-35.093,-39.257,-0.031,525112761.000
-0.786,1.881,0.038,-35.079,-39.249,-0.059,525112861.000
-0.784,1.882,0.043,-35.100,-39.246,-0.068,525112961.000
-0.786,1.879,0.045,-35.095,-39.248,-0.068,525113060.000
-0.788,1.880,0.043,-35.074,-39.195,-0.077,525113160.000
-0.786,1.879,0.045,-35.081,-39.224,-0.068,525113261.000
-0.784,1.882,0.040,-35.030,-39.205,-0.067,525113360.000
-0.782,1.878,0.038,-35.053,-39.201,-0.067,525113460.000
-0.784,1.882,0.043,-35.031,-39.172,-0.067,525113560.000
-0.784,1.877,0.048,-35.034,-39.155,-0.085,525113661.000
-0.782,1.878,0.045,-35.026,-39.152,-0.066,525113760.000
-0.782,1.876,0.043,-35.027,-39.160,-0.075,525113861.000
-0.784,1.877,0.040,-35.019,-39.132,-0.057,525113961.000
-0.780,1.877,0.043,-34.992,-39.124,-0.083,525114060.000
-0.784,1.874,0.035,-35.020,-39.124,-0.066,525114160.000
-0.782,1.876,0.040,-35.012,-39.120,-0.047,525114260.000
-0.782,1.873,0.043,-34.987,-39.111,-0.056,525114361.000
-0.776,1.869,0.031,-35.022,-39.143,-0.083,525114460.000
-0.782,1.876,0.040,-34.971,-39.095,-0.046,525114561.000
-0.780,1.880,0.041,-34.907,-39.083,-0.073,525114661.000
-0.778,1.873,0.038,-34.945,-39.080,-0.082,525114760.000
-0.784,1.877,0.050,-34.882,-39.048,-0.055,525114861.000
-0.780,1.869,0.040,-34.912,-39.034,-0.054,525114960.000
-0.780,1.869,0.043,-34.927,-39.026,-0.082,525115060.000
-0.780,1.872,0.045,-34.939,-39.042,-0.045,525115159.000
-0.782,1.870,0.045,-34.905,-39.005,-0.063,525115260.000
-0.782,1.868,0.040,-34.934,-38.997,-0.073,525115360.000
-0.780,1.874,0.038,-34.854,-39.018,-0.063,525115460.000
-0.778,1.870,0.038,-34.890,-39.007,-0.035,525115560.000
-0.776,1.869,0.043,-34.870,-39.003,-0.053,525115660.000
-0.780,1.864,0.041,-34.888,-38.985,-0.072,525115759.000
-0.774,1.870,0.046,-34.835,-38.982,-0.061,525115861.000
-0.778,1.868,0.043,-34.850,-38.990,-0.016,525115960.000
-0.783,1.868,0.046,-34.838,-38.907,-0.071,525116060.000
-0.778,1.868,0.041,-34.837,-38.949,-0.071,525116159.000
-0.776,1.866,0.041,-34.817,-38.962,-0.061,525116260.000
-0.778,1.865,0.043,-34.824,-38.916,-0.052,525116361.000
-0.778,1.865,0.043,-34.824,-38.916,-0.052,525116460.000
-0.774,1.868,0.043,-34.754,-38.941,-0.069,525116560.000
-0.776,1.864,0.038,-34.818,-38.921,-0.070,525116659.000
-0.781,1.861,0.043,-34.779,-38.879,-0.079,525116759.000
-0.776,1.864,0.038,-34.776,-38.897,-0.069,525116859.000
-0.774,1.862,0.043,-34.756,-38.893,-0.059,525116960.000
-0.776,1.861,0.051,-34.737,-38.879,-0.050,525117059.000
-0.774,1.860,0.043,-34.771,-38.844,-0.041,525117159.000
-0.776,1.864,0.048,-34.736,-38.839,-0.068,525117259.000
-0.777,1.858,0.046,-34.766,-38.823,-0.059,525117359.000
-0.772,1.864,0.038,-34.707,-38.849,-0.068,525117459.000
-0.781,1.858,0.041,-34.725,-38.789,-0.059,525117559.000
-0.774,1.860,0.041,-34.716,-38.828,-0.068,525117660.000
-0.774,1.862,0.043,-34.688,-38.819,-0.086,525117759.000
-0.772,1.856,0.038,-34.697,-38.800,-0.067,525117859.000
-0.777,1.861,0.043,-34.654,-38.782,-0.049,525117960.000
-0.772,1.858,0.036,-34.668,-38.808,-0.058,525118060.000
