0.035,-0.035,-0.096,1.130,1.253,0.238,523257826.000
0.035,-0.032,-0.093,1.131,1.261,0.247,523257926.000
0.037,-0.034,-0.093,1.138,1.272,0.257,523258027.000
0.040,-0.035,-0.103,1.117,1.251,0.210,523258126.000
0.035,-0.038,-0.106,1.088,1.268,0.201,523258226.000
0.037,-0.036,-0.098,1.137,1.280,0.220,523258327.000
0.040,-0.032,-0.103,1.174,1.227,0.247,523258427.000
0.037,-0.034,-0.096,1.138,1.288,0.229,523258526.000
0.033,-0.031,-0.098,1.139,1.306,0.210,523258626.000
0.035,-0.038,-0.098,1.101,1.293,0.229,523258726.000
0.038,-0.034,-0.103,1.097,1.263,0.228,523258826.000
0.033,-0.034,-0.103,1.137,1.313,0.201,523258926.000
0.038,-0.036,-0.101,1.095,1.272,0.219,523259026.000
0.038,-0.036,-0.103,1.082,1.263,0.247,523259126.000
0.035,-0.030,-0.096,1.147,1.277,0.228,523259226.000
0.038,-0.036,-0.101,1.095,1.272,0.219,523259326.000
0.038,-0.034,-0.098,1.138,1.256,0.229,523259426.000
0.037,-0.036,-0.098,1.109,1.280,0.247,523259526.000
0.035,-0.038,-0.091,1.128,1.294,0.229,523259627.000
0.035,-0.033,-0.093,1.145,1.285,0.219,523259727.000
0.031,-0.030,-0.098,1.160,1.294,0.228,523259826.000
0.035,-0.040,-0.093,1.100,1.285,0.247,523259926.000
0.040,-0.033,-0.103,1.132,1.251,0.220,523260026.000
0.033,-0.031,-0.098,1.166,1.306,0.210,523260126.000
0.037,-0.036,-0.101,1.151,1.272,0.220,523260226.000
0.037,-0.034,-0.096,1.138,1.288,0.229,523260326.000
0.033,-0.034,-0.101,1.138,1.297,0.228,523260427.000
0.040,-0.040,-0.106,1.087,1.267,0.220,523260527.000
0.035,-0.033,-0.101,1.132,1.260,0.219,523260626.000
0.035,-0.033,-0.098,1.159,1.293,0.220,523260726.000
0.040,-0.038,-0.106,1.102,1.218,0.229,523260826.000
0.031,-0.030,-0.103,1.119,1.301,0.228,523260926.000
0.033,-0.036,-0.106,1.109,1.305,0.219,523261026.000
0.037,-0.039,-0.098,1.066,1.280,0.238,523261126.000
0.035,-0.038,-0.103,1.074,1.276,0.201,523261226.000
0.033,-0.034,-0.103,1.124,1.289,0.228,523261326.000
0.035,-0.035,-0.103,1.117,1.276,0.210,523261426.000
0.033,-0.031,-0.101,1.139,1.273,0.210,523261526.000
0.035,-0.035,-0.098,1.130,1.269,0.238,523261626.000
0.038,-0.036,-0.098,1.123,1.256,0.247,523261727.000
0.033,-0.034,-0.098,1.124,1.305,0.228,523261826.000
0.033,-0.031,-0.098,1.139,1.257,0.210,523261927.000
0.035,-0.033,-0.106,1.132,1.292,0.219,523262026.000
0.035,-0.035,-0.093,1.116,1.261,0.238,523262126.000
0.035,-0.035,-0.103,1.117,1.276,0.210,523262226.000
0.033,-0.034,-0.101,1.124,1.273,0.228,523262327.000
0.038,-0.036,-0.101,1.109,1.247,0.219,523262427.000
0.035,-0.035,-0.103,1.117,1.276,0.238,523262526.000
0.035,-0.035,-0.101,1.116,1.260,0.210,523262626.000
0.038,-0.031,-0.098,1.181,1.256,0.238,523262726.000
0.035,-0.035,-0.103,1.117,1.276,0.238,523262826.000
0.035,-0.033,-0.103,1.132,1.276,0.219,523262927.000
0.035,-0.033,-0.096,1.131,1.277,0.219,523263026.000
0.033,-0.034,-0.103,1.124,1.289,0.228,523263126.000
0.035,-0.032,-0.096,1.132,1.277,0.247,523263226.000
0.040,-0.035,-0.101,1.117,1.235,0.210,523263326.000
0.035,-0.040,-0.111,1.087,1.275,0.219,523263426.000
0.033,-0.036,-0.103,1.109,1.289,0.219,523263526.000
0.035,-0.033,-0.108,1.132,1.259,0.219,523263626.000
0.037,-0.036,-0.091,1.095,1.256,0.219,523263726.000
0.035,-0.033,-0.103,1.159,1.276,0.219,523263826.000
0.035,-0.040,-0.096,1.086,1.277,0.219,523263926.000
0.038,-0.034,-0.096,1.124,1.264,0.201,523264027.000
0.035,-0.035,-0.101,1.144,1.261,0.210,523264126.000
0.035,-0.038,-0.101,1.115,1.285,0.229,523264227.000
0.035,-0.035,-0.098,1.144,1.245,0.210,523264326.000
0.033,-0.031,-0.103,1.139,1.289,0.210,523264427.000
0.042,-0.034,-0.098,1.166,1.231,0.229,523264526.000
0.038,-0.031,-0.096,1.139,1.264,0.238,523264627.000
0.037,-0.036,-0.101,1.123,1.272,0.220,523264727.000
0.037,-0.036,-0.101,1.123,1.272,0.220,523264826.000
0.033,-0.039,-0.103,1.093,1.289,0.210,523264927.000
0.038,-0.034,-0.106,1.152,1.280,0.229,523265027.000
0.035,-0.035,-0.093,1.130,1.285,0.238,523265126.000
0.035,-0.035,-0.108,1.131,1.284,0.210,523265227.000
0.037,-0.031,-0.096,1.153,1.289,0.211,523265327.000
0.033,-0.036,-0.106,1.123,1.281,0.219,523265427.000
0.035,-0.035,-0.098,1.117,1.293,0.238,523265527.000
0.031,-0.033,-0.101,1.159,1.286,0.247,523265626.000
0.035,-0.035,-0.101,1.131,1.285,0.238,523265726.000
0.035,-0.038,-0.096,1.115,1.301,0.229,523265826.000
0.033,-0.034,-0.101,1.124,1.273,0.228,523265927.000
0.035,-0.035,-0.101,1.130,1.285,0.210,523266026.000
0.033,-0.036,-0.101,1.122,1.297,0.219,523266126.000
0.038,-0.034,-0.096,1.124,1.264,0.229,523266226.000
0.031,-0.035,-0.101,1.116,1.286,0.237,523266326.000
0.035,-0.035,-0.098,1.102,1.268,0.210,523266426.000
0.035,-0.030,-0.096,1.174,1.277,0.201,523266526.000
0.037,-0.036,-0.101,1.123,1.272,0.220,523266627.000
0.035,-0.035,-0.098,1.103,1.268,0.238,523266727.000
0.035,-0.038,-0.103,1.115,1.252,0.228,523266826.000
0.040,-0.035,-0.101,1.103,1.259,0.238,523266926.000
0.037,-0.039,-0.101,1.108,1.272,0.210,523267026.000
0.038,-0.034,-0.101,1.111,1.272,0.229,523267126.000
0.038,-0.034,-0.096,1.124,1.264,0.229,523267226.000
0.035,-0.033,-0.101,1.145,1.285,0.219,523267327.000
0.038,-0.036,-0.103,1.123,1.239,0.219,523267427.000
0.033,-0.036,-0.101,1.109,1.273,0.219,523267527.000
0.031,-0.033,-0.098,1.145,1.294,0.219,523267626.000
0.031,-0.035,-0.103,1.130,1.278,0.210,523267727.000
0.035,-0.033,-0.103,1.146,1.252,0.219,523267826.000
0.040,-0.030,-0.103,1.148,1.251,0.229,523267927.000
0.035,-0.035,-0.101,1.116,1.260,0.210,523268026.000
0.035,-0.033,-0.098,1.118,1.268,0.219,523268126.000
0.038,-0.031,-0.101,1.126,1.272,0.238,523268226.000
0.035,-0.027,-0.103,1.190,1.276,0.210,523268327.000
0.038,-0.034,-0.101,1.124,1.248,0.201,523268426.000
0.035,-0.033,-0.103,1.132,1.276,0.219,523268526.000
0.038,-0.034,-0.103,1.097,1.263,0.228,523268627.000
0.037,-0.036,-0.098,1.123,1.304,0.248,523268726.000
0.035,-0.035,-0.103,1.117,1.276,0.210,523268827.000
0.035,-0.032,-0.091,1.131,1.293,0.247,523268927.000
0.042,-0.036,-0.101,1.123,1.246,0.220,523269027.000
0.035,-0.033,-0.101,1.132,1.309,0.219,523269127.000
0.035,-0.033,-0.103,1.132,1.325,0.247,523269227.000
0.035,-0.035,-0.093,1.102,1.334,0.210,523269327.000
0.035,-0.033,-0.096,1.132,1.325,0.247,523269427.000
0.035,-0.035,-0.098,1.116,1.341,0.211,523269527.000
0.035,-0.033,-0.098,1.131,1.341,0.220,523269627.000
0.037,-0.039,-0.098,1.094,1.329,0.211,523269727.000
0.033,-0.036,-0.093,1.108,1.322,0.219,523269827.000
0.037,-0.034,-0.101,1.125,1.344,0.229,523269928.000
0.035,-0.035,-0.098,1.116,1.341,0.211,523270028.000
0.035,-0.033,-0.103,1.146,1.349,0.220,523270128.000
0.035,-0.038,-0.091,1.087,1.366,0.229,523270228.000
0.039,-0.038,-0.101,1.074,1.332,0.202,523270328.000
0.037,-0.034,-0.106,1.111,1.352,0.202,523270427.000
0.037,-0.036,-0.101,1.109,1.344,0.220,523270528.000
0.036,-0.035,-0.111,1.200,1.179,0.238,523270628.000
0.036,-0.032,-0.096,0.980,1.106,0.244,523270728.000
0.032,-0.022,-0.094,0.763,0.967,0.222,523270828.000
0.022,-0.001,-0.094,0.462,0.590,0.214,523270928.000
0.013,0.016,-0.097,-0.007,0.058,0.222,523271028.000
0.000,0.047,-0.098,-0.538,-0.660,0.217,523271128.000
-0.016,0.078,-0.089,-1.003,-1.634,0.210,523271228.000
-0.038,0.107,-0.095,-1.564,-2.342,0.223,523271328.000
-0.052,0.131,-0.093,-1.982,-3.231,0.208,523271428.000
-0.077,0.165,-0.084,-2.515,-4.252,0.209,523271528.000
-0.100,0.195,-0.082,-3.001,-5.309,0.209,523271628.000
-0.127,0.225,-0.078,-3.515,-6.455,0.236,523271728.000
-0.143,0.259,-0.079,-4.059,-7.487,0.265,523271827.000
-0.172,0.295,-0.070,-4.550,-8.579,0.246,523271928.000
-0.190,0.325,-0.061,-5.133,-9.686,0.246,523272028.000
-0.219,0.362,-0.065,-5.719,-10.869,0.281,523272128.000
-0.244,0.396,-0.066,-6.361,-12.021,0.279,523272228.000
-0.268,0.432,-0.052,-6.935,-13.171,0.287,523272328.000
-0.297,0.472,-0.063,-7.532,-14.452,0.329,523272428.000
-0.317,0.509,-0.044,-8.188,-15.612,0.337,523272527.000
-0.343,0.549,-0.050,-8.862,-16.890,0.343,523272628.000
-0.374,0.592,-0.042,-9.562,-18.020,0.385,523272727.000
-0.399,0.627,-0.043,-10.274,-19.342,0.382,523272828.000
-0.427,0.677,-0.037,-10.923,-20.591,0.433,523272926.000
-0.458,0.712,-0.033,-11.614,-21.931,0.447,523273027.000
-0.484,0.758,-0.019,-12.245,-23.215,0.443,523273126.000
-0.516,0.797,-0.021,-12.996,-24.608,0.483,523273226.000
-0.543,0.833,-0.029,-13.672,-25.821,0.471,523273326.000
-0.575,0.883,-0.018,-14.349,-27.270,0.547,523273426.000
-0.606,0.924,-0.009,-15.038,-28.545,0.552,523273526.000
-0.632,0.964,-0.011,-15.712,-29.855,0.613,523273626.000
-0.663,1.010,-0.010,-16.383,-31.253,0.635,523273726.000
-0.702,1.056,0.001,-17.070,-32.590,0.684,523273826.000
-0.719,1.089,-0.007,-17.760,-33.854,0.691,523273927.000
-0.758,1.133,0.011,-18.394,-35.264,0.758,523274027.000
-0.788,1.184,0.010,-19.173,-36.695,0.797,523274127.000
-0.817,1.218,0.024,-19.886,-38.039,0.821,523274226.000
-0.855,1.273,0.010,-20.691,-39.559,0.894,523274326.000
-0.881,1.313,0.031,-21.408,-40.988,0.898,523274426.000
-0.918,1.358,0.019,-22.197,-42.414,0.955,523274526.000
-0.946,1.408,0.033,-22.930,-43.905,1.004,523274626.000
-0.980,1.455,0.034,-23.698,-45.351,1.052,523274727.000
-1.013,1.500,0.035,-24.516,-46.785,1.081,523274826.000
-1.047,1.548,0.046,-25.228,-48.270,1.166,523274926.000
-1.078,1.589,0.052,-26.082,-49.580,1.197,523275026.000
-1.112,1.643,0.043,-26.873,-51.035,1.244,523275126.000
-1.144,1.694,0.061,-27.675,-52.606,1.291,523275226.000
-1.176,1.744,0.057,-28.545,-54.058,1.310,523275326.000
-1.213,1.794,0.063,-29.374,-55.475,1.358,523275426.000
-1.243,1.838,0.077,-30.062,-57.001,1.425,523275526.000
-1.279,1.888,0.068,-30.862,-58.419,1.472,523275627.000
-1.310,1.934,0.084,-31.618,-59.864,1.493,523275727.000
-1.346,1.984,0.082,-32.391,-61.282,1.569,523275826.000
-1.381,2.022,0.091,-33.109,-62.750,1.617,523275927.000
-1.409,2.072,0.087,-33.881,-64.105,1.666,523276027.000
-1.449,2.120,0.103,-34.589,-65.705,1.704,523276126.000
-1.479,2.171,0.109,-35.479,-67.185,1.769,523276226.000
-1.516,2.224,0.110,-36.306,-68.547,1.798,523276327.000
-1.550,2.268,0.118,-37.008,-70.136,1.864,523276426.000
-1.585,2.319,0.121,-37.884,-71.599,1.902,523276526.000
-1.617,2.372,0.122,-38.711,-73.035,1.958,523276626.000
-1.652,2.423,0.131,-39.546,-74.408,2.024,523276726.000
-1.692,2.468,0.139,-40.351,-75.912,2.080,523276827.000
-1.721,2.518,0.145,-41.193,-77.259,2.101,523276927.000
-1.746,2.572,0.149,-42.054,-78.676,2.122,523277026.000
-1.778,2.597,0.153,-42.584,-79.674,2.159,523277126.000
-1.789,2.643,0.154,-43.528,-80.280,2.188,523277226.000
-1.794,2.684,0.160,-44.468,-80.762,2.136,523277326.000
-1.786,2.725,0.159,-45.571,-80.885,2.032,523277427.000
-1.780,2.767,0.166,-46.784,-80.767,1.957,523277526.000
-1.769,2.805,0.165,-47.970,-80.650,1.874,523277626.000
-1.760,2.853,0.167,-49.159,-80.585,1.780,523277726.000
-1.747,2.887,0.173,-50.244,-80.503,1.698,523277827.000
-1.740,2.931,0.177,-51.373,-80.489,1.605,523277927.000
-1.731,2.960,0.172,-52.446,-80.471,1.559,523278027.000
-1.722,3.008,0.178,-53.581,-80.486,1.437,523278127.000
-1.722,3.045,0.172,-54.638,-80.466,1.362,523278227.000
-1.711,3.089,0.179,-55.725,-80.518,1.324,523278326.000
-1.704,3.130,0.188,-56.898,-80.584,1.193,523278427.000
-1.701,3.166,0.187,-57.920,-80.585,1.155,523278526.000
-1.694,3.202,0.194,-58.957,-80.682,1.089,523278626.000
-1.687,3.248,0.195,-60.071,-80.750,1.004,523278726.000
-1.682,3.286,0.199,-61.169,-80.795,0.956,523278827.000
-1.678,3.321,0.201,-62.255,-80.873,0.899,523278927.000
-1.671,3.364,0.200,-63.218,-80.923,0.806,523279026.000
-1.666,3.396,0.199,-64.333,-81.009,0.740,523279127.000
-1.661,3.434,0.211,-65.280,-81.076,0.666,523279226.000
-1.654,3.477,0.213,-66.312,-81.215,0.627,523279326.000
-1.653,3.515,0.209,-67.328,-81.235,0.551,523279427.000
-1.646,3.553,0.218,-68.308,-81.373,0.495,523279526.000
-1.643,3.589,0.225,-69.250,-81.468,0.402,523279627.000
-1.636,3.633,0.224,-70.282,-81.543,0.364,523279726.000
-1.631,3.667,0.221,-71.216,-81.660,0.280,523279826.000
-1.629,3.701,0.225,-72.171,-81.789,0.232,523279926.000
-1.626,3.734,0.232,-73.155,-81.836,0.158,523280026.000
-1.623,3.778,0.231,-74.050,-81.884,0.093,523280126.000
-1.623,3.812,0.230,-75.039,-81.992,0.036,523280226.000
-1.616,3.846,0.229,-75.939,-82.113,-0.038,523280326.000
-1.615,3.888,0.244,-76.857,-82.220,-0.095,523280427.000
-1.610,3.917,0.245,-77.711,-82.319,-0.141,523280526.000
-1.607,3.956,0.245,-78.664,-82.464,-0.225,523280626.000
-1.600,3.989,0.249,-79.647,-82.570,-0.300,523280726.000
-1.597,4.033,0.253,-80.555,-82.674,-0.338,523280826.000
-1.597,4.065,0.260,-81.520,-82.805,-0.404,523280926.000
-1.592,4.102,0.261,-82.466,-82.906,-0.451,523281026.000
-1.585,4.138,0.261,-83.254,-83.002,-0.515,523281126.000
-1.584,4.172,0.262,-84.133,-83.125,-0.571,523281226.000
-1.588,4.207,0.274,-85.055,-83.214,-0.628,523281326.000
-1.579,4.236,0.273,-85.881,-83.323,-0.700,523281427.000
-1.576,4.272,0.270,-86.780,-83.427,-0.738,523281526.000
-1.573,4.305,0.279,-87.598,-83.538,-0.812,523281626.000
-1.570,4.344,0.279,-88.468,-83.633,-0.895,523281726.000
-1.566,4.368,0.273,-89.200,-83.708,-0.903,523281826.000
-1.570,4.386,0.293,-89.551,-83.693,-0.925,523281926.000
-1.561,4.389,0.285,-89.686,-83.673,-0.944,523282026.000
-1.558,4.378,0.278,-89.455,-83.430,-0.920,523282126.000
-1.556,4.366,0.273,-89.054,-83.261,-0.887,523282226.000
-1.555,4.344,0.279,-88.575,-83.057,-0.834,523282326.000
-1.551,4.314,0.272,-87.898,-82.809,-0.760,523282427.000
-1.552,4.296,0.275,-87.397,-82.528,-0.706,523282527.000
-1.551,4.278,0.265,-87.039,-82.352,-0.691,523282626.000
-1.543,4.270,0.273,-86.656,-82.228,-0.630,523282726.000
-1.543,4.252,0.268,-86.389,-82.071,-0.635,523282826.000
-1.546,4.240,0.268,-86.112,-81.886,-0.603,523282926.000
-1.540,4.228,0.266,-85.834,-81.784,-0.543,523283027.000
-1.540,4.217,0.261,-85.591,-81.652,-0.576,523283126.000
-1.541,4.211,0.264,-85.331,-81.495,-0.536,523283226.000
-1.537,4.198,0.264,-85.117,-81.397,-0.523,523283326.000
-1.535,4.189,0.267,-84.852,-81.253,-0.509,523283427.000
-1.531,4.176,0.260,-84.706,-81.131,-0.497,523283526.000
-1.532,4.168,0.265,-84.476,-81.015,-0.493,523283626.000
-1.530,4.156,0.258,-84.309,-80.905,-0.490,523283727.000
-1.528,4.152,0.258,-84.124,-80.794,-0.460,523283826.000
-1.524,4.144,0.258,-83.921,-80.721,-0.456,523283927.000
-1.531,4.139,0.256,-83.737,-80.543,-0.454,523284026.000
-1.527,4.126,0.258,-83.578,-80.461,-0.441,523284126.000
-1.519,4.121,0.259,-83.372,-80.389,-0.428,523284226.000
-1.521,4.111,0.256,-83.246,-80.237,-0.417,523284327.000
-1.515,4.110,0.254,-83.032,-80.209,-0.405,523284427.000
-1.516,4.097,0.252,-82.942,-80.094,-0.393,523284526.000
-1.516,4.099,0.254,-82.720,-79.987,-0.409,523284626.000
-1.514,4.087,0.260,-82.609,-79.908,-0.406,523284726.000
-1.512,4.078,0.252,-82.482,-79.799,-0.394,523284826.000
-1.510,4.074,0.250,-82.311,-79.745,-0.392,523284927.000
-1.511,4.063,0.255,-82.206,-79.630,-0.371,523285026.000
-1.511,4.060,0.250,-82.055,-79.500,-0.378,523285126.000
-1.509,4.056,0.253,-81.912,-79.430,-0.376,523285227.000
-1.509,4.048,0.243,-81.805,-79.340,-0.374,523285326.000
-1.508,4.039,0.246,-81.706,-79.246,-0.362,523285426.000
-1.506,4.038,0.251,-81.535,-79.168,-0.351,523285526.000
-1.508,4.031,0.246,-81.448,-79.098,-0.331,523285626.000
-1.504,4.028,0.246,-81.311,-79.049,-0.338,523285726.000
-1.504,4.018,0.244,-81.206,-78.935,-0.345,523285826.000
-1.500,4.012,0.246,-81.084,-78.853,-0.333,523285926.000
-1.496,4.012,0.244,-80.918,-78.764,-0.330,523286026.000
-1.494,4.006,0.239,-80.858,-78.720,-0.310,523286127.000
-1.494,4.003,0.249,-80.709,-78.637,-0.317,523286226.000
-1.495,3.997,0.247,-80.628,-78.571,-0.307,523286326.000
-1.495,3.995,0.239,-80.505,-78.474,-0.286,523286427.000
-1.493,3.988,0.247,-80.419,-78.412,-0.294,523286527.000
-1.491,3.979,0.242,-80.306,-78.343,-0.310,523286627.000
-1.487,3.976,0.245,-80.196,-78.262,-0.289,523286727.000
-1.487,3.968,0.240,-80.117,-78.204,-0.288,523286827.000
-1.488,3.963,0.242,-80.064,-78.123,-0.249,523286927.000
-1.486,3.961,0.240,-79.934,-78.069,-0.293,523287027.000
-1.486,3.958,0.238,-79.797,-77.979,-0.301,523287127.000
-1.482,3.953,0.238,-79.730,-77.931,-0.262,523287227.000
-1.482,3.945,0.243,-79.652,-77.840,-0.260,523287327.000
-1.482,3.948,0.243,-79.498,-77.791,-0.249,523287428.000
-1.476,3.939,0.243,-79.441,-77.731,-0.265,523287528.000
-1.476,3.936,0.236,-79.344,-77.682,-0.246,523287628.000
-1.474,3.932,0.231,-79.298,-77.589,-0.272,523287728.000
-1.474,3.932,0.236,-79.201,-77.548,-0.243,523287828.000
-1.472,3.925,0.239,-79.101,-77.478,-0.250,523287928.000
-1.475,3.921,0.236,-79.028,-77.424,-0.249,523288027.000
-1.477,3.917,0.239,-78.954,-77.305,-0.248,523288128.000
-1.471,3.913,0.234,-78.852,-77.286,-0.246,523288228.000
-1.471,3.905,0.234,-78.787,-77.188,-0.244,523288328.000
-1.467,3.905,0.234,-78.648,-77.164,-0.242,523288427.000
-1.467,3.900,0.234,-78.595,-77.114,-0.232,523288528.000
-1.467,3.900,0.242,-78.513,-77.016,-0.230,523288628.000
-1.468,3.894,0.242,-78.433,-76.966,-0.219,523288728.000
-1.468,3.891,0.230,-78.351,-76.910,-0.228,523288827.000
-1.466,3.893,0.232,-78.260,-76.841,-0.235,523288928.000
-1.466,3.885,0.235,-78.182,-76.783,-0.206,523289028.000
-1.464,3.881,0.235,-78.135,-76.722,-0.205,523289128.000
-1.464,3.873,0.235,-78.070,-76.673,-0.203,523289227.000
-1.462,3.869,0.235,-77.996,-76.612,-0.202,523289328.000
-1.460,3.870,0.233,-77.878,-76.559,-0.209,523289428.000
-1.460,3.867,0.238,-77.824,-76.517,-0.190,523289528.000
-1.456,3.865,0.233,-77.756,-76.462,-0.197,523289628.000
-1.461,3.859,0.233,-77.676,-76.387,-0.187,523289727.000
-1.455,3.858,0.233,-77.614,-76.351,-0.176,523289827.000
-1.459,3.858,0.230,-77.503,-76.261,-0.175,523289928.000
-1.453,3.851,0.231,-77.472,-76.225,-0.210,523290027.000
-1.453,3.843,0.231,-77.434,-76.176,-0.181,523290128.000
-1.453,3.843,0.236,-77.311,-76.134,-0.180,523290227.000
-1.451,3.839,0.226,-77.291,-76.107,-0.207,523290328.000
-1.453,3.838,0.228,-77.189,-76.012,-0.196,523290428.000
-1.452,3.836,0.236,-77.114,-75.926,-0.185,523290528.000
-1.449,3.830,0.226,-77.068,-75.923,-0.166,523290628.000
-1.447,3.831,0.224,-76.991,-75.895,-0.174,523290728.000
-1.446,3.830,0.236,-76.902,-75.816,-0.163,523290827.000
-1.446,3.824,0.236,-76.850,-75.767,-0.153,523290928.000
-1.446,3.819,0.226,-76.810,-75.727,-0.170,523291027.000
-1.444,3.812,0.229,-76.779,-75.682,-0.178,523291127.000
-1.444,3.812,0.232,-76.683,-75.625,-0.177,523291228.000
-1.444,3.812,0.229,-76.613,-75.584,-0.148,523291328.000
-1.438,3.803,0.222,-76.596,-75.549,-0.165,523291427.000
-1.442,3.803,0.227,-76.501,-75.482,-0.192,523291528.000
-1.440,3.799,0.224,-76.468,-75.430,-0.163,523291627.000
-1.438,3.800,0.224,-76.405,-75.393,-0.171,523291727.000
-1.436,3.799,0.230,-76.274,-75.340,-0.160,523291828.000
-1.436,3.794,0.215,-76.262,-75.316,-0.150,523291927.000
-1.434,3.790,0.225,-76.202,-75.247,-0.149,523292028.000
-1.435,3.782,0.222,-76.193,-75.230,-0.148,523292127.000
-1.432,3.783,0.222,-76.102,-75.194,-0.156,523292227.000
-1.435,3.784,0.222,-76.053,-75.108,-0.137,523292327.000
-1.433,3.778,0.222,-75.980,-75.071,-0.144,523292428.000
-1.431,3.776,0.225,-75.933,-75.050,-0.162,523292528.000
-1.438,3.775,0.225,-75.873,-74.939,-0.180,523292628.000
-1.429,3.772,0.223,-75.804,-74.973,-0.160,523292728.000
-1.427,3.766,0.220,-75.813,-74.921,-0.140,523292828.000
-1.434,3.769,0.230,-75.668,-74.824,-0.139,523292928.000
-1.425,3.762,0.225,-75.684,-74.843,-0.138,523293028.000
-1.429,3.761,0.220,-75.602,-74.785,-0.138,523293128.000
-1.428,3.757,0.223,-75.555,-74.692,-0.108,523293228.000
-1.423,3.752,0.221,-75.530,-74.701,-0.153,523293327.000
-1.424,3.755,0.226,-75.432,-74.635,-0.115,523293427.000
-1.426,3.751,0.218,-75.399,-74.574,-0.142,523293527.000
-1.421,3.751,0.211,-75.329,-74.575,-0.141,523293628.000
-1.422,3.748,0.223,-75.290,-74.509,-0.122,523293728.000
-1.418,3.748,0.223,-75.234,-74.485,-0.120,523293827.000
-1.420,3.744,0.221,-75.161,-74.431,-0.147,523293928.000
-1.424,3.744,0.216,-75.119,-74.349,-0.147,523294028.000
-1.422,3.740,0.224,-75.073,-74.336,-0.118,523294128.000
-1.420,3.736,0.224,-75.054,-74.324,-0.117,523294227.000
-1.422,3.732,0.216,-74.994,-74.263,-0.116,523294327.000
-1.421,3.733,0.221,-74.945,-74.186,-0.124,523294427.000
-1.419,3.732,0.224,-74.870,-74.165,-0.114,523294527.000
-1.417,3.728,0.224,-74.782,-74.129,-0.112,523294627.000
-1.419,3.724,0.224,-74.791,-74.091,-0.112,523294728.000
-1.415,3.721,0.219,-74.709,-74.060,-0.120,523294827.000
-1.415,3.718,0.219,-74.696,-74.060,-0.129,523294927.000
-1.413,3.720,0.219,-74.633,-74.023,-0.109,523295027.000
-1.415,3.718,0.224,-74.586,-73.945,-0.099,523295128.000
-1.411,3.710,0.214,-74.575,-73.955,-0.126,523295227.000
-1.413,3.711,0.222,-74.486,-73.892,-0.134,523295328.000
-1.411,3.710,0.219,-74.452,-73.864,-0.124,523295428.000
-1.411,3.710,0.222,-74.382,-73.807,-0.095,523295528.000
-1.409,3.709,0.219,-74.348,-73.779,-0.113,523295628.000
-1.409,3.703,0.222,-74.282,-73.721,-0.102,523295728.000
-1.409,3.698,0.214,-74.326,-73.698,-0.093,523295828.000
-1.405,3.701,0.220,-74.241,-73.681,-0.110,523295928.000
-1.407,3.699,0.217,-74.180,-73.628,-0.100,523296027.000
-1.410,3.693,0.220,-74.163,-73.582,-0.109,523296128.000
-1.403,3.697,0.217,-74.098,-73.580,-0.108,523296227.000
-1.408,3.694,0.212,-74.003,-73.473,-0.116,523296328.000
-1.403,3.686,0.212,-74.048,-73.498,-0.088,523296427.000
-1.406,3.687,0.215,-73.999,-73.428,-0.096,523296528.000
-1.404,3.686,0.215,-73.910,-73.416,-0.086,523296628.000
-1.402,3.679,0.215,-73.920,-73.380,-0.094,523296728.000
-1.402,3.677,0.223,-73.881,-73.330,-0.103,523296828.000
-1.402,3.677,0.215,-73.811,-73.306,-0.102,523296928.000
-1.400,3.675,0.215,-73.777,-73.294,-0.092,523297028.000
-1.400,3.675,0.225,-73.709,-73.236,-0.091,523297128.000
-1.398,3.669,0.215,-73.663,-73.184,-0.099,523297227.000
-1.396,3.670,0.213,-73.655,-73.181,-0.108,523297327.000
-1.398,3.666,0.213,-73.609,-73.143,-0.079,523297428.000
-1.394,3.666,0.218,-73.512,-73.127,-0.105,523297528.000
-1.394,3.663,0.208,-73.513,-73.087,-0.087,523297628.000
-1.394,3.663,0.216,-73.458,-73.038,-0.086,523297728.000
-1.394,3.658,0.206,-73.446,-72.998,-0.103,523297827.000
-1.397,3.654,0.208,-73.428,-72.928,-0.075,523297927.000
-1.395,3.658,0.218,-73.337,-72.931,-0.102,523298027.000
-1.392,3.659,0.211,-73.287,-72.920,-0.083,523298128.000
-1.395,3.655,0.211,-73.255,-72.858,-0.082,523298228.000
-1.390,3.652,0.213,-73.242,-72.850,-0.090,523298328.000
-1.388,3.648,0.211,-73.195,-72.822,-0.089,523298427.000
-1.393,3.646,0.208,-73.169,-72.805,-0.071,523298527.000
-1.389,3.646,0.214,-73.114,-72.765,-0.070,523298626.000
-1.389,3.646,0.216,-73.073,-72.707,-0.069,523298728.000
-1.391,3.642,0.209,-73.054,-72.671,-0.068,523298826.000
-1.391,3.639,0.211,-72.986,-72.637,-0.077,523298926.000
-1.391,3.636,0.204,-72.987,-72.614,-0.086,523299026.000
-1.391,3.634,0.211,-72.934,-72.588,-0.066,523299126.000
-1.387,3.636,0.211,-72.863,-72.564,-0.083,523299226.000
-1.383,3.634,0.209,-72.850,-72.574,-0.092,523299326.000
-1.389,3.632,0.211,-72.790,-72.478,-0.082,523299426.000
-1.385,3.627,0.209,-72.777,-72.463,-0.044,523299526.000
-1.385,3.627,0.207,-72.750,-72.447,-0.072,523299626.000
-1.385,3.624,0.214,-72.724,-72.421,-0.080,523299727.000
-1.381,3.622,0.207,-72.683,-72.398,-0.088,523299826.000
-1.383,3.623,0.212,-72.662,-72.345,-0.070,523299926.000
-1.383,3.623,0.207,-72.593,-72.336,-0.097,523300026.000
-1.386,3.616,0.217,-72.563,-72.266,-0.050,523300126.000
-1.379,3.618,0.209,-72.526,-72.304,-0.058,523300226.000
-1.382,3.611,0.214,-72.509,-72.226,-0.039,523300326.000
-1.384,3.612,0.204,-72.502,-72.198,-0.076,523300426.000
-1.382,3.611,0.209,-72.426,-72.145,-0.065,523300526.000
-1.380,3.612,0.214,-72.391,-72.140,-0.074,523300627.000
-1.380,3.607,0.205,-72.366,-72.125,-0.064,523300726.000
-1.380,3.607,0.207,-72.324,-72.068,-0.063,523300826.000
-1.380,3.609,0.207,-72.268,-72.043,-0.053,523300926.000
-1.380,3.604,0.207,-72.229,-72.018,-0.071,523301027.000
-1.378,3.605,0.205,-72.193,-72.015,-0.052,523301127.000
-1.374,3.598,0.210,-72.225,-71.999,-0.079,523301226.000
-1.376,3.596,0.207,-72.178,-71.970,-0.069,523301327.000
-1.376,3.599,0.207,-72.107,-71.921,-0.059,523301426.000
-1.374,3.597,0.210,-72.073,-71.876,-0.021,523301526.000
-1.374,3.595,0.205,-72.033,-71.844,-0.057,523301626.000
-1.377,3.588,0.207,-72.044,-71.798,-0.066,523301726.000
-1.379,3.592,0.210,-71.953,-71.777,-0.066,523301826.000
-1.372,3.588,0.203,-71.960,-71.791,-0.065,523301926.000
-1.372,3.585,0.205,-71.920,-71.758,-0.046,523302026.000
-1.377,3.588,0.208,-71.878,-71.700,-0.064,523302126.000
-1.375,3.587,0.213,-71.844,-71.671,-0.054,523302226.000
-1.371,3.579,0.210,-71.848,-71.705,-0.053,523302326.000
-1.377,3.580,0.205,-71.799,-71.610,-0.062,523302426.000
-1.371,3.576,0.210,-71.780,-71.607,-0.033,523302526.000
-1.369,3.575,0.205,-71.745,-71.612,-0.023,523302627.000
-1.371,3.579,0.210,-71.654,-71.557,-0.023,523302727.000
-1.367,3.576,0.208,-71.641,-71.566,-0.059,523302827.000
-1.369,3.575,0.203,-71.607,-71.497,-0.049,523302926.000
-1.367,3.581,0.211,-71.542,-71.509,-0.067,523303026.000
-1.369,3.572,0.203,-71.540,-71.448,-0.057,523303126.000
-1.369,3.567,0.208,-71.542,-71.431,-0.020,523303226.000
-1.369,3.569,0.213,-71.514,-71.390,-0.038,523303326.000
-1.369,3.564,0.208,-71.489,-71.358,-0.056,523303426.000
-1.367,3.565,0.201,-71.453,-71.371,-0.037,523303527.000
-1.367,3.563,0.203,-71.413,-71.338,-0.045,523303626.000
-1.365,3.564,0.203,-71.405,-71.302,-0.054,523303726.000
-1.365,3.559,0.203,-71.394,-71.277,-0.044,523303826.000
-1.365,3.561,0.203,-71.310,-71.252,-0.034,523303926.000
-1.363,3.555,0.198,-71.306,-71.209,-0.042,523304026.000
-1.366,3.556,0.203,-71.285,-71.203,-0.024,523304127.000
-1.366,3.551,0.203,-71.274,-71.179,-0.042,523304227.000
-1.366,3.553,0.208,-71.218,-71.137,-0.060,523304326.000
-1.361,3.548,0.201,-71.192,-71.163,-0.022,523304426.000
-1.357,3.556,0.199,-71.118,-71.124,-0.048,523304527.000
-1.364,3.549,0.201,-71.129,-71.053,-0.030,523304627.000
-1.362,3.545,0.206,-71.111,-71.073,-0.029,523304726.000
-1.357,3.550,0.206,-70.997,-71.049,-0.037,523304826.000
-1.362,3.545,0.204,-71.042,-70.983,-0.056,523304927.000
-1.360,3.544,0.209,-71.021,-70.979,-0.018,523305027.000
-1.360,3.544,0.199,-70.980,-70.939,-0.045,523305128.000
-1.360,3.544,0.206,-70.952,-70.938,-0.018,523305227.000
-1.360,3.536,0.199,-70.956,-70.914,-0.045,523305327.000
-1.356,3.541,0.201,-70.898,-70.907,-0.053,523305427.000
-1.358,3.537,0.209,-70.866,-70.845,-0.025,523305528.000
-1.356,3.533,0.201,-70.860,-70.809,-0.024,523305627.000
-1.356,3.533,0.199,-70.847,-70.817,-0.051,523305727.000
-1.356,3.535,0.204,-70.763,-70.776,-0.041,523305827.000
-1.358,3.532,0.204,-70.744,-70.738,-0.041,523305927.000
-1.356,3.530,0.204,-70.724,-70.751,-0.059,523306027.000
-1.352,3.525,0.207,-70.740,-70.720,-0.021,523306127.000
-1.356,3.528,0.204,-70.670,-70.678,-0.012,523306227.000
-1.352,3.525,0.204,-70.629,-70.654,-0.020,523306327.000
-1.357,3.525,0.204,-70.630,-70.629,-0.020,523306427.000
-1.352,3.525,0.199,-70.574,-70.622,-0.047,523306527.000
-1.350,3.518,0.209,-70.557,-70.601,-0.027,523306628.000
-1.355,3.521,0.202,-70.514,-70.576,-0.018,523306728.000
-1.350,3.521,0.192,-70.486,-70.537,-0.045,523306828.000
-1.353,3.514,0.197,-70.510,-70.483,-0.026,523306927.000
-1.355,3.515,0.200,-70.420,-70.486,-0.035,523307028.000
-1.353,3.514,0.197,-70.427,-70.482,-0.025,523307127.000
-1.353,3.517,0.207,-70.371,-70.425,-0.015,523307227.000
-1.351,3.513,0.200,-70.366,-70.438,-0.042,523307328.000
-1.344,3.509,0.197,-70.374,-70.436,-0.041,523307427.000
-1.349,3.511,0.200,-70.291,-70.401,-0.032,523307527.000
-1.349,3.511,0.205,-70.277,-70.360,-0.004,523307627.000
-1.345,3.506,0.195,-70.251,-70.370,-0.021,523307728.000
-1.349,3.506,0.200,-70.210,-70.303,-0.021,523307827.000
-1.349,3.511,0.200,-70.153,-70.303,-0.030,523307927.000
-1.345,3.503,0.200,-70.197,-70.280,-0.029,523308027.000
-1.347,3.505,0.200,-70.149,-70.242,-0.038,523308127.000
-1.349,3.501,0.200,-70.131,-70.205,-0.038,523308228.000
-1.343,3.505,0.197,-70.065,-70.203,-0.009,523308328.000
-1.349,3.498,0.202,-70.062,-70.172,0.009,523308428.000
-1.347,3.499,0.200,-70.041,-70.144,-0.027,523308528.000
-1.347,3.494,0.200,-70.057,-70.120,-0.017,523308628.000
-1.343,3.494,0.195,-69.988,-70.137,-0.016,523308728.000
-1.343,3.497,0.200,-69.945,-70.072,-0.006,523308827.000
-1.346,3.495,0.200,-69.939,-70.034,0.003,523308928.000
-1.346,3.487,0.198,-69.957,-70.018,-0.024,523309027.000
-1.346,3.490,0.198,-69.873,-69.993,-0.014,523309128.000
-1.341,3.487,0.198,-69.874,-69.994,-0.023,523309227.000
-1.339,3.486,0.203,-69.840,-69.966,-0.013,523309328.000
-1.344,3.486,0.198,-69.826,-69.933,-0.013,523309428.000
-1.339,3.486,0.193,-69.742,-69.925,-0.012,523309528.000
-1.342,3.485,0.198,-69.737,-69.872,-0.002,523309627.000
-1.342,3.484,0.203,-69.710,-69.855,-0.002,523309728.000
-1.338,3.479,0.198,-69.697,-69.872,0.008,523309827.000
-1.342,3.477,0.195,-69.727,-69.807,-0.001,523309927.000
-1.335,3.480,0.191,-69.648,-69.861,-0.028,523310028.000
-1.338,3.479,0.196,-69.601,-69.783,0.010,523310128.000
-1.336,3.473,0.193,-69.638,-69.779,0.001,523310228.000
-1.342,3.476,0.196,-69.575,-69.733,0.001,523310328.000
-1.338,3.471,0.193,-69.577,-69.742,-0.017,523310427.000
-1.336,3.475,0.196,-69.513,-69.746,-0.016,523310527.000
-1.334,3.469,0.198,-69.523,-69.677,0.003,523310627.000
-1.336,3.470,0.196,-69.488,-69.697,-0.006,523310728.000
-1.332,3.470,0.201,-69.447,-69.681,-0.005,523310827.000
-1.336,3.467,0.201,-69.462,-69.607,0.013,523310927.000
-1.338,3.468,0.193,-69.413,-69.570,-0.023,523311028.000
-1.336,3.470,0.198,-69.377,-69.566,0.024,523311128.000
-1.334,3.463,0.191,-69.374,-69.603,-0.041,523311228.000
-1.334,3.468,0.196,-69.316,-69.538,0.006,523311328.000
-1.330,3.466,0.196,-69.289,-69.539,-0.002,523311427.000
-1.334,3.460,0.189,-69.306,-69.490,-0.021,523311528.000
-1.330,3.463,0.201,-69.250,-69.473,-0.010,523311627.000
-1.330,3.460,0.189,-69.250,-69.515,-0.020,523311728.000
-1.328,3.456,0.194,-69.245,-69.462,-0.019,523311828.000
-1.328,3.459,0.194,-69.175,-69.413,-0.009,523311928.000
-1.333,3.456,0.194,-69.177,-69.412,-0.018,523312027.000
-1.328,3.456,0.199,-69.149,-69.372,0.011,523312128.000
-1.326,3.455,0.201,-69.115,-69.376,-0.007,523312228.000
-1.331,3.455,0.199,-69.088,-69.334,-0.007,523312327.000
-1.329,3.451,0.201,-69.097,-69.338,-0.007,523312428.000
-1.329,3.456,0.196,-69.038,-69.306,0.012,523312528.000
-1.324,3.451,0.189,-69.026,-69.308,0.022,523312627.000
-1.329,3.448,0.196,-69.015,-69.281,-0.015,523312728.000
-1.329,3.446,0.194,-68.988,-69.241,0.004,523312827.000
-1.327,3.442,0.201,-68.998,-69.228,0.005,523312927.000
-1.325,3.446,0.199,-68.947,-69.225,0.005,523313027.000
-1.329,3.443,0.194,-68.949,-69.192,-0.004,523313128.000
-1.325,3.443,0.194,-68.907,-69.192,-0.003,523313228.000
-1.325,3.445,0.194,-68.864,-69.144,0.007,523313328.000
-1.327,3.444,0.196,-68.830,-69.122,0.016,523313427.000
-1.327,3.436,0.199,-68.849,-69.089,-0.011,523313527.000
-1.327,3.436,0.192,-68.848,-69.090,-0.011,523313628.000
-1.325,3.435,0.192,-68.814,-69.078,-0.029,523313728.000
-1.325,3.432,0.192,-68.788,-69.053,-0.010,523313828.000
-1.325,3.440,0.197,-68.742,-69.037,0.018,523313927.000
-1.325,3.432,0.197,-68.747,-69.012,-0.009,523314028.000
-1.323,3.436,0.197,-68.696,-68.976,0.019,523314127.000
-1.325,3.435,0.189,-68.689,-68.988,0.001,523314228.000
-1.325,3.435,0.189,-68.648,-68.964,0.001,523314327.000
-1.323,3.431,0.189,-68.657,-68.952,0.002,523314428.000
-1.323,3.428,0.194,-68.645,-68.935,-0.007,523314527.000
-1.321,3.429,0.189,-68.609,-68.916,0.012,523314627.000
-1.323,3.428,0.192,-68.575,-68.894,0.021,523314728.000
-1.319,3.428,0.192,-68.547,-68.871,0.022,523314827.000
-1.319,3.428,0.197,-68.534,-68.878,-0.005,523314927.000
-1.319,3.425,0.192,-68.521,-68.846,0.014,523315028.000
-1.317,3.424,0.190,-68.501,-68.843,-0.004,523315127.000
-1.322,3.424,0.190,-68.474,-68.769,-0.004,523315227.000
-1.319,3.420,0.192,-68.510,-68.773,-0.004,523315327.000
-1.322,3.424,0.192,-68.418,-68.736,0.025,523315427.000
-1.315,3.417,0.190,-68.428,-68.757,-0.011,523315527.000
-1.318,3.421,0.197,-68.392,-68.720,0.016,523315628.000
-1.318,3.421,0.187,-68.364,-68.704,-0.011,523315727.000
-1.318,3.421,0.190,-68.350,-68.696,-0.011,523315828.000
-1.315,3.415,0.190,-68.346,-68.684,0.009,523315927.000
-1.316,3.409,0.190,-68.336,-68.659,-0.009,523316028.000
-1.314,3.416,0.195,-68.283,-68.631,0.028,523316128.000
-1.318,3.413,0.192,-68.286,-68.614,-0.009,523316228.000
-1.318,3.413,0.190,-68.257,-68.597,0.019,523316328.000
-1.312,3.412,0.192,-68.223,-68.578,0.030,523316427.000
-1.316,3.412,0.185,-68.210,-68.578,-0.026,523316527.000
-1.316,3.409,0.190,-68.198,-68.561,-0.007,523316627.000
-1.316,3.409,0.187,-68.183,-68.521,0.021,523316727.000
-1.314,3.405,0.190,-68.164,-68.525,0.021,523316828.000
-1.312,3.401,0.192,-68.187,-68.505,0.022,523316927.000
-1.312,3.406,0.193,-68.130,-68.504,-0.015,523317028.000
-1.312,3.404,0.198,-68.104,-68.463,0.004,523317127.000
-1.312,3.404,0.188,-68.075,-68.448,0.005,523317228.000
-1.312,3.406,0.190,-68.019,-68.439,0.014,523317328.000
-1.312,3.399,0.188,-68.064,-68.423,-0.013,523317427.000
-1.310,3.402,0.188,-68.013,-68.387,0.015,523317528.000
-1.314,3.402,0.195,-67.973,-68.385,0.015,523317628.000
-1.308,3.393,0.193,-67.998,-68.358,-0.002,523317727.000
-1.310,3.402,0.193,-67.945,-68.345,0.016,523317828.000
-1.310,3.397,0.188,-67.919,-68.313,0.026,523317927.000
-1.308,3.401,0.188,-67.869,-68.325,-0.001,523318027.000
-1.308,3.396,0.190,-67.900,-68.293,0.008,523318127.000
-1.306,3.397,0.188,-67.864,-68.290,0.027,523318228.000
-1.306,3.392,0.183,-67.880,-68.282,0.009,523318327.000
-1.310,3.394,0.193,-67.811,-68.222,0.019,523318427.000
-1.306,3.394,0.190,-67.810,-68.232,0.019,523318527.000
-1.308,3.390,0.190,-67.792,-68.195,0.020,523318628.000
-1.308,3.390,0.188,-67.778,-68.203,-0.008,523318728.000
-1.306,3.389,0.193,-67.744,-68.174,0.002,523318827.000
-1.306,3.392,0.193,-67.701,-68.125,0.012,523318927.000
-1.309,3.388,0.196,-67.683,-68.104,0.012,523319028.000
-1.307,3.384,0.191,-67.691,-68.109,0.013,523319127.000
-1.307,3.386,0.188,-67.704,-68.093,-0.006,523319227.000
-1.307,3.384,0.193,-67.664,-68.076,0.013,523319327.000
-1.307,3.384,0.186,-67.663,-68.028,0.013,523319427.000
-1.305,3.380,0.193,-67.631,-68.040,0.014,523319528.000
-1.305,3.382,0.186,-67.615,-68.041,0.023,523319627.000
-1.303,3.378,0.188,-67.610,-68.021,0.024,523319728.000
-1.305,3.380,0.186,-67.576,-67.992,0.015,523319827.000
-1.303,3.381,0.188,-67.540,-67.971,0.006,523319928.000
-1.303,3.376,0.186,-67.557,-67.980,0.016,523320028.000
-1.303,3.378,0.183,-67.500,-67.939,0.025,523320127.000
-1.303,3.373,0.183,-67.516,-67.915,0.007,523320228.000
-1.301,3.377,0.181,-67.452,-67.887,0.008,523320328.000
-1.303,3.373,0.186,-67.475,-67.906,0.008,523320428.000
-1.303,3.373,0.186,-67.434,-67.881,0.008,523320527.000
-1.305,3.372,0.186,-67.414,-67.868,0.045,523320628.000
-1.303,3.370,0.183,-67.435,-67.841,0.027,523320728.000
-1.303,3.375,0.184,-67.364,-67.816,-0.009,523320828.000
-1.301,3.369,0.186,-67.374,-67.845,0.010,523320927.000
-1.303,3.368,0.186,-67.354,-67.783,0.019,523321028.000
-1.301,3.366,0.186,-67.347,-67.772,0.029,523321128.000
-1.297,3.364,0.179,-67.361,-67.798,0.020,523321227.000
-1.301,3.366,0.191,-67.278,-67.730,0.030,523321328.000
-1.299,3.365,0.191,-67.286,-67.743,0.012,523321427.000
-1.301,3.366,0.189,-67.251,-67.714,0.030,523321528.000
-1.299,3.367,0.189,-67.229,-67.702,0.022,523321628.000
-1.297,3.361,0.189,-67.266,-67.715,0.040,523321727.000
-1.297,3.356,0.184,-67.269,-67.683,0.050,523321827.000
-1.295,3.360,0.186,-67.218,-67.663,0.051,523321927.000
-1.295,3.360,0.189,-67.191,-67.630,0.024,523322027.000
-1.295,3.354,0.189,-67.194,-67.630,0.005,523322127.000
-1.297,3.358,0.189,-67.144,-67.617,0.005,523322227.000
-1.293,3.361,0.179,-67.072,-67.626,0.016,523322327.000
-1.295,3.357,0.189,-67.124,-67.581,0.015,523322428.000
-1.298,3.355,0.186,-67.076,-67.551,0.025,523322528.000
-1.295,3.354,0.186,-67.069,-67.540,0.035,523322628.000
-1.298,3.355,0.189,-67.049,-67.519,0.026,523322728.000
-1.296,3.354,0.191,-67.028,-67.498,0.036,523322828.000
-1.296,3.351,0.186,-67.029,-67.491,0.026,523322929.000
-1.296,3.354,0.189,-67.001,-67.482,0.036,523323028.000
-1.293,3.353,0.187,-66.980,-67.479,0.018,523323128.000
-1.293,3.353,0.179,-66.952,-67.479,0.046,523323229.000
-1.296,3.354,0.194,-66.932,-67.441,0.037,523323328.000
-1.294,3.347,0.184,-66.942,-67.438,0.000,523323428.000
-1.294,3.347,0.189,-66.887,-67.421,0.029,523323528.000
-1.289,3.347,0.184,-66.886,-67.414,0.029,523323628.000
-1.292,3.343,0.182,-66.908,-67.386,0.029,523323728.000
-1.294,3.345,0.179,-66.860,-67.381,0.020,523323828.000
-1.292,3.343,0.182,-66.840,-67.361,0.002,523323928.000
-1.292,3.343,0.184,-66.798,-67.352,0.030,523324028.000
-1.288,3.341,0.184,-66.813,-67.329,0.022,523324128.000
-1.296,3.346,0.192,-66.784,-67.277,0.040,523324228.000
-1.292,3.343,0.182,-66.742,-67.287,0.059,523324328.000
-1.290,3.342,0.182,-66.764,-67.276,0.041,523324428.000
-1.290,3.342,0.184,-66.709,-67.291,0.014,523324528.000
-1.290,3.339,0.187,-66.752,-67.259,0.032,523324627.000
-1.294,3.339,0.189,-66.711,-67.225,0.032,523324728.000
-1.290,3.334,0.184,-66.713,-67.218,0.015,523324828.000
-1.290,3.337,0.189,-66.670,-67.201,0.052,523324928.000
-1.288,3.335,0.182,-66.664,-67.190,0.034,523325027.000
-1.288,3.338,0.190,-66.622,-67.189,0.016,523325128.000
-1.290,3.334,0.184,-66.616,-67.144,0.044,523325227.000
-1.288,3.335,0.177,-66.567,-67.133,0.035,523325328.000
-1.292,3.335,0.187,-66.554,-67.099,0.035,523325428.000
-1.288,3.333,0.187,-66.583,-67.100,0.026,523325528.000
-1.290,3.331,0.185,-66.590,-67.120,0.035,523325628.000
-1.288,3.330,0.185,-66.515,-67.083,0.046,523325728.000
-1.286,3.331,0.182,-66.493,-67.056,0.037,523325828.000
-1.286,3.326,0.177,-66.523,-67.072,0.046,523325927.000
-1.286,3.331,0.185,-66.479,-67.047,0.037,523326028.000
-1.286,3.329,0.180,-66.494,-67.015,0.056,523326127.000
-1.288,3.327,0.180,-66.475,-67.002,0.010,523326228.000
-1.286,3.323,0.182,-66.469,-66.982,0.038,523326328.000
-1.284,3.327,0.180,-66.432,-67.003,0.038,523326427.000
-1.282,3.321,0.182,-66.443,-66.983,0.030,523326527.000
-1.289,3.325,0.180,-66.406,-66.953,0.057,523326627.000
-1.284,3.322,0.180,-66.380,-66.954,0.049,523326728.000
-1.282,3.326,0.187,-66.330,-66.917,0.050,523326827.000
-1.284,3.322,0.185,-66.339,-66.913,0.049,523326927.000
-1.287,3.318,0.177,-66.334,-66.900,0.022,523327028.000
-1.287,3.320,0.185,-66.305,-66.875,0.031,523327127.000
-1.280,3.319,0.185,-66.326,-66.889,0.041,523327228.000
-1.280,3.314,0.185,-66.315,-66.865,0.051,523327328.000
-1.285,3.316,0.185,-66.258,-66.814,0.060,523327428.000
-1.285,3.319,0.180,-66.257,-66.807,0.042,523327528.000
-1.278,3.313,0.175,-66.266,-66.861,0.033,523327628.000
-1.283,3.315,0.185,-66.252,-66.803,0.070,523327728.000
-1.280,3.314,0.173,-66.217,-66.808,0.052,523327828.000
-1.281,3.314,0.185,-66.190,-66.791,0.053,523327927.000
-1.278,3.312,0.185,-66.184,-66.779,0.035,523328028.000
-1.285,3.311,0.180,-66.164,-66.757,0.043,523328128.000
-1.285,3.311,0.183,-66.123,-66.700,0.044,523328228.000
-1.281,3.308,0.180,-66.138,-66.709,0.036,523328327.000
-1.281,3.308,0.180,-66.124,-66.685,0.008,523328428.000
-1.281,3.311,0.180,-66.054,-66.684,0.018,523328528.000
-1.281,3.308,0.180,-66.096,-66.685,0.036,523328628.000
-1.281,3.306,0.183,-66.084,-66.652,0.027,523328728.000
-1.281,3.303,0.183,-66.072,-66.652,0.046,523328828.000
-1.281,3.306,0.178,-66.043,-66.644,0.028,523328928.000
-1.277,3.306,0.183,-66.001,-66.628,0.029,523329028.000
-1.279,3.302,0.178,-66.009,-66.608,0.057,523329128.000
-1.277,3.306,0.180,-65.973,-66.612,0.057,523329228.000
-1.277,3.303,0.180,-65.988,-66.563,0.048,523329328.000
-1.279,3.304,0.178,-65.953,-66.583,0.066,523329427.000
-1.279,3.296,0.180,-65.999,-66.550,0.039,523329527.000
-1.275,3.299,0.173,-65.955,-66.576,0.021,523329628.000
-1.279,3.299,0.175,-65.928,-66.518,0.049,523329727.000
-1.277,3.300,0.176,-65.893,-66.530,0.040,523329828.000
-1.279,3.301,0.178,-65.872,-66.509,0.031,523329928.000
-1.277,3.295,0.178,-65.868,-66.497,0.050,523330027.000
-1.275,3.299,0.181,-65.804,-66.501,0.023,523330128.000
-1.279,3.294,0.183,-65.862,-66.444,0.032,523330228.000
-1.275,3.296,0.181,-65.833,-66.477,0.042,523330328.000
-1.275,3.299,0.181,-65.762,-66.428,0.024,523330428.000
-1.275,3.296,0.183,-65.805,-66.444,0.042,523330527.000
-1.275,3.294,0.181,-65.779,-66.404,0.033,523330628.000
-1.273,3.292,0.178,-65.772,-66.425,0.043,523330728.000
-1.278,3.292,0.183,-65.745,-66.382,0.043,523330827.000
-1.275,3.291,0.183,-65.739,-66.371,0.053,523330928.000
-1.278,3.290,0.183,-65.733,-66.382,0.062,523331027.000
-1.276,3.291,0.181,-65.698,-66.330,0.026,523331128.000
-1.271,3.288,0.176,-65.712,-66.372,0.044,523331228.000
-1.273,3.289,0.173,-65.690,-66.319,0.035,523331327.000
-1.271,3.286,0.181,-65.686,-66.331,0.036,523331427.000
-1.274,3.287,0.188,-65.638,-66.293,0.027,523331527.000
-1.271,3.286,0.178,-65.630,-66.315,0.064,523331628.000
-1.276,3.283,0.178,-65.646,-66.241,0.027,523331728.000
-1.269,3.284,0.176,-65.624,-66.287,0.046,523331827.000
-1.272,3.283,0.181,-65.605,-66.257,0.028,523331928.000
-1.267,3.280,0.181,-65.591,-66.283,0.047,523332027.000
-1.274,3.284,0.173,-65.569,-66.245,0.046,523332128.000
-1.274,3.284,0.178,-65.556,-66.204,0.019,523332228.000
-1.272,3.283,0.181,-65.535,-66.232,0.056,523332328.000
-1.270,3.279,0.176,-65.530,-66.213,0.057,523332428.000
-1.274,3.281,0.178,-65.515,-66.155,0.039,523332527.000
-1.274,3.279,0.178,-65.489,-66.130,0.058,523332628.000
-1.272,3.277,0.176,-65.483,-66.151,0.039,523332727.000
-1.268,3.272,0.179,-65.499,-66.168,0.049,523332828.000
-1.274,3.274,0.181,-65.478,-66.122,0.040,523332928.000
-1.270,3.274,0.179,-65.450,-66.131,0.040,523333027.000
-1.274,3.276,0.186,-65.450,-66.081,0.049,523333128.000
-1.270,3.276,0.176,-65.407,-66.115,0.078,523333227.000
-1.272,3.275,0.186,-65.388,-66.068,0.032,523333327.000
-1.266,3.271,0.181,-65.368,-66.099,0.061,523333428.000
-1.268,3.277,0.179,-65.372,-66.046,0.042,523333527.000
-1.268,3.269,0.179,-65.362,-66.046,0.042,523333627.000
-1.270,3.273,0.181,-65.340,-66.000,0.042,523333728.000
-1.266,3.271,0.181,-65.313,-66.001,0.062,523333828.000
-1.270,3.273,0.176,-65.325,-65.993,0.070,523333928.000
-1.268,3.272,0.179,-65.278,-65.972,0.053,523334027.000
-1.266,3.271,0.181,-65.299,-65.977,0.034,523334128.000
-1.268,3.264,0.176,-65.268,-65.956,0.053,523334228.000
-1.268,3.267,0.179,-65.267,-65.948,0.062,523334328.000
-1.268,3.267,0.176,-65.239,-65.931,0.063,523334428.000
-1.268,3.267,0.174,-65.239,-65.915,0.063,523334528.000
-1.268,3.264,0.176,-65.240,-65.907,0.054,523334628.000
-1.268,3.264,0.174,-65.199,-65.915,0.054,523334728.000
-1.264,3.261,0.179,-65.200,-65.899,0.046,523334828.000
-1.266,3.265,0.179,-65.177,-65.887,0.046,523334928.000
-1.264,3.264,0.181,-65.157,-65.866,0.056,523335028.000
-1.264,3.261,0.179,-65.172,-65.851,0.046,523335128.000
-1.266,3.260,0.181,-65.166,-65.829,0.056,523335228.000
-1.266,3.260,0.176,-65.138,-65.846,0.056,523335327.000
-1.264,3.261,0.177,-65.103,-65.810,0.047,523335427.000
-1.260,3.261,0.177,-65.103,-65.835,0.048,523335528.000
-1.262,3.257,0.179,-65.098,-65.790,0.048,523335627.000
-1.260,3.264,0.177,-65.046,-65.811,0.057,523335728.000
-1.264,3.256,0.182,-65.051,-65.792,0.057,523335827.000
-1.260,3.256,0.172,-65.050,-65.803,0.058,523335928.000
-1.264,3.258,0.174,-65.008,-65.744,0.040,523336028.000
-1.265,3.253,0.176,-65.065,-65.712,0.077,523336127.000
-1.265,3.256,0.179,-65.009,-65.703,0.058,523336227.000
-1.262,3.260,0.177,-64.958,-65.700,0.059,523336328.000
-1.260,3.251,0.179,-64.984,-65.728,0.041,523336428.000
-1.263,3.257,0.182,-64.947,-65.683,0.050,523336528.000
-1.265,3.251,0.177,-64.943,-65.662,0.041,523336627.000
-1.263,3.252,0.177,-64.949,-65.651,0.060,523336728.000
-1.260,3.251,0.169,-64.928,-65.664,0.042,523336827.000
-1.261,3.251,0.174,-64.929,-65.647,0.042,523336928.000
-1.263,3.252,0.177,-64.907,-65.626,0.060,523337028.000
-1.261,3.251,0.172,-64.900,-65.631,0.070,523337128.000
-1.261,3.248,0.174,-64.874,-65.622,0.061,523337227.000
-1.263,3.249,0.177,-64.840,-65.577,0.052,523337328.000
-1.263,3.247,0.169,-64.868,-65.602,0.070,523337428.000
-1.267,3.247,0.179,-64.856,-65.519,0.071,523337528.000
-1.259,3.244,0.179,-64.842,-65.569,0.063,523337628.000
-1.261,3.248,0.179,-64.806,-65.581,0.062,523337728.000
-1.259,3.244,0.170,-64.787,-65.554,0.035,523337828.000
-1.263,3.244,0.172,-64.787,-65.496,0.063,523337928.000
-1.261,3.245,0.182,-64.766,-65.499,0.054,523338027.000
-1.259,3.241,0.172,-64.760,-65.496,0.055,523338128.000
-1.261,3.240,0.175,-64.769,-65.500,0.036,523338227.000
-1.259,3.239,0.167,-64.761,-65.489,0.073,523338327.000
-1.257,3.242,0.172,-64.711,-65.484,0.046,523338428.000
-1.261,3.242,0.177,-64.657,-65.442,0.046,523338527.000
-1.255,3.241,0.180,-64.677,-65.472,0.056,523338628.000
-1.255,3.241,0.175,-64.663,-65.464,0.056,523338727.000
-1.255,3.241,0.175,-64.663,-65.464,0.056,523338828.000
-1.255,3.238,0.175,-64.623,-65.415,0.048,523338927.000
-1.257,3.240,0.177,-64.630,-65.394,0.066,523339027.000
-1.259,3.236,0.175,-64.611,-65.389,0.066,523339127.000
-1.253,3.237,0.175,-64.644,-65.404,0.057,523339227.000
-1.255,3.231,0.177,-64.641,-65.382,0.076,523339327.000
-1.255,3.238,0.175,-64.582,-65.390,0.049,523339428.000
-1.253,3.232,0.177,-64.592,-65.370,0.040,523339527.000
-1.253,3.234,0.175,-64.535,-65.378,0.050,523339627.000
-1.253,3.232,0.177,-64.564,-65.322,0.068,523339727.000
-1.257,3.237,0.172,-64.507,-65.312,0.059,523339828.000
-1.257,3.234,0.172,-64.508,-65.288,0.077,523339928.000
-1.257,3.229,0.172,-64.497,-65.263,0.060,523340028.000
-1.253,3.227,0.172,-64.539,-65.289,0.078,523340128.000
-1.253,3.232,0.175,-64.468,-65.280,0.069,523340229.000
-1.255,3.233,0.175,-64.460,-65.268,0.088,523340329.000
-1.251,3.233,0.172,-64.446,-65.253,0.061,523340428.000
-1.255,3.228,0.175,-64.449,-65.243,0.070,523340528.000
-1.249,3.229,0.172,-64.441,-65.265,0.061,523340629.000
-1.253,3.229,0.180,-64.428,-65.215,0.061,523340728.000
-1.251,3.225,0.180,-64.423,-65.227,0.062,523340828.000
-1.251,3.228,0.170,-64.379,-65.212,0.071,523340928.000
-1.256,3.225,0.177,-64.368,-65.185,0.062,523341028.000
-1.249,3.226,0.175,-64.360,-65.208,0.053,523341128.000
-1.253,3.224,0.172,-64.375,-65.166,0.072,523341228.000
-1.258,3.229,0.172,-64.318,-65.140,0.062,523341328.000
-1.254,3.224,0.175,-64.348,-65.133,0.044,523341428.000
-1.253,3.218,0.168,-64.364,-65.158,0.054,523341529.000
-1.254,3.221,0.173,-64.335,-65.117,0.063,523341628.000
-1.251,3.228,0.175,-64.311,-65.122,0.073,523341728.000
-1.251,3.225,0.178,-64.257,-65.113,0.064,523341828.000
-1.249,3.218,0.175,-64.295,-65.110,0.055,523341929.000
-1.254,3.218,0.170,-64.281,-65.076,0.055,523342028.000
-1.247,3.220,0.165,-64.259,-65.107,0.046,523342128.000
-1.252,3.217,0.175,-64.247,-65.048,0.065,523342228.000
-1.252,3.214,0.175,-64.276,-65.024,0.056,523342328.000
-1.250,3.213,0.170,-64.228,-65.053,0.066,523342429.000
-1.247,3.214,0.178,-64.234,-65.040,0.084,523342528.000
-1.250,3.213,0.170,-64.228,-65.004,0.066,523342628.000
-1.247,3.212,0.175,-64.249,-65.025,0.075,523342728.000
-1.248,3.212,0.173,-64.221,-65.008,0.076,523342828.000
-1.247,3.212,0.170,-64.180,-65.016,0.076,523342928.000
-1.250,3.213,0.175,-64.159,-64.962,0.067,523343029.000
-1.248,3.217,0.170,-64.122,-64.967,0.040,523343128.000
-1.248,3.214,0.175,-64.137,-64.951,0.086,523343228.000
-1.246,3.213,0.173,-64.089,-64.947,0.068,523343328.000
-1.248,3.214,0.170,-64.123,-64.943,0.058,523343429.000
-1.252,3.211,0.173,-64.071,-64.909,0.049,523343528.000
-1.250,3.215,0.170,-64.075,-64.906,0.077,523343628.000
-1.248,3.209,0.173,-64.085,-64.934,0.068,523343728.000
-1.250,3.208,0.170,-64.065,-64.857,0.078,523343828.000
-1.246,3.210,0.170,-64.049,-64.882,0.060,523343928.000
-1.252,3.209,0.170,-64.057,-64.844,0.096,523344028.000
-1.248,3.209,0.170,-64.029,-64.821,0.070,523344128.000
-1.248,3.206,0.170,-64.031,-64.845,0.060,523344228.000
-1.248,3.206,0.180,-64.004,-64.811,0.061,523344329.000
-1.248,3.209,0.175,-63.988,-64.828,0.070,523344429.000
-1.246,3.208,0.173,-63.982,-64.849,0.079,523344528.000
-1.246,3.205,0.168,-63.969,-64.817,0.071,523344628.000
-1.242,3.208,0.173,-63.940,-64.850,0.080,523344728.000
-1.246,3.207,0.168,-63.968,-64.792,0.052,523344828.000
-1.246,3.205,0.171,-63.942,-64.784,0.071,523344928.000
-1.242,3.207,0.168,-63.912,-64.817,0.053,523345028.000
-1.244,3.201,0.176,-63.923,-64.755,0.072,523345128.000
-1.244,3.201,0.176,-63.909,-64.779,0.072,523345228.000
-1.246,3.205,0.176,-63.887,-64.718,0.072,523345328.000
-1.240,3.203,0.171,-63.866,-64.773,0.054,523345429.000
-1.244,3.203,0.171,-63.839,-64.747,0.054,523345528.000
-1.244,3.201,0.181,-63.841,-64.689,0.073,523345628.000
-1.244,3.203,0.176,-63.825,-64.706,0.082,523345728.000
-1.246,3.197,0.180,-63.849,-64.652,0.101,523345829.000
-1.238,3.194,0.173,-63.877,-64.728,0.092,523345928.000
-1.240,3.201,0.181,-63.771,-64.690,0.102,523346028.000
-1.244,3.196,0.173,-63.815,-64.641,0.083,523346128.000
-1.242,3.197,0.168,-63.766,-64.694,0.074,523346228.000
-1.242,3.197,0.166,-63.807,-64.654,0.074,523346329.000
-1.244,3.195,0.173,-63.774,-64.616,0.056,523346428.000
-1.240,3.193,0.168,-63.774,-64.634,0.075,523346529.000
-1.244,3.195,0.166,-63.732,-64.592,0.084,523346628.000
-1.242,3.197,0.176,-63.711,-64.596,0.076,523346728.000
-1.240,3.190,0.168,-63.734,-64.585,0.067,523346828.000
-1.240,3.193,0.168,-63.705,-64.609,0.076,523346928.000
-1.240,3.195,0.168,-63.676,-64.585,0.058,523347028.000
-1.240,3.187,0.171,-63.722,-64.552,0.058,523347129.000
-1.240,3.193,0.173,-63.678,-64.544,0.077,523347228.000
-1.243,3.194,0.176,-63.630,-64.522,0.068,523347328.000
-1.240,3.190,0.166,-63.679,-64.520,0.068,523347428.000
-1.243,3.189,0.171,-63.659,-64.490,0.077,523347528.000
-1.240,3.190,0.171,-63.638,-64.527,0.068,523347628.000
-1.238,3.189,0.166,-63.631,-64.532,0.078,523347728.000
-1.241,3.187,0.168,-63.584,-64.486,0.088,523347829.000
-1.238,3.186,0.176,-63.605,-64.474,0.097,523347928.000
-1.238,3.189,0.171,-63.548,-64.466,0.079,523348029.000
-1.234,3.186,0.174,-63.577,-64.484,0.070,523348128.000
-1.241,3.187,0.169,-63.584,-64.438,0.060,523348228.000
-1.234,3.189,0.171,-63.534,-64.467,0.052,523348328.000
-1.241,3.179,0.169,-63.588,-64.413,0.061,523348428.000
-1.234,3.186,0.169,-63.508,-64.427,0.071,523348529.000
-1.241,3.185,0.176,-63.517,-64.388,0.080,523348628.000
-1.239,3.186,0.174,-63.495,-64.409,0.071,523348729.000
-1.239,3.183,0.166,-63.510,-64.410,0.062,523348828.000
-1.241,3.179,0.171,-63.519,-64.356,0.090,523348928.000
-1.237,3.185,0.171,-63.460,-64.381,0.081,523349028.000
-1.237,3.177,0.171,-63.492,-64.357,0.081,523349128.000
-1.237,3.179,0.174,-63.449,-64.372,0.091,523349228.000
-1.239,3.181,0.176,-63.415,-64.327,0.082,523349328.000
-1.235,3.183,0.171,-63.412,-64.345,0.091,523349428.000
-1.237,3.179,0.169,-63.435,-64.316,0.091,523349528.000
-1.239,3.178,0.169,-63.416,-64.303,0.073,523349628.000
-1.232,3.182,0.174,-63.365,-64.324,0.074,523349728.000
-1.239,3.175,0.174,-63.403,-64.286,0.092,523349828.000
-1.239,3.178,0.171,-63.388,-64.270,0.073,523349928.000
-1.235,3.178,0.171,-63.360,-64.295,0.102,523350028.000
-1.235,3.173,0.171,-63.377,-64.271,0.084,523350128.000
-1.230,3.175,0.169,-63.347,-64.305,0.066,523350227.000
-1.233,3.171,0.176,-63.343,-64.243,0.094,523350328.000
-1.239,3.178,0.169,-63.291,-64.229,0.102,523350428.000
-1.235,3.173,0.171,-63.335,-64.246,0.084,523350527.000
-1.235,3.173,0.171,-63.294,-64.222,0.085,523350627.000
-1.233,3.174,0.169,-63.286,-64.219,0.076,523350727.000
-1.237,3.171,0.174,-63.302,-64.176,0.066,523350827.000
-1.233,3.171,0.164,-63.273,-64.235,0.067,523350928.000
-1.237,3.174,0.169,-63.245,-64.168,0.048,523351028.000
-1.235,3.170,0.166,-63.281,-64.190,0.076,523351127.000
-1.235,3.170,0.176,-63.254,-64.156,0.076,523351227.000
-1.233,3.174,0.167,-63.217,-64.178,0.077,523351328.000
-1.235,3.170,0.172,-63.254,-64.124,0.049,523351427.000
-1.235,3.170,0.171,-63.226,-64.124,0.077,523351528.000
-1.231,3.167,0.171,-63.227,-64.125,0.096,523351628.000
-1.235,3.165,0.164,-63.201,-64.124,0.087,523351728.000
-1.235,3.170,0.177,-63.144,-64.106,0.078,523351828.000
-1.231,3.167,0.167,-63.172,-64.093,0.069,523351927.000
-1.235,3.167,0.169,-63.159,-64.059,0.069,523352027.000
-1.233,3.166,0.169,-63.180,-64.096,0.078,523352128.000
-1.235,3.162,0.172,-63.175,-64.050,0.078,523352228.000
-1.235,3.164,0.167,-63.132,-64.067,0.060,523352328.000
-1.231,3.165,0.167,-63.118,-64.068,0.088,523352427.000
-1.231,3.162,0.164,-63.146,-64.076,0.079,523352528.000
-1.233,3.161,0.169,-63.127,-64.047,0.088,523352628.000
-1.231,3.164,0.169,-63.063,-64.035,0.089,523352728.000
-1.231,3.162,0.162,-63.063,-64.011,0.080,523352828.000
-1.233,3.160,0.172,-63.086,-63.989,0.061,523352928.000
-1.231,3.164,0.164,-63.062,-64.003,0.089,523353028.000
-1.231,3.159,0.167,-63.052,-63.994,0.044,523353128.000
-1.231,3.157,0.172,-63.053,-64.002,0.090,523353228.000
-1.227,3.159,0.167,-63.051,-63.971,0.072,523353328.000
-1.231,3.154,0.172,-63.055,-63.977,0.081,523353428.000
-1.227,3.162,0.164,-63.008,-63.955,0.082,523353528.000
-1.231,3.159,0.172,-62.983,-63.952,0.072,523353628.000
-1.227,3.157,0.164,-62.983,-63.954,0.091,523353728.000
-1.229,3.160,0.169,-62.961,-63.925,0.091,523353827.000
-1.227,3.156,0.164,-62.969,-63.930,0.092,523353928.000
-1.232,3.154,0.162,-62.985,-63.889,0.082,523354028.000
-1.232,3.154,0.167,-62.971,-63.896,0.082,523354128.000
-1.227,3.154,0.169,-62.902,-63.912,0.083,523354228.000
-1.230,3.158,0.177,-62.908,-63.851,0.083,523354328.000
-1.225,3.153,0.169,-62.923,-63.901,0.093,523354427.000
-1.232,3.154,0.172,-62.916,-63.830,0.083,523354528.000
-1.225,3.158,0.169,-62.851,-63.876,0.084,523354628.000
-1.228,3.149,0.172,-62.905,-63.831,0.093,523354727.000
-1.230,3.155,0.177,-62.840,-63.801,0.075,523354828.000
-1.228,3.154,0.169,-62.847,-63.815,0.085,523354927.000
-1.230,3.150,0.167,-62.883,-63.811,0.084,523355028.000
-1.228,3.151,0.172,-62.848,-63.807,0.103,523355128.000
-1.225,3.152,0.167,-62.826,-63.811,0.094,523355228.000
-1.228,3.148,0.170,-62.836,-63.790,0.067,523355328.000
-1.228,3.151,0.172,-62.765,-63.757,0.104,523355428.000
-1.226,3.150,0.162,-62.786,-63.779,0.086,523355528.000
-1.221,3.145,0.167,-62.843,-63.788,0.095,523355627.000
-1.228,3.143,0.167,-62.825,-63.750,0.049,523355728.000
-1.226,3.147,0.170,-62.760,-63.754,0.077,523355827.000
-1.226,3.150,0.175,-62.732,-63.713,0.087,523355928.000
-1.226,3.144,0.162,-62.789,-63.730,0.068,523356027.000
-1.226,3.144,0.175,-62.762,-63.713,0.096,523356128.000
-1.226,3.147,0.165,-62.732,-63.722,0.078,523356228.000
-1.228,3.148,0.172,-62.684,-63.683,0.069,523356328.000
-1.226,3.144,0.165,-62.720,-63.673,0.097,523356427.000
-1.226,3.147,0.167,-62.705,-63.689,0.078,523356527.000
-1.221,3.144,0.165,-62.678,-63.722,0.070,523356627.000
-1.226,3.144,0.170,-62.665,-63.656,0.070,523356727.000
-1.226,3.144,0.175,-62.665,-63.639,0.098,523356828.000
-1.226,3.142,0.172,-62.666,-63.647,0.088,523356927.000
-1.224,3.138,0.167,-62.675,-63.652,0.089,523357027.000
-1.222,3.142,0.165,-62.652,-63.649,0.061,523357128.000
-1.226,3.139,0.172,-62.654,-63.599,0.107,523357227.000
-1.220,3.145,0.165,-62.587,-63.637,0.090,523357329.000
-1.224,3.140,0.170,-62.619,-63.595,0.071,523357428.000
-1.224,3.145,0.167,-62.574,-63.603,0.089,523357528.000
-1.224,3.143,0.170,-62.576,-63.595,0.081,523357628.000
-1.224,3.143,0.172,-62.562,-63.586,0.108,523357728.000
-1.224,3.138,0.165,-62.606,-63.563,0.090,523357828.000
-1.222,3.136,0.172,-62.586,-63.575,0.100,523357929.000
-1.220,3.135,0.165,-62.578,-63.564,0.109,523358029.000
-1.226,3.139,0.170,-62.530,-63.509,0.081,523358128.000
-1.220,3.137,0.172,-62.523,-63.538,0.064,523358228.000
-1.222,3.134,0.167,-62.532,-63.518,0.092,523358328.000
-1.218,3.134,0.170,-62.531,-63.559,0.092,523358428.000
-1.224,3.132,0.167,-62.512,-63.505,0.073,523358528.000
-1.222,3.136,0.162,-62.502,-63.510,0.101,523358628.000
-1.222,3.134,0.172,-62.504,-63.501,0.092,523358728.000
-1.222,3.134,0.170,-62.518,-63.509,0.064,523358828.000
-1.222,3.139,0.170,-62.433,-63.460,0.083,523358928.000
-1.218,3.134,0.172,-62.435,-63.501,0.093,523359028.000
-1.222,3.133,0.163,-62.435,-63.461,0.065,523359128.000
-1.220,3.135,0.170,-62.428,-63.473,0.056,523359228.000
-1.222,3.128,0.162,-62.479,-63.437,0.102,523359328.000
-1.220,3.132,0.165,-62.415,-63.441,0.075,523359428.000
-1.218,3.131,0.163,-62.408,-63.462,0.084,523359528.000
-1.222,3.131,0.165,-62.423,-63.428,0.084,523359628.000
-1.218,3.131,0.173,-62.409,-63.428,0.085,523359729.000
-1.218,3.128,0.175,-62.410,-63.420,0.076,523359828.000
-1.218,3.128,0.165,-62.423,-63.381,0.104,523359928.000
-1.220,3.129,0.170,-62.347,-63.375,0.095,523360028.000
-1.216,3.127,0.165,-62.348,-63.392,0.086,523360128.000
-1.220,3.127,0.165,-62.348,-63.367,0.086,523360228.000
-1.220,3.127,0.165,-62.348,-63.367,0.086,523360328.000
-1.216,3.127,0.168,-62.362,-63.384,0.086,523360428.000
-1.220,3.129,0.163,-62.347,-63.327,0.095,523360528.000
-1.221,3.127,0.163,-62.321,-63.302,0.086,523360629.000
-1.218,3.123,0.168,-62.343,-63.298,0.087,523360728.000
-1.218,3.125,0.168,-62.273,-63.298,0.096,523360828.000
-1.214,3.128,0.173,-62.272,-63.331,0.078,523360928.000
-1.218,3.128,0.170,-62.231,-63.313,0.078,523361028.000
