-0.003,-0.035,-0.073,1.546,-0.499,0.083,443707654.000
-0.003,-0.035,-0.081,1.546,-0.499,0.056,443707754.000
-0.005,-0.036,-0.071,1.538,-0.502,0.092,443707855.000
-0.001,-0.036,-0.076,1.539,-0.495,0.093,443707954.000
-0.005,-0.033,-0.073,1.553,-0.486,0.074,443708054.000
-0.001,-0.033,-0.071,1.567,-0.503,0.074,443708154.000
-0.003,-0.035,-0.073,1.546,-0.499,0.083,443708254.000
-0.003,-0.032,-0.076,1.561,-0.483,0.065,443708354.000
0.001,-0.035,-0.071,1.533,-0.516,0.084,443708455.000
-0.001,-0.031,-0.073,1.583,-0.535,0.083,443708554.000
-0.001,-0.033,-0.071,1.540,-0.503,0.074,443708655.000
-0.005,-0.031,-0.078,1.569,-0.454,0.056,443708754.000
-0.005,-0.031,-0.073,1.555,-0.510,0.083,443708855.000
-0.003,-0.032,-0.083,1.562,-0.483,0.065,443708955.000
0.001,-0.035,-0.073,1.547,-0.524,0.084,443709055.000
-0.003,-0.035,-0.073,1.505,-0.523,0.083,443709155.000
0.001,-0.032,-0.076,1.548,-0.533,0.093,443709255.000
-0.003,-0.035,-0.076,1.519,-0.483,0.083,443709355.000
-0.003,-0.032,-0.076,1.534,-0.483,0.065,443709454.000
-0.003,-0.032,-0.085,1.548,-0.492,0.065,443709554.000
-0.003,-0.037,-0.076,1.517,-0.507,0.074,443709654.000
-0.003,-0.032,-0.071,1.575,-0.490,0.065,443709754.000
-0.001,-0.036,-0.068,1.538,-0.495,0.093,443709855.000
-0.001,-0.036,-0.078,1.525,-0.504,0.093,443709954.000
-0.003,-0.037,-0.071,1.531,-0.466,0.074,443710054.000
-0.001,-0.033,-0.071,1.540,-0.503,0.074,443710154.000
-0.007,-0.032,-0.073,1.547,-0.449,0.092,443710255.000
-0.003,-0.035,-0.076,1.519,-0.483,0.083,443710354.000
-0.005,-0.036,-0.068,1.510,-0.470,0.092,443710454.000
-0.003,-0.035,-0.078,1.519,-0.515,0.083,443710555.000
-0.005,-0.028,-0.076,1.543,-0.495,0.092,443710654.000
-0.003,-0.029,-0.078,1.535,-0.491,0.074,443710754.000
-0.001,-0.036,-0.071,1.483,-0.528,0.064,443710855.000
-0.003,-0.035,-0.068,1.504,-0.507,0.083,443710955.000
-0.001,-0.028,-0.078,1.543,-0.504,0.092,443711055.000
-0.001,-0.028,-0.078,1.557,-0.528,0.065,443711155.000
-0.001,-0.033,-0.076,1.513,-0.520,0.074,443711254.000
-0.005,-0.033,-0.076,1.498,-0.519,0.073,443711355.000
-0.005,-0.033,-0.078,1.526,-0.503,0.073,443711455.000
-0.005,-0.033,-0.081,1.512,-0.511,0.073,443711555.000
-0.003,-0.035,-0.078,1.491,-0.516,0.083,443711654.000
-0.003,-0.035,-0.071,1.491,-0.515,0.083,443711754.000
-0.003,-0.035,-0.073,1.491,-0.499,0.083,443711854.000
0.001,-0.037,-0.076,1.463,-0.533,0.074,443711955.000
-0.003,-0.032,-0.076,1.506,-0.532,0.092,443712054.000
-0.007,-0.029,-0.073,1.493,-0.474,0.073,443712155.000
-0.003,-0.032,-0.076,1.520,-0.507,0.092,443712254.000
-0.003,-0.032,-0.073,1.520,-0.523,0.092,443712355.000
-0.001,-0.031,-0.071,1.500,-0.504,0.083,443712454.000
-0.005,-0.031,-0.076,1.527,-0.495,0.083,443712555.000
-0.001,-0.036,-0.073,1.470,-0.536,0.120,443712655.000
-0.007,-0.029,-0.071,1.521,-0.490,0.101,443712755.000
-0.003,-0.032,-0.071,1.506,-0.515,0.092,443712855.000
-0.003,-0.029,-0.068,1.507,-0.507,0.073,443712954.000
-0.005,-0.031,-0.071,1.513,-0.502,0.082,443713054.000
-0.003,-0.032,-0.076,1.465,-0.508,0.092,443713155.000
-0.001,-0.033,-0.076,1.457,-0.472,0.074,443713254.000
-0.003,-0.032,-0.078,1.479,-0.467,0.064,443713355.000
-0.003,-0.032,-0.073,1.492,-0.475,0.092,443713455.000
-0.003,-0.029,-0.076,1.494,-0.435,0.074,443713555.000
-0.001,-0.031,-0.071,1.486,-0.431,0.083,443713654.000
-0.001,-0.028,-0.071,1.502,-0.431,0.093,443713754.000
-0.001,-0.031,-0.076,1.487,-0.399,0.084,443713854.000
0.001,-0.035,-0.071,1.436,-0.396,0.084,443713955.000
-0.001,-0.033,-0.081,1.444,-0.368,0.074,443714054.000
-0.001,-0.033,-0.073,1.444,-0.367,0.102,443714154.000
0.001,-0.032,-0.081,1.452,-0.380,0.065,443714255.000
0.001,-0.032,-0.071,1.465,-0.371,0.093,443714354.000
-0.001,-0.031,-0.073,1.445,-0.343,0.084,443714455.000
-0.003,-0.035,-0.078,1.409,-0.323,0.083,443714554.000
0.003,-0.033,-0.073,1.444,-0.344,0.075,443714655.000
0.001,-0.032,-0.078,1.438,-0.275,0.066,443714754.000
0.001,-0.035,-0.076,1.423,-0.243,0.085,443714855.000
0.003,-0.036,-0.068,1.401,-0.279,0.094,443714954.000
0.005,-0.030,-0.078,1.440,-0.276,0.076,443715053.000
0.005,-0.035,-0.071,1.395,-0.252,0.058,443715154.000
0.003,-0.036,-0.076,1.388,-0.256,0.066,443715253.000
0.001,-0.027,-0.083,1.317,-0.318,0.083,443715354.000
0.004,-0.023,-0.078,1.174,-0.509,0.053,443715453.000
-0.002,-0.018,-0.064,1.140,-0.713,0.077,443715553.000
-0.014,-0.003,-0.071,1.008,-1.075,0.071,443715653.000
-0.024,0.002,-0.076,0.863,-1.563,0.008,443715754.000
-0.031,0.018,-0.072,0.579,-2.105,-0.055,443715853.000
-0.054,0.037,-0.065,0.281,-2.756,-0.003,443715954.000
-0.057,0.048,-0.060,0.022,-3.323,-0.085,443716053.000
-0.070,0.068,-0.053,-0.212,-3.940,-0.095,443716153.000
-0.086,0.087,-0.069,-0.535,-4.547,-0.069,443716254.000
-0.093,0.106,-0.062,-0.748,-5.056,-0.095,443716353.000
-0.108,0.120,-0.070,-1.088,-5.735,-0.088,443716454.000
-0.122,0.134,-0.058,-1.381,-6.286,-0.144,443716554.000
-0.131,0.155,-0.043,-1.657,-6.904,-0.154,443716653.000
-0.144,0.172,-0.053,-1.947,-7.385,-0.172,443716753.000
-0.147,0.181,-0.051,-2.220,-7.985,-0.236,443716854.000
-0.171,0.205,-0.052,-2.515,-8.588,-0.193,443716953.000
-0.174,0.218,-0.040,-2.800,-9.082,-0.237,443717054.000
-0.189,0.234,-0.050,-3.084,-9.672,-0.275,443717154.000
-0.200,0.256,-0.043,-3.421,-10.302,-0.267,443717253.000
-0.218,0.274,-0.039,-3.698,-10.878,-0.287,443717353.000
-0.227,0.291,-0.044,-3.973,-11.538,-0.279,443717453.000
-0.246,0.305,-0.035,-4.247,-12.132,-0.298,443717553.000
-0.254,0.319,-0.033,-4.546,-12.658,-0.344,443717653.000
-0.267,0.347,-0.035,-4.830,-13.333,-0.355,443717754.000
-0.278,0.358,-0.036,-5.144,-13.964,-0.356,443717854.000
-0.293,0.372,-0.029,-5.444,-14.568,-0.376,443717953.000
-0.307,0.397,-0.032,-5.743,-15.098,-0.340,443718054.000
-0.313,0.405,-0.025,-5.991,-15.703,-0.459,443718153.000
-0.333,0.432,-0.031,-6.255,-16.325,-0.351,443718254.000
-0.344,0.435,-0.018,-6.548,-16.912,-0.461,443718353.000
-0.360,0.470,-0.024,-6.835,-17.535,-0.381,443718453.000
-0.367,0.476,-0.012,-7.056,-18.100,-0.453,443718554.000
-0.386,0.497,-0.020,-7.365,-18.778,-0.419,443718653.000
-0.395,0.510,-0.010,-7.589,-19.387,-0.400,443718754.000
-0.411,0.529,-0.018,-7.913,-19.993,-0.429,443718854.000
-0.424,0.544,-0.014,-8.108,-20.520,-0.429,443718954.000
-0.437,0.564,-0.009,-8.384,-21.194,-0.440,443719054.000
-0.447,0.576,-0.007,-8.662,-21.708,-0.421,443719153.000
-0.464,0.594,-0.005,-8.898,-22.436,-0.441,443719254.000
-0.481,0.614,0.002,-9.147,-23.004,-0.452,443719354.000
-0.497,0.636,-0.006,-9.427,-23.658,-0.444,443719453.000
-0.497,0.645,0.001,-9.679,-24.230,-0.433,443719554.000
-0.525,0.670,0.003,-10.002,-24.920,-0.419,443719654.000
-0.533,0.678,0.010,-10.221,-25.381,-0.426,443719753.000
-0.556,0.708,-0.001,-10.456,-26.114,-0.366,443719853.000
-0.565,0.717,0.009,-10.766,-26.845,-0.441,443719954.000
-0.581,0.731,0.013,-10.996,-27.408,-0.376,443720054.000
-0.596,0.755,0.010,-11.289,-28.046,-0.360,443720155.000
-0.609,0.770,0.019,-11.568,-28.655,-0.416,443720255.000
-0.619,0.785,0.004,-11.761,-29.080,-0.387,443720355.000
-0.636,0.800,0.024,-11.972,-29.751,-0.388,443720454.000
-0.656,0.817,0.023,-12.215,-30.354,-0.343,443720554.000
-0.667,0.833,0.020,-12.429,-30.847,-0.352,443720655.000
-0.671,0.844,0.020,-12.686,-31.188,-0.348,443720754.000
-0.672,0.861,0.019,-13.029,-31.471,-0.336,443720854.000
-0.674,0.873,0.029,-13.376,-31.574,-0.341,443720955.000
-0.675,0.888,0.023,-13.831,-31.607,-0.365,443721054.000
-0.669,0.905,0.026,-14.256,-31.521,-0.432,443721154.000
-0.663,0.915,0.023,-14.767,-31.476,-0.445,443721255.000
-0.658,0.933,0.023,-15.213,-31.458,-0.495,443721355.000
-0.658,0.952,0.025,-15.576,-31.430,-0.489,443721454.000
-0.649,0.965,0.019,-16.147,-31.431,-0.530,443721555.000
-0.645,0.978,0.029,-16.526,-31.403,-0.543,443721655.000
-0.641,0.992,0.029,-16.961,-31.361,-0.583,443721755.000
-0.638,1.017,0.023,-17.408,-31.323,-0.569,443721854.000
-0.634,1.022,0.030,-17.889,-31.328,-0.610,443721954.000
-0.629,1.043,0.027,-18.333,-31.367,-0.651,443722054.000
-0.627,1.061,0.027,-18.730,-31.336,-0.664,443722154.000
-0.623,1.071,0.037,-19.208,-31.309,-0.714,443722254.000
-0.623,1.085,0.034,-19.670,-31.274,-0.727,443722354.000
-0.618,1.109,0.038,-20.126,-31.313,-0.732,443722454.000
-0.612,1.121,0.036,-20.596,-31.365,-0.791,443722555.000
-0.607,1.137,0.030,-21.014,-31.290,-0.822,443722654.000
-0.611,1.153,0.042,-21.490,-31.277,-0.827,443722754.000
-0.611,1.168,0.039,-21.979,-31.267,-0.888,443722855.000
-0.598,1.179,0.039,-22.469,-31.300,-0.937,443722954.000
-0.602,1.200,0.036,-22.872,-31.263,-0.951,443723054.000
-0.591,1.212,0.043,-23.327,-31.331,-0.982,443723154.000
-0.593,1.235,0.038,-23.777,-31.292,-0.978,443723255.000
-0.593,1.248,0.047,-24.254,-31.313,-1.019,443723354.000
-0.585,1.259,0.040,-24.661,-31.223,-1.068,443723455.000
-0.589,1.275,0.044,-25.082,-31.210,-1.100,443723554.000
-0.580,1.293,0.047,-25.554,-31.234,-1.150,443723654.000
-0.573,1.313,0.041,-26.060,-31.270,-1.182,443723755.000
-0.573,1.327,0.046,-26.551,-31.283,-1.224,443723854.000
-0.566,1.346,0.051,-27.030,-31.335,-1.284,443723955.000
-0.562,1.365,0.053,-27.434,-31.308,-1.306,443724054.000
-0.566,1.378,0.040,-27.979,-31.282,-1.321,443724154.000
-0.560,1.393,0.049,-28.461,-31.316,-1.371,443724255.000
-0.559,1.414,0.052,-28.920,-31.289,-1.413,443724355.000
-0.555,1.433,0.051,-29.324,-31.344,-1.463,443724454.000
-0.548,1.455,0.046,-29.828,-31.356,-1.486,443724555.000
-0.550,1.459,0.053,-30.207,-31.322,-1.545,443724655.000
-0.544,1.484,0.058,-30.697,-31.349,-1.586,443724754.000
-0.539,1.495,0.057,-31.188,-31.332,-1.609,443724854.000
-0.537,1.515,0.062,-31.668,-31.357,-1.669,443724954.000
-0.535,1.524,0.059,-32.139,-31.359,-1.738,443725054.000
-0.528,1.544,0.059,-32.563,-31.378,-1.769,443725154.000
-0.526,1.561,0.061,-33.016,-31.315,-1.810,443725254.000
-0.523,1.576,0.058,-33.526,-31.342,-1.833,443725354.000
-0.519,1.592,0.068,-33.932,-31.290,-1.892,443725454.000
-0.515,1.608,0.065,-34.420,-31.256,-1.951,443725555.000
-0.517,1.625,0.070,-34.929,-31.233,-1.993,443725655.000
-0.510,1.644,0.067,-35.298,-31.235,-2.080,443725754.000
-0.508,1.662,0.069,-35.752,-31.220,-2.121,443725855.000
-0.503,1.675,0.071,-36.241,-31.194,-2.162,443725955.000
-0.497,1.687,0.079,-36.601,-31.115,-2.219,443726055.000
-0.491,1.707,0.076,-37.025,-31.069,-2.278,443726155.000
-0.486,1.720,0.071,-37.500,-31.019,-2.318,443726254.000
-0.484,1.734,0.080,-37.970,-31.004,-2.396,443726354.000
-0.477,1.749,0.068,-38.341,-30.991,-2.500,443726454.000
-0.482,1.765,0.082,-38.831,-30.872,-2.505,443726554.000
-0.480,1.782,0.082,-39.201,-30.792,-2.573,443726654.000
-0.464,1.796,0.077,-39.599,-30.830,-2.621,443726754.000
-0.454,1.808,0.092,-39.945,-30.605,-2.704,443726855.000
-0.456,1.825,0.082,-40.398,-30.582,-2.773,443726954.000
-0.450,1.837,0.089,-40.868,-30.552,-2.832,443727055.000
-0.446,1.855,0.089,-41.300,-30.461,-2.909,443727155.000
-0.443,1.864,0.089,-41.565,-30.404,-2.976,443727254.000
-0.444,1.869,0.089,-41.755,-30.309,-2.986,443727355.000
-0.439,1.877,0.094,-41.862,-30.295,-3.014,443727454.000
-0.444,1.877,0.101,-41.822,-30.244,-3.014,443727555.000
-0.442,1.865,0.086,-41.722,-30.159,-2.984,443727655.000
-0.438,1.863,0.086,-41.502,-30.158,-2.963,443727755.000
-0.438,1.852,0.096,-41.397,-30.075,-2.915,443727855.000
-0.438,1.852,0.092,-41.232,-29.993,-2.913,443727955.000
-0.436,1.843,0.084,-41.119,-30.005,-2.929,443728054.000
-0.436,1.840,0.087,-40.995,-29.971,-2.882,443728155.000
-0.436,1.832,0.092,-40.903,-29.905,-2.880,443728254.000
-0.439,1.828,0.092,-40.802,-29.867,-2.851,443728354.000
-0.437,1.829,0.087,-40.683,-29.847,-2.859,443728455.000
-0.437,1.822,0.085,-40.618,-29.830,-2.858,443728555.000
-0.437,1.822,0.090,-40.535,-29.764,-2.802,443728654.000
-0.439,1.818,0.087,-40.434,-29.710,-2.801,443728755.000
-0.435,1.812,0.087,-40.394,-29.710,-2.790,443728854.000
-0.435,1.812,0.077,-40.269,-29.718,-2.762,443728954.000
-0.437,1.808,0.087,-40.196,-29.647,-2.760,443729055.000
-0.435,1.804,0.082,-40.136,-29.627,-2.759,443729154.000
-0.433,1.803,0.085,-40.060,-29.607,-2.749,443729255.000
-0.436,1.802,0.082,-39.985,-29.577,-2.711,443729355.000
-0.436,1.796,0.083,-39.932,-29.576,-2.729,443729455.000
-0.433,1.795,0.085,-39.857,-29.556,-2.719,443729555.000
-0.438,1.795,0.088,-39.775,-29.497,-2.718,443729654.000
-0.434,1.792,0.083,-39.720,-29.514,-2.699,443729755.000
-0.438,1.792,0.080,-39.665,-29.472,-2.698,443729855.000
-0.432,1.788,0.080,-39.591,-29.485,-2.697,443729955.000
-0.434,1.782,0.080,-39.573,-29.424,-2.678,443730055.000
-0.436,1.781,0.085,-39.471,-29.393,-2.640,443730155.000
-0.434,1.779,0.076,-39.450,-29.390,-2.686,443730254.000
-0.434,1.774,0.080,-39.411,-29.349,-2.648,443730354.000
-0.432,1.775,0.081,-39.349,-29.361,-2.656,443730454.000
-0.437,1.778,0.085,-39.265,-29.294,-2.647,443730555.000
-0.432,1.770,0.081,-39.268,-29.312,-2.646,443730654.000
-0.430,1.766,0.081,-39.208,-29.324,-2.645,443730754.000
-0.435,1.768,0.081,-39.138,-29.249,-2.635,443730854.000
-0.432,1.767,0.078,-39.104,-29.221,-2.625,443730955.000
-0.435,1.761,0.081,-39.073,-29.200,-2.606,443731055.000
-0.435,1.761,0.081,-39.018,-29.199,-2.606,443731154.000
-0.431,1.755,0.076,-38.964,-29.192,-2.595,443731254.000
-0.431,1.758,0.083,-38.936,-29.167,-2.585,443731354.000
-0.433,1.759,0.078,-38.873,-29.122,-2.594,443731455.000
-0.433,1.756,0.078,-38.805,-29.121,-2.575,443731555.000
-0.431,1.753,0.078,-38.786,-29.109,-2.574,443731655.000
-0.433,1.751,0.073,-38.738,-29.064,-2.565,443731754.000
-0.433,1.749,0.081,-38.713,-29.039,-2.573,443731854.000
-0.433,1.746,0.083,-38.673,-29.054,-2.554,443731955.000
-0.431,1.750,0.079,-38.622,-29.035,-2.554,443732055.000
-0.427,1.747,0.079,-38.568,-29.035,-2.562,443732155.000
-0.431,1.742,0.079,-38.557,-29.034,-2.553,443732255.000
-0.429,1.743,0.079,-38.494,-28.997,-2.533,443732354.000
-0.429,1.738,0.079,-38.483,-28.973,-2.551,443732454.000
-0.431,1.734,0.071,-38.450,-28.960,-2.551,443732555.000
-0.429,1.733,0.074,-38.416,-28.964,-2.541,443732654.000
-0.431,1.739,0.071,-38.323,-28.935,-2.532,443732755.000
-0.427,1.734,0.071,-38.311,-28.936,-2.521,443732855.000
-0.427,1.734,0.079,-38.284,-28.886,-2.493,443732954.000
-0.429,1.733,0.079,-38.237,-28.873,-2.511,443733055.000
-0.430,1.727,0.079,-38.226,-28.849,-2.501,443733155.000
-0.427,1.726,0.076,-38.219,-28.870,-2.492,443733255.000
-0.427,1.731,0.081,-38.106,-28.852,-2.473,443733354.000
-0.425,1.727,0.079,-38.128,-28.849,-2.472,443733455.000
-0.428,1.723,0.081,-38.096,-28.803,-2.472,443733555.000
-0.430,1.719,0.081,-38.092,-28.790,-2.472,443733655.000
-0.425,1.725,0.074,-37.977,-28.815,-2.480,443733754.000
-0.430,1.722,0.072,-37.951,-28.749,-2.461,443733854.000
-0.428,1.715,0.079,-37.948,-28.737,-2.470,443733954.000
-0.426,1.719,0.079,-37.953,-28.750,-2.470,443734054.000
-0.428,1.718,0.079,-37.878,-28.736,-2.460,443734155.000
-0.426,1.717,0.082,-37.844,-28.740,-2.450,443734255.000
-0.430,1.711,0.074,-37.874,-28.667,-2.469,443734355.000
-0.428,1.710,0.074,-37.840,-28.655,-2.459,443734454.000
-0.426,1.709,0.077,-37.820,-28.684,-2.449,443734554.000
-0.428,1.710,0.072,-37.785,-28.639,-2.458,443734654.000
-0.426,1.709,0.074,-37.723,-28.643,-2.420,443734754.000
-0.426,1.706,0.069,-37.710,-28.610,-2.429,443734855.000
-0.424,1.705,0.077,-37.663,-28.622,-2.419,443734954.000
-0.426,1.706,0.072,-37.641,-28.601,-2.428,443735054.000
-0.426,1.706,0.069,-37.586,-28.585,-2.455,443735155.000
-0.426,1.703,0.079,-37.588,-28.576,-2.409,443735254.000
-0.426,1.701,0.077,-37.575,-28.560,-2.418,443735355.000
-0.424,1.705,0.077,-37.538,-28.548,-2.417,443735454.000
-0.429,1.699,0.072,-37.528,-28.514,-2.436,443735554.000
-0.424,1.699,0.072,-37.499,-28.540,-2.408,443735655.000
-0.426,1.698,0.075,-37.452,-28.494,-2.425,443735754.000
-0.424,1.699,0.072,-37.430,-28.515,-2.407,443735854.000
-0.427,1.698,0.077,-37.411,-28.485,-2.425,443735955.000
-0.422,1.695,0.077,-37.384,-28.486,-2.378,443736054.000
-0.424,1.697,0.077,-37.349,-28.473,-2.415,443736155.000
-0.424,1.699,0.070,-37.292,-28.449,-2.405,443736254.000
-0.427,1.693,0.075,-37.317,-28.444,-2.387,443736355.000
-0.422,1.693,0.070,-37.261,-28.437,-2.386,443736454.000
-0.423,1.687,0.075,-37.292,-28.420,-2.404,443736555.000
-0.423,1.682,0.072,-37.307,-28.429,-2.367,443736654.000
-0.423,1.687,0.075,-37.250,-28.396,-2.403,443736755.000
-0.425,1.686,0.072,-37.202,-28.367,-2.366,443736854.000
-0.420,1.689,0.070,-37.173,-28.400,-2.384,443736954.000
-0.423,1.687,0.070,-37.153,-28.387,-2.375,443737055.000
-0.421,1.686,0.077,-37.119,-28.375,-2.365,443737154.000
-0.418,1.682,0.077,-37.128,-28.363,-2.364,443737254.000
-0.421,1.683,0.075,-37.065,-28.334,-2.346,443737354.000
-0.423,1.687,0.072,-37.056,-28.329,-2.374,443737456.000
-0.419,1.680,0.075,-37.074,-28.322,-2.345,443737556.000
-0.423,1.679,0.070,-37.060,-28.289,-2.345,443737655.000
-0.419,1.682,0.077,-36.990,-28.313,-2.363,443737755.000
-0.423,1.677,0.075,-36.993,-28.272,-2.354,443737855.000
-0.421,1.675,0.067,-36.986,-28.260,-2.372,443737955.000
-0.425,1.678,0.067,-36.929,-28.211,-2.335,443738056.000
-0.421,1.678,0.075,-36.902,-28.235,-2.362,443738156.000
-0.423,1.674,0.072,-36.952,-28.207,-2.334,443738255.000
-0.423,1.674,0.072,-36.870,-28.206,-2.334,443738356.000
-0.423,1.671,0.068,-36.871,-28.198,-2.370,443738455.000
-0.423,1.671,0.075,-36.857,-28.173,-2.342,443738556.000
-0.421,1.673,0.073,-36.794,-28.218,-2.323,443738656.000
-0.419,1.669,0.077,-36.817,-28.165,-2.323,443738756.000
-0.421,1.662,0.072,-36.827,-28.169,-2.332,443738856.000
-0.419,1.676,0.068,-36.716,-28.149,-2.350,443738955.000
-0.417,1.665,0.068,-36.756,-28.162,-2.322,443739055.000
-0.419,1.666,0.075,-36.735,-28.124,-2.303,443739155.000
-0.417,1.667,0.068,-36.727,-28.138,-2.340,443739255.000
-0.419,1.666,0.075,-36.680,-28.124,-2.330,443739355.000
-0.419,1.666,0.065,-36.652,-28.108,-2.330,443739455.000
-0.419,1.664,0.063,-36.680,-28.117,-2.312,443739555.000
-0.417,1.665,0.068,-36.590,-28.112,-2.320,443739655.000
-0.415,1.663,0.068,-36.570,-28.076,-2.310,443739756.000
-0.419,1.661,0.070,-36.586,-28.066,-2.320,443739855.000
-0.419,1.661,0.070,-36.600,-28.042,-2.319,443739955.000
-0.419,1.658,0.065,-36.559,-28.058,-2.301,443740055.000
-0.413,1.665,0.068,-36.507,-28.088,-2.318,443740155.000
-0.417,1.657,0.070,-36.581,-28.030,-2.319,443740254.000
-0.417,1.654,0.068,-36.526,-28.038,-2.300,443740354.000
-0.420,1.658,0.073,-36.491,-27.984,-2.299,443740454.000
-0.420,1.658,0.068,-36.463,-28.001,-2.299,443740554.000
-0.417,1.657,0.068,-36.456,-27.989,-2.317,443740654.000
-0.420,1.655,0.068,-36.450,-27.952,-2.308,443740754.000
-0.418,1.652,0.075,-36.445,-27.964,-2.280,443740855.000
-0.420,1.650,0.065,-36.425,-27.936,-2.298,443740954.000
-0.418,1.654,0.073,-36.375,-27.947,-2.298,443741055.000
-0.415,1.653,0.068,-36.368,-27.952,-2.288,443741154.000
-0.418,1.651,0.065,-36.362,-27.948,-2.279,443741255.000
-0.415,1.653,0.068,-36.313,-27.952,-2.288,443741355.000
-0.420,1.650,0.075,-36.315,-27.901,-2.269,443741455.000
-0.416,1.650,0.068,-36.314,-27.927,-2.297,443741554.000
-0.411,1.650,0.063,-36.272,-27.945,-2.268,443741655.000
-0.418,1.649,0.071,-36.267,-27.882,-2.287,443741755.000
-0.414,1.646,0.071,-36.254,-27.907,-2.268,443741855.000
-0.416,1.647,0.068,-36.233,-27.902,-2.277,443741954.000
-0.420,1.647,0.073,-36.192,-27.835,-2.277,443742054.000
-0.418,1.646,0.073,-36.199,-27.848,-2.267,443742154.000
-0.416,1.645,0.068,-36.220,-27.854,-2.258,443742254.000
-0.418,1.646,0.066,-36.157,-27.824,-2.267,443742354.000
-0.418,1.646,0.068,-36.130,-27.791,-2.266,443742455.000
-0.418,1.638,0.071,-36.162,-27.783,-2.266,443742555.000
-0.414,1.638,0.071,-36.106,-27.808,-2.265,443742655.000
-0.416,1.639,0.068,-36.126,-27.780,-2.275,443742755.000
-0.416,1.642,0.071,-36.097,-27.771,-2.265,443742855.000
-0.416,1.639,0.073,-36.072,-27.762,-2.274,443742955.000
-0.418,1.641,0.071,-36.050,-27.758,-2.256,443743054.000
-0.416,1.637,0.066,-36.045,-27.787,-2.256,443743155.000
-0.416,1.637,0.073,-36.045,-27.738,-2.255,443743254.000
-0.416,1.639,0.071,-35.989,-27.746,-2.273,443743355.000
-0.414,1.633,0.066,-36.039,-27.751,-2.255,443743454.000
-0.414,1.638,0.073,-35.968,-27.726,-2.236,443743555.000
-0.416,1.634,0.066,-35.963,-27.713,-2.263,443743655.000
-0.412,1.632,0.071,-35.978,-27.722,-2.244,443743755.000
-0.412,1.634,0.068,-35.949,-27.730,-2.235,443743854.000
-0.412,1.632,0.068,-35.950,-27.706,-2.244,443743954.000
-0.412,1.626,0.066,-35.966,-27.714,-2.235,443744054.000
-0.414,1.633,0.076,-35.860,-27.692,-2.225,443744155.000
-0.414,1.630,0.073,-35.876,-27.676,-2.234,443744255.000
-0.412,1.631,0.066,-35.853,-27.665,-2.215,443744355.000
-0.412,1.631,0.068,-35.840,-27.656,-2.243,443744455.000
-0.410,1.628,0.066,-35.835,-27.701,-2.243,443744555.000
-0.412,1.624,0.066,-35.843,-27.664,-2.215,443744655.000
-0.412,1.626,0.066,-35.814,-27.640,-2.205,443744755.000
-0.412,1.621,0.071,-35.845,-27.623,-2.196,443744854.000
-0.412,1.626,0.063,-35.786,-27.624,-2.205,443744955.000
-0.417,1.624,0.068,-35.803,-27.582,-2.214,443745054.000
-0.410,1.625,0.068,-35.767,-27.620,-2.223,443745155.000
-0.410,1.625,0.066,-35.725,-27.628,-2.222,443745255.000
-0.417,1.626,0.059,-35.704,-27.566,-2.232,443745354.000
-0.410,1.625,0.069,-35.725,-27.595,-2.222,443745454.000
-0.415,1.622,0.066,-35.700,-27.577,-2.232,443745554.000
-0.415,1.625,0.068,-35.670,-27.569,-2.195,443745655.000
-0.412,1.623,0.064,-35.664,-27.574,-2.213,443745754.000
-0.410,1.622,0.071,-35.644,-27.586,-2.230,443745855.000
-0.415,1.622,0.073,-35.658,-27.552,-2.176,443745954.000
-0.413,1.623,0.069,-35.595,-27.532,-2.212,443746054.000
-0.410,1.625,0.069,-35.587,-27.545,-2.193,443746154.000
-0.408,1.618,0.074,-35.611,-27.565,-2.202,443746254.000
-0.408,1.618,0.066,-35.597,-27.542,-2.202,443746354.000
-0.413,1.621,0.069,-35.569,-27.508,-2.193,443746455.000
-0.411,1.617,0.064,-35.549,-27.513,-2.192,443746555.000
-0.413,1.618,0.069,-35.529,-27.507,-2.201,443746655.000
-0.411,1.614,0.071,-35.538,-27.512,-2.201,443746754.000
-0.411,1.614,0.066,-35.510,-27.479,-2.200,443746855.000
-0.415,1.612,0.071,-35.526,-27.437,-2.182,443746954.000
-0.411,1.614,0.071,-35.483,-27.463,-2.200,443747054.000
-0.411,1.617,0.076,-35.454,-27.470,-2.191,443747155.000
-0.415,1.614,0.069,-35.455,-27.421,-2.173,443747254.000
-0.413,1.615,0.071,-35.447,-27.450,-2.182,443747354.000
-0.413,1.613,0.064,-35.448,-27.426,-2.163,443747455.000
-0.411,1.614,0.069,-35.441,-27.422,-2.172,443747554.000
-0.411,1.609,0.074,-35.430,-27.429,-2.190,443747655.000
-0.411,1.611,0.069,-35.373,-27.421,-2.180,443747754.000
-0.413,1.615,0.069,-35.364,-27.384,-2.180,443747855.000
-0.411,1.611,0.071,-35.346,-27.388,-2.180,443747954.000
-0.411,1.611,0.064,-35.331,-27.413,-2.180,443748054.000
-0.409,1.610,0.066,-35.366,-27.394,-2.170,443748155.000
-0.413,1.607,0.064,-35.327,-27.352,-2.180,443748255.000
-0.415,1.606,0.069,-35.349,-27.347,-2.171,443748355.000
-0.411,1.609,0.069,-35.291,-27.348,-2.160,443748455.000
-0.411,1.609,0.069,-35.264,-27.347,-2.160,443748554.000
-0.409,1.605,0.064,-35.300,-27.353,-2.160,443748654.000
-0.409,1.607,0.071,-35.258,-27.352,-2.178,443748754.000
-0.411,1.606,0.066,-35.251,-27.331,-2.169,443748855.000
-0.411,1.603,0.066,-35.267,-27.331,-2.178,443748954.000
-0.409,1.605,0.069,-35.218,-27.335,-2.187,443749054.000
-0.409,1.605,0.066,-35.217,-27.319,-2.159,443749154.000
-0.411,1.603,0.064,-35.183,-27.315,-2.150,443749255.000
-0.411,1.601,0.071,-35.199,-27.314,-2.159,443749355.000
-0.411,1.603,0.066,-35.170,-27.306,-2.150,443749455.000
-0.411,1.601,0.071,-35.185,-27.289,-2.159,443749554.000
-0.407,1.601,0.064,-35.143,-27.291,-2.158,443749655.000
-0.407,1.601,0.067,-35.115,-27.307,-2.158,443749755.000
-0.407,1.601,0.069,-35.143,-27.274,-2.158,443749855.000
-0.411,1.601,0.066,-35.088,-27.232,-2.130,443749954.000
-0.405,1.599,0.072,-35.082,-27.278,-2.147,443750055.000
-0.411,1.601,0.064,-35.074,-27.241,-2.157,443750154.000
-0.407,1.601,0.067,-35.060,-27.258,-2.129,443750255.000
-0.409,1.599,0.067,-35.068,-27.245,-2.148,443750355.000
-0.407,1.595,0.064,-35.049,-27.217,-2.147,443750454.000
-0.407,1.598,0.072,-35.020,-27.240,-2.138,443750554.000
-0.409,1.599,0.064,-35.026,-27.204,-2.147,443750654.000
-0.407,1.595,0.064,-35.007,-27.192,-2.146,443750754.000
-0.409,1.597,0.067,-35.000,-27.196,-2.156,443750855.000
-0.410,1.594,0.069,-35.001,-27.187,-2.110,443750954.000
-0.412,1.595,0.067,-34.967,-27.158,-2.146,443751054.000
-0.407,1.593,0.064,-34.995,-27.192,-2.128,443751155.000
-0.405,1.592,0.069,-34.989,-27.212,-2.118,443751255.000
-0.412,1.590,0.067,-34.956,-27.134,-2.137,443751355.000
-0.407,1.595,0.067,-34.939,-27.183,-2.146,443751454.000
-0.407,1.593,0.074,-34.913,-27.158,-2.127,443751555.000
-0.410,1.591,0.072,-34.920,-27.129,-2.118,443751654.000
-0.410,1.591,0.069,-34.920,-27.114,-2.117,443751755.000
-0.408,1.590,0.069,-34.872,-27.126,-2.108,443751854.000
-0.412,1.590,0.067,-34.900,-27.085,-2.136,443751954.000
-0.408,1.590,0.069,-34.872,-27.126,-2.108,443752054.000
-0.408,1.593,0.062,-34.856,-27.126,-2.098,443752155.000
-0.405,1.589,0.067,-34.852,-27.122,-2.125,443752254.000
-0.410,1.586,0.064,-34.853,-27.105,-2.107,443752354.000
-0.408,1.587,0.064,-34.832,-27.093,-2.116,443752454.000
-0.403,1.587,0.069,-34.818,-27.078,-2.115,443752554.000
-0.406,1.589,0.072,-34.797,-27.105,-2.125,443752654.000
-0.406,1.586,0.069,-34.784,-27.089,-2.106,443752755.000
-0.406,1.586,0.069,-34.770,-27.065,-2.106,443752855.000
-0.403,1.587,0.067,-34.734,-27.061,-2.087,443752955.000
-0.408,1.587,0.064,-34.749,-27.093,-2.115,443753055.000
-0.406,1.583,0.067,-34.758,-27.048,-2.115,443753154.000
-0.406,1.581,0.064,-34.745,-27.032,-2.123,443753255.000
-0.403,1.582,0.067,-34.696,-27.085,-2.105,443753355.000
-0.403,1.580,0.055,-34.710,-27.053,-2.114,443753454.000
-0.408,1.582,0.064,-34.683,-27.019,-2.105,443753554.000
-0.406,1.581,0.064,-34.690,-27.032,-2.095,443753654.000
-0.404,1.579,0.069,-34.684,-27.052,-2.113,443753754.000
-0.406,1.576,0.064,-34.706,-27.007,-2.086,443753854.000
-0.406,1.583,0.062,-34.647,-27.015,-2.113,443753955.000
-0.406,1.581,0.065,-34.635,-26.983,-2.122,443754054.000
-0.406,1.581,0.067,-34.635,-26.999,-2.095,443754154.000
-0.404,1.577,0.072,-34.630,-26.994,-2.094,443754255.000
-0.408,1.579,0.067,-34.629,-26.961,-2.085,443754355.000
-0.406,1.578,0.065,-34.609,-27.006,-2.103,443754455.000
-0.404,1.579,0.069,-34.573,-26.954,-2.084,443754555.000
-0.402,1.578,0.067,-34.567,-26.975,-2.102,443754655.000
-0.404,1.579,0.072,-34.560,-26.994,-2.084,443754754.000
-0.408,1.577,0.065,-34.561,-26.945,-2.094,443754854.000
-0.404,1.577,0.062,-34.547,-26.978,-2.093,443754955.000
-0.404,1.572,0.062,-34.563,-26.954,-2.111,443755056.000
-0.404,1.577,0.072,-34.533,-26.921,-2.065,443755156.000
-0.402,1.575,0.062,-34.526,-26.942,-2.083,443755256.000
-0.404,1.572,0.060,-34.535,-26.938,-2.083,443755356.000
-0.406,1.573,0.070,-34.529,-26.892,-2.092,443755455.000
-0.406,1.575,0.065,-34.485,-26.908,-2.083,443755556.000
-0.406,1.575,0.062,-34.471,-26.916,-2.083,443755655.000
-0.404,1.571,0.070,-34.481,-26.904,-2.082,443755755.000
-0.404,1.571,0.062,-34.466,-26.880,-2.082,443755855.000
-0.406,1.570,0.067,-34.461,-26.875,-2.073,443755956.000
-0.404,1.572,0.070,-34.425,-26.904,-2.054,443756055.000
-0.404,1.571,0.067,-34.481,-26.888,-2.082,443756155.000
-0.404,1.569,0.067,-34.454,-26.864,-2.063,443756255.000
-0.404,1.569,0.065,-34.426,-26.847,-2.063,443756355.000
-0.404,1.571,0.065,-34.425,-26.823,-2.054,443756456.000
-0.404,1.574,0.062,-34.382,-26.855,-2.072,443756555.000
-0.404,1.566,0.067,-34.414,-26.814,-2.072,443756656.000
-0.406,1.570,0.062,-34.405,-26.843,-2.045,443756756.000
-0.404,1.566,0.067,-34.386,-26.814,-2.044,443756855.000
-0.402,1.570,0.062,-34.336,-26.843,-2.071,443756956.000
-0.406,1.565,0.062,-34.380,-26.794,-2.062,443757056.000
-0.404,1.569,0.065,-34.357,-26.822,-2.062,443757155.000
-0.404,1.569,0.070,-34.316,-26.830,-2.062,443757256.000
-0.404,1.566,0.065,-34.317,-26.822,-2.071,443757355.000
-0.404,1.566,0.060,-34.303,-26.814,-2.071,443757456.000
-0.404,1.564,0.062,-34.332,-26.806,-2.052,443757555.000
-0.402,1.565,0.065,-34.269,-26.786,-2.061,443757655.000
-0.404,1.563,0.065,-34.291,-26.797,-2.052,443757756.000
-0.402,1.562,0.062,-34.298,-26.794,-2.070,443757855.000
-0.409,1.561,0.060,-34.265,-26.764,-2.061,443757955.000
-0.404,1.563,0.062,-34.249,-26.757,-2.051,443758056.000
-0.402,1.562,0.072,-34.230,-26.784,-2.042,443758155.000
-0.407,1.565,0.065,-34.229,-26.735,-2.061,443758256.000
-0.402,1.565,0.070,-34.228,-26.744,-2.060,443758355.000
-0.400,1.563,0.065,-34.208,-26.773,-2.050,443758455.000
-0.402,1.562,0.065,-34.215,-26.761,-2.041,443758556.000
-0.400,1.556,0.067,-34.226,-26.741,-2.050,443758655.000
-0.402,1.562,0.065,-34.174,-26.736,-2.069,443758756.000
-0.400,1.556,0.060,-34.225,-26.741,-2.050,443758855.000
-0.402,1.560,0.062,-34.161,-26.720,-2.022,443758956.000
-0.402,1.559,0.067,-34.176,-26.728,-2.050,443759055.000
-0.400,1.558,0.072,-34.156,-26.723,-2.040,443759156.000
-0.405,1.561,0.065,-34.141,-26.699,-2.059,443759255.000
-0.400,1.558,0.062,-34.154,-26.708,-2.012,443759356.000
-0.402,1.559,0.060,-34.106,-26.703,-2.049,443759455.000
-0.400,1.561,0.062,-34.098,-26.732,-2.031,443759555.000
-0.398,1.557,0.067,-34.107,-26.704,-2.030,443759656.000
-0.405,1.558,0.065,-34.087,-26.674,-2.040,443759755.000
-0.403,1.559,0.070,-34.079,-26.670,-2.021,443759856.000
-0.405,1.555,0.065,-34.088,-26.649,-2.021,443759956.000
-0.398,1.557,0.065,-34.066,-26.663,-2.029,443760056.000
-0.401,1.558,0.070,-34.045,-26.658,-2.039,443760156.000
-0.401,1.550,0.067,-34.104,-26.666,-2.039,443760255.000
-0.401,1.555,0.065,-34.060,-26.675,-2.020,443760356.000
-0.403,1.554,0.065,-34.054,-26.637,-2.039,443760456.000
-0.401,1.558,0.067,-34.017,-26.642,-2.011,443760556.000
-0.403,1.551,0.055,-34.068,-26.622,-2.048,443760656.000
-0.401,1.555,0.065,-33.991,-26.650,-2.047,443760756.000
-0.398,1.557,0.065,-33.983,-26.662,-2.029,443760856.000
-0.398,1.557,0.060,-33.969,-26.655,-2.028,443760955.000
-0.401,1.550,0.062,-34.007,-26.609,-2.010,443761056.000
-0.396,1.553,0.063,-33.964,-26.635,-2.028,443761156.000
-0.401,1.550,0.063,-33.980,-26.609,-2.037,443761255.000
-0.403,1.551,0.063,-33.972,-26.596,-2.019,443761355.000
-0.401,1.550,0.065,-33.966,-26.601,-2.010,443761456.000
-0.401,1.550,0.060,-33.951,-26.593,-2.009,443761556.000
-0.399,1.549,0.070,-33.959,-26.621,-2.000,443761656.000
-0.399,1.554,0.065,-33.915,-26.613,-2.009,443761755.000
-0.403,1.551,0.065,-33.931,-26.539,-2.018,443761856.000
-0.399,1.546,0.065,-33.947,-26.589,-2.009,443761955.000
-0.401,1.550,0.063,-33.910,-26.584,-2.009,443762055.000
-0.399,1.549,0.065,-33.918,-26.564,-2.027,443762155.000
-0.401,1.547,0.065,-33.898,-26.551,-2.018,443762255.000
-0.401,1.547,0.068,-33.884,-26.543,-1.990,443762355.000
-0.399,1.546,0.065,-33.892,-26.540,-2.036,443762455.000
-0.403,1.546,0.063,-33.906,-26.571,-2.037,443762556.000
-0.401,1.547,0.070,-33.870,-26.535,-1.990,443762656.000
-0.401,1.547,0.063,-33.871,-26.535,-2.045,443762756.000
-0.397,1.547,0.065,-33.842,-26.528,-2.016,443762856.000
-0.397,1.545,0.060,-33.857,-26.545,-1.998,443762956.000
-0.399,1.543,0.063,-33.824,-26.523,-2.016,443763056.000
-0.399,1.543,0.063,-33.824,-26.523,-2.016,443763155.000
-0.401,1.545,0.073,-33.831,-26.501,-1.998,443763256.000
-0.401,1.542,0.063,-33.831,-26.510,-1.980,443763356.000
-0.399,1.543,0.060,-33.824,-26.507,-2.016,443763456.000
-0.403,1.546,0.063,-33.781,-26.497,-2.007,443763556.000
-0.397,1.542,0.060,-33.803,-26.520,-1.979,443763656.000
-0.401,1.545,0.063,-33.802,-26.486,-1.998,443763755.000
-0.395,1.541,0.068,-33.783,-26.531,-1.997,443763856.000
-0.395,1.546,0.063,-33.725,-26.499,-2.006,443763956.000
-0.397,1.545,0.063,-33.747,-26.511,-2.025,443764056.000
-0.399,1.541,0.065,-33.784,-26.442,-1.997,443764155.000
-0.395,1.543,0.070,-33.741,-26.499,-1.987,443764256.000
-0.395,1.541,0.065,-33.742,-26.491,-1.996,443764355.000
-0.399,1.541,0.060,-33.728,-26.458,-1.996,443764455.000
-0.397,1.542,0.065,-33.735,-26.478,-2.006,443764555.000
-0.399,1.541,0.063,-33.714,-26.449,-1.996,443764655.000
-0.395,1.538,0.065,-33.716,-26.466,-2.005,443764756.000
-0.395,1.543,0.060,-33.671,-26.458,-1.986,443764856.000
-0.399,1.538,0.065,-33.702,-26.416,-1.977,443764956.000
-0.397,1.539,0.060,-33.694,-26.446,-1.986,443765055.000
-0.397,1.539,0.068,-33.681,-26.421,-1.986,443765155.000
-0.397,1.539,0.068,-33.667,-26.445,-2.014,443765255.000
-0.397,1.539,0.063,-33.667,-26.413,-2.014,443765356.000
-0.399,1.535,0.068,-33.662,-26.383,-1.986,443765456.000
-0.399,1.538,0.068,-33.661,-26.408,-1.977,443765556.000
-0.395,1.538,0.065,-33.646,-26.393,-1.976,443765656.000
-0.399,1.541,0.068,-33.632,-26.383,-1.995,443765755.000
-0.397,1.537,0.063,-33.626,-26.364,-1.967,443765856.000
-0.399,1.535,0.068,-33.621,-26.359,-1.985,443765954.000
-0.397,1.534,0.063,-33.600,-26.388,-2.003,443766055.000
-0.399,1.535,0.065,-33.607,-26.367,-1.985,443766154.000
-0.395,1.538,0.058,-33.591,-26.393,-2.003,443766254.000
-0.395,1.535,0.063,-33.606,-26.376,-1.985,443766354.000
-0.397,1.537,0.060,-33.571,-26.347,-1.994,443766455.000
-0.399,1.538,0.063,-33.550,-26.326,-2.003,443766555.000
-0.397,1.531,0.060,-33.588,-26.323,-1.984,443766654.000
-0.399,1.535,0.063,-33.538,-26.326,-1.984,443766754.000
-0.397,1.537,0.065,-33.530,-26.306,-1.993,443766854.000
-0.397,1.534,0.063,-33.531,-26.314,-1.975,443766954.000
-0.395,1.533,0.058,-33.496,-26.319,-1.965,443767054.000
-0.395,1.535,0.060,-33.537,-26.335,-1.984,443767155.000
-0.395,1.533,0.068,-33.525,-26.335,-1.965,443767255.000
-0.400,1.533,0.070,-33.539,-26.301,-1.965,443767354.000
-0.395,1.528,0.070,-33.542,-26.326,-1.983,443767454.000
-0.397,1.531,0.065,-33.478,-26.305,-1.983,443767555.000
-0.393,1.529,0.060,-33.505,-26.323,-1.964,443767654.000
-0.393,1.531,0.063,-33.477,-26.315,-1.983,443767754.000
-0.395,1.527,0.063,-33.527,-26.302,-1.983,443767854.000
-0.397,1.529,0.065,-33.479,-26.281,-1.964,443767955.000
-0.397,1.529,0.058,-33.465,-26.306,-1.992,443768054.000
-0.393,1.531,0.063,-33.449,-26.315,-1.982,443768154.000
-0.393,1.529,0.068,-33.437,-26.298,-1.991,443768255.000
-0.393,1.531,0.066,-33.449,-26.282,-1.982,443768354.000
-0.393,1.531,0.058,-33.421,-26.282,-1.982,443768455.000
-0.393,1.531,0.068,-33.408,-26.273,-1.982,443768554.000
-0.395,1.530,0.058,-33.415,-26.245,-1.973,443768654.000
-0.391,1.525,0.061,-33.432,-26.311,-1.991,443768755.000
-0.393,1.534,0.068,-33.365,-26.273,-1.972,443768854.000
-0.395,1.530,0.063,-33.402,-26.253,-1.972,443768955.000
-0.398,1.531,0.066,-33.367,-26.256,-1.954,443769054.000
-0.391,1.530,0.061,-33.373,-26.262,-1.972,443769155.000
-0.396,1.525,0.063,-33.391,-26.228,-1.963,443769254.000
-0.391,1.522,0.066,-33.392,-26.245,-1.971,443769355.000
-0.398,1.526,0.068,-33.370,-26.223,-1.972,443769454.000
-0.396,1.525,0.063,-33.363,-26.228,-1.962,443769555.000
-0.393,1.526,0.066,-33.397,-26.233,-1.972,443769655.000
-0.393,1.523,0.071,-33.357,-26.216,-1.953,443769755.000
-0.396,1.525,0.058,-33.363,-26.196,-1.962,443769854.000
-0.396,1.527,0.066,-33.348,-26.195,-1.953,443769954.000
-0.396,1.527,0.066,-33.320,-26.195,-1.953,443770055.000
-0.398,1.521,0.066,-33.359,-26.182,-1.962,443770154.000
-0.393,1.526,0.058,-33.300,-26.208,-1.971,443770255.000
-0.391,1.522,0.056,-33.322,-26.205,-1.970,443770355.000
-0.391,1.525,0.063,-33.280,-26.204,-1.961,443770454.000
-0.391,1.525,0.066,-33.307,-26.172,-1.961,443770555.000
-0.394,1.523,0.066,-33.315,-26.159,-1.952,443770654.000
-0.394,1.523,0.061,-33.274,-26.151,-1.979,443770755.000
-0.396,1.519,0.061,-33.310,-26.163,-1.952,443770855.000
-0.394,1.518,0.071,-33.291,-26.142,-1.970,443770954.000
-0.391,1.522,0.058,-33.281,-26.148,-1.970,443771054.000
-0.389,1.521,0.061,-33.260,-26.176,-1.960,443771155.000
-0.394,1.526,0.058,-33.217,-26.159,-1.970,443771255.000
-0.396,1.525,0.063,-33.225,-26.130,-1.960,443771354.000
-0.396,1.522,0.063,-33.254,-26.106,-1.970,443771454.000
-0.394,1.521,0.061,-33.233,-26.151,-1.960,443771555.000
-0.396,1.524,0.071,-33.212,-26.105,-1.960,443771654.000
-0.392,1.522,0.068,-33.212,-26.138,-1.941,443771755.000
-0.392,1.517,0.061,-33.242,-26.139,-1.960,443771854.000
-0.389,1.521,0.061,-33.192,-26.151,-1.959,443771954.000
-0.391,1.519,0.058,-33.213,-26.147,-1.950,443772054.000
-0.394,1.518,0.061,-33.221,-26.102,-1.969,443772154.000
-0.392,1.519,0.066,-33.200,-26.122,-1.950,443772254.000
-0.394,1.521,0.061,-33.206,-26.102,-1.960,443772355.000
-0.392,1.517,0.061,-33.214,-26.090,-1.931,443772456.000
-0.394,1.518,0.061,-33.180,-26.077,-1.968,443772556.000
-0.394,1.515,0.061,-33.195,-26.077,-1.950,443772656.000
-0.392,1.519,0.061,-33.144,-26.090,-1.949,443772756.000
-0.392,1.519,0.058,-33.130,-26.098,-1.949,443772856.000
-0.392,1.517,0.061,-33.159,-26.090,-1.959,443772955.000
-0.390,1.513,0.063,-33.168,-26.094,-1.958,443773055.000
-0.394,1.515,0.058,-33.139,-26.061,-1.949,443773155.000
-0.392,1.517,0.066,-33.132,-26.073,-1.958,443773255.000
-0.392,1.514,0.068,-33.133,-26.064,-1.940,443773355.000
-0.392,1.517,0.066,-33.105,-26.072,-1.958,443773456.000
-0.392,1.517,0.061,-33.104,-26.041,-1.930,443773556.000
-0.387,1.514,0.061,-33.091,-26.066,-1.966,443773655.000
-0.390,1.513,0.066,-33.113,-26.061,-1.930,443773756.000
-0.392,1.514,0.061,-33.091,-26.040,-1.939,443773855.000
-0.392,1.517,0.058,-33.090,-26.049,-1.958,443773955.000
-0.394,1.515,0.061,-33.070,-26.003,-1.948,443774055.000
-0.394,1.508,0.066,-33.102,-26.011,-1.920,443774156.000
-0.392,1.514,0.056,-33.064,-26.057,-1.967,443774255.000
-0.388,1.514,0.063,-33.063,-26.033,-1.938,443774356.000
-0.390,1.515,0.061,-33.029,-26.004,-1.947,443774456.000
-0.394,1.515,0.063,-33.029,-25.995,-1.920,443774556.000
-0.394,1.513,0.073,-33.045,-25.961,-1.901,443774655.000
-0.392,1.514,0.063,-33.023,-25.983,-1.938,443774755.000
-0.390,1.510,0.063,-33.059,-26.020,-1.938,443774856.000
-0.392,1.509,0.061,-33.039,-25.991,-1.929,443774955.000
-0.392,1.511,0.066,-33.038,-25.999,-1.920,443775056.000
-0.390,1.513,0.058,-33.002,-26.012,-1.929,443775156.000
-0.394,1.510,0.061,-33.004,-25.978,-1.938,443775256.000
-0.388,1.506,0.056,-33.026,-25.984,-1.937,443775355.000
-0.390,1.510,0.063,-33.004,-25.971,-1.937,443775455.000
-0.392,1.509,0.066,-32.998,-25.950,-1.928,443775556.000
-0.390,1.507,0.061,-32.991,-26.003,-1.919,443775655.000
-0.390,1.507,0.066,-32.977,-25.962,-1.918,443775755.000
-0.388,1.511,0.061,-32.940,-25.967,-1.918,443775856.000
-0.390,1.510,0.063,-32.948,-25.971,-1.909,443775955.000
-0.388,1.509,0.066,-32.915,-25.975,-1.927,443776055.000
-0.388,1.509,0.061,-32.956,-25.967,-1.927,443776155.000
-0.390,1.510,0.056,-32.907,-25.947,-1.936,443776256.000
-0.388,1.506,0.061,-32.957,-25.943,-1.936,443776355.000
-0.388,1.509,0.059,-32.928,-25.951,-1.927,443776455.000
-0.390,1.507,0.061,-32.936,-25.954,-1.946,443776556.000
-0.390,1.510,0.061,-32.907,-25.930,-1.936,443776655.000
-0.390,1.507,0.061,-32.908,-25.905,-1.945,443776755.000
-0.390,1.507,0.059,-32.894,-25.914,-1.945,443776855.000
-0.388,1.506,0.064,-32.943,-25.934,-1.936,443776955.000
-0.392,1.511,0.066,-32.872,-25.900,-1.918,443777056.000
-0.388,1.506,0.064,-32.916,-25.934,-1.936,443777156.000
-0.388,1.501,0.069,-32.919,-25.917,-1.926,443777256.000
-0.390,1.510,0.064,-32.852,-25.897,-1.908,443777356.000
-0.390,1.507,0.061,-32.853,-25.905,-1.917,443777455.000
-0.392,1.506,0.059,-32.888,-25.877,-1.936,443777555.000
-0.386,1.505,0.064,-32.868,-25.898,-1.925,443777655.000
-0.390,1.505,0.059,-32.854,-25.865,-1.926,443777755.000
-0.392,1.506,0.054,-32.819,-25.868,-1.935,443777856.000
-0.388,1.503,0.059,-32.848,-25.902,-1.916,443777955.000
-0.390,1.505,0.061,-32.840,-25.856,-1.898,443778055.000
-0.386,1.502,0.061,-32.828,-25.881,-1.934,443778156.000
-0.388,1.503,0.064,-32.820,-25.885,-1.916,443778255.000
-0.386,1.502,0.056,-32.813,-25.874,-1.906,443778356.000
-0.386,1.502,0.061,-32.841,-25.857,-1.934,443778456.000
-0.388,1.503,0.061,-32.820,-25.869,-1.916,443778555.000
-0.392,1.503,0.064,-32.780,-25.835,-1.916,443778655.000
-0.388,1.501,0.069,-32.808,-25.868,-1.925,443778755.000
-0.390,1.507,0.066,-32.770,-25.839,-1.916,443778856.000
-0.388,1.503,0.059,-32.751,-25.828,-1.915,443778955.000
-0.390,1.502,0.069,-32.773,-25.806,-1.906,443779055.000
-0.393,1.503,0.064,-32.752,-25.786,-1.915,443779156.000
-0.386,1.497,0.059,-32.788,-25.841,-1.896,443779256.000
-0.386,1.499,0.061,-32.760,-25.832,-1.914,443779356.000
-0.388,1.503,0.061,-32.738,-25.819,-1.942,443779456.000
-0.386,1.497,0.059,-32.761,-25.840,-1.924,443779555.000
-0.386,1.499,0.059,-32.732,-25.816,-1.914,443779655.000
-0.388,1.503,0.064,-32.710,-25.787,-1.887,443779755.000
-0.388,1.501,0.061,-32.683,-25.795,-1.896,443779856.000
-0.386,1.502,0.061,-32.689,-25.783,-1.904,443779955.000
-0.386,1.499,0.061,-32.705,-25.783,-1.914,443780056.000
-0.391,1.499,0.061,-32.705,-25.758,-1.886,443780156.000
-0.386,1.497,0.066,-32.679,-25.790,-1.895,443780256.000
-0.388,1.495,0.066,-32.686,-25.778,-1.886,443780356.000
-0.388,1.501,0.064,-32.670,-25.786,-1.895,443780455.000
-0.388,1.498,0.059,-32.685,-25.754,-1.904,443780555.000
-0.388,1.498,0.061,-32.657,-25.770,-1.904,443780656.000
-0.386,1.497,0.064,-32.665,-25.750,-1.894,443780756.000
-0.388,1.495,0.066,-32.659,-25.777,-1.886,443780856.000
-0.384,1.498,0.061,-32.657,-25.795,-1.904,443780955.000
-0.384,1.498,0.061,-32.643,-25.771,-1.903,443781056.000
-0.386,1.491,0.061,-32.667,-25.734,-1.913,443781156.000
-0.384,1.493,0.064,-32.646,-25.738,-1.894,443781255.000
-0.386,1.497,0.061,-32.595,-25.758,-1.894,443781356.000
-0.391,1.494,0.059,-32.611,-25.716,-1.903,443781455.000
-0.389,1.495,0.064,-32.631,-25.713,-1.885,443781556.000
-0.391,1.494,0.059,-32.611,-25.716,-1.903,443781655.000
-0.384,1.493,0.066,-32.618,-25.754,-1.894,443781755.000
-0.389,1.495,0.064,-32.590,-25.688,-1.912,443781856.000
-0.386,1.496,0.059,-32.568,-25.741,-1.921,443781955.000
-0.384,1.495,0.066,-32.575,-25.754,-1.884,443782055.000
-0.384,1.490,0.064,-32.606,-25.738,-1.902,443782155.000
-0.384,1.493,0.061,-32.576,-25.746,-1.893,443782256.000
-0.384,1.495,0.064,-32.561,-25.713,-1.884,443782356.000
-0.386,1.496,0.064,-32.554,-25.701,-1.893,443782455.000
-0.389,1.490,0.064,-32.578,-25.712,-1.875,443782555.000
-0.391,1.491,0.064,-32.544,-25.699,-1.884,443782655.000
-0.391,1.494,0.056,-32.542,-25.676,-1.903,443782755.000
-0.387,1.494,0.057,-32.500,-25.676,-1.902,443782855.000
-0.384,1.490,0.059,-32.537,-25.681,-1.929,443782955.000
-0.389,1.492,0.061,-32.522,-25.671,-1.893,443783055.000
-0.384,1.493,0.064,-32.521,-25.713,-1.892,443783155.000
-0.384,1.493,0.061,-32.494,-25.697,-1.892,443783255.000
-0.384,1.493,0.056,-32.493,-25.665,-1.864,443783355.000
-0.387,1.491,0.057,-32.488,-25.676,-1.911,443783456.000
-0.389,1.490,0.057,-32.482,-25.639,-1.929,443783555.000
-0.384,1.492,0.057,-32.452,-25.689,-1.892,443783655.000
-0.387,1.489,0.064,-32.516,-25.651,-1.864,443783756.000
-0.387,1.491,0.066,-32.474,-25.667,-1.883,443783855.000
-0.382,1.494,0.064,-32.459,-25.676,-1.901,443783955.000
-0.385,1.490,0.061,-32.453,-25.648,-1.873,443784056.000
-0.387,1.486,0.061,-32.476,-25.635,-1.873,443784156.000
-0.387,1.488,0.054,-32.433,-25.635,-1.891,443784256.000
-0.385,1.490,0.069,-32.440,-25.671,-1.873,443784355.000
-0.389,1.487,0.061,-32.442,-25.622,-1.882,443784455.000
-0.380,1.490,0.059,-32.411,-25.632,-1.872,443784556.000
-0.382,1.491,0.062,-32.404,-25.636,-1.881,443784655.000
-0.385,1.487,0.066,-32.428,-25.606,-1.881,443784755.000
-0.382,1.489,0.066,-32.406,-25.643,-1.863,443784856.000
-0.385,1.487,0.064,-32.414,-25.614,-1.881,443784955.000
-0.387,1.488,0.062,-32.406,-25.586,-1.891,443785056.000
-0.387,1.483,0.059,-32.408,-25.570,-1.853,443785156.000
-0.387,1.486,0.064,-32.394,-25.602,-1.872,443785255.000
-0.387,1.486,0.062,-32.366,-25.585,-1.872,443785356.000
-0.385,1.490,0.059,-32.357,-25.607,-1.872,443785456.000
-0.387,1.481,0.061,-32.410,-25.561,-1.862,443785556.000
-0.385,1.487,0.057,-32.372,-25.591,-1.881,443785655.000
-0.385,1.485,0.064,-32.373,-25.566,-1.862,443785755.000
-0.387,1.483,0.064,-32.381,-25.553,-1.853,443785856.000
-0.385,1.482,0.064,-32.361,-25.565,-1.871,443785955.000
-0.383,1.481,0.069,-32.396,-25.562,-1.862,443786055.000
-0.385,1.485,0.057,-32.331,-25.542,-1.861,443786155.000
-0.385,1.487,0.062,-32.303,-25.549,-1.852,443786256.000
-0.385,1.485,0.062,-32.318,-25.549,-1.861,443786356.000
-0.387,1.481,0.064,-32.341,-25.504,-1.861,443786455.000
-0.385,1.484,0.059,-32.291,-25.533,-1.889,443786555.000
-0.385,1.487,0.067,-32.303,-25.532,-1.852,443786656.000
-0.387,1.483,0.062,-32.312,-25.512,-1.880,443786755.000
-0.387,1.483,0.064,-32.285,-25.528,-1.852,443786855.000
-0.381,1.485,0.064,-32.276,-25.566,-1.861,443786956.000
-0.381,1.482,0.059,-32.291,-25.534,-1.870,443787056.000
-0.389,1.490,0.057,-32.219,-25.515,-1.870,443787155.000
-0.385,1.482,0.057,-32.278,-25.517,-1.870,443787255.000
-0.387,1.478,0.059,-32.287,-25.496,-1.842,443787355.000
-0.381,1.482,0.059,-32.264,-25.534,-1.869,443787455.000
-0.385,1.482,0.064,-32.264,-25.492,-1.870,443787555.000
-0.383,1.481,0.067,-32.272,-25.520,-1.860,443787656.000
-0.387,1.480,0.062,-32.258,-25.487,-1.860,443787756.000
-0.385,1.482,0.054,-32.236,-25.476,-1.897,443787856.000
-0.385,1.482,0.062,-32.237,-25.475,-1.869,443787955.000
-0.381,1.479,0.059,-32.237,-25.509,-1.850,443788056.000
-0.383,1.478,0.067,-32.232,-25.520,-1.869,443788155.000
-0.385,1.477,0.059,-32.225,-25.483,-1.860,443788256.000
-0.385,1.477,0.064,-32.225,-25.467,-1.832,443788356.000
-0.381,1.482,0.052,-32.180,-25.485,-1.868,443788455.000
-0.383,1.480,0.067,-32.203,-25.447,-1.859,443788555.000
-0.390,1.476,0.062,-32.198,-25.425,-1.860,443788655.000
-0.385,1.482,0.062,-32.168,-25.450,-1.868,443788755.000
-0.385,1.477,0.062,-32.212,-25.426,-1.859,443788855.000
-0.385,1.476,0.062,-32.170,-25.402,-1.859,443788955.000
-0.381,1.477,0.064,-32.184,-25.467,-1.859,443789056.000
-0.381,1.477,0.059,-32.170,-25.460,-1.858,443789155.000
-0.381,1.476,0.062,-32.170,-25.427,-1.858,443789255.000
-0.383,1.473,0.059,-32.193,-25.447,-1.859,443789356.000
-0.381,1.479,0.059,-32.140,-25.435,-1.849,443789455.000
-0.383,1.475,0.059,-32.150,-25.447,-1.849,443789555.000
-0.383,1.475,0.059,-32.150,-25.447,-1.877,443789655.000
-0.383,1.478,0.059,-32.149,-25.423,-1.868,443789756.000
-0.387,1.478,0.054,-32.107,-25.389,-1.868,443789857.000
-0.383,1.475,0.064,-32.136,-25.406,-1.849,443789956.000
-0.383,1.478,0.057,-32.120,-25.406,-1.840,443790057.000
-0.381,1.474,0.067,-32.130,-25.410,-1.867,443790157.000
-0.381,1.474,0.067,-32.130,-25.410,-1.867,443790256.000
-0.381,1.474,0.062,-32.116,-25.402,-1.839,443790357.000
-0.379,1.475,0.054,-32.108,-25.416,-1.876,443790456.000
-0.381,1.471,0.059,-32.131,-25.386,-1.848,443790556.000
-0.379,1.475,0.062,-32.080,-25.415,-1.848,443790656.000
-0.381,1.474,0.064,-32.075,-25.394,-1.866,443790756.000
-0.381,1.469,0.067,-32.119,-25.385,-1.829,443790857.000
-0.383,1.475,0.062,-32.053,-25.341,-1.820,443790956.000
-0.383,1.472,0.067,-32.083,-25.348,-1.857,443791056.000
-0.383,1.473,0.067,-32.082,-25.348,-1.829,443791155.000
-0.381,1.471,0.057,-32.075,-25.370,-1.847,443791255.000
-0.377,1.474,0.059,-32.046,-25.387,-1.838,443791356.000
-0.381,1.471,0.057,-32.062,-25.346,-1.847,443791456.000
-0.381,1.474,0.062,-32.033,-25.353,-1.865,443791556.000
-0.381,1.471,0.059,-32.048,-25.337,-1.847,443791656.000
-0.381,1.476,0.057,-32.004,-25.345,-1.856,443791756.000
-0.381,1.469,0.069,-32.064,-25.352,-1.829,443791855.000
-0.381,1.474,0.059,-32.005,-25.337,-1.838,443791956.000
-0.379,1.470,0.062,-32.041,-25.341,-1.810,443792055.000
-0.381,1.466,0.062,-32.050,-25.353,-1.810,443792155.000
-0.383,1.472,0.059,-31.986,-25.324,-1.856,443792255.000
-0.379,1.472,0.064,-31.999,-25.308,-1.855,443792355.000
-0.383,1.470,0.059,-32.014,-25.300,-1.810,443792455.000
-0.383,1.470,0.057,-31.973,-25.308,-1.865,443792555.000
-0.384,1.467,0.054,-32.002,-25.268,-1.846,443792656.000
-0.381,1.468,0.062,-31.981,-25.304,-1.855,443792756.000
-0.384,1.465,0.064,-32.017,-25.283,-1.828,443792855.000
-0.384,1.467,0.064,-31.989,-25.307,-1.846,443792956.000
-0.381,1.466,0.064,-31.996,-25.271,-1.836,443793056.000
-0.381,1.468,0.064,-31.981,-25.271,-1.855,443793155.000
-0.379,1.467,0.062,-31.974,-25.292,-1.845,443793256.000
-0.379,1.467,0.064,-31.960,-25.284,-1.845,443793355.000
-0.384,1.470,0.062,-31.932,-25.266,-1.836,443793456.000
-0.382,1.463,0.062,-31.955,-25.255,-1.817,443793555.000
-0.379,1.470,0.060,-31.917,-25.252,-1.836,443793655.000
-0.381,1.471,0.060,-31.910,-25.287,-1.845,443793755.000
-0.381,1.471,0.060,-31.896,-25.263,-1.845,443793856.000
-0.377,1.468,0.065,-31.883,-25.271,-1.826,443793956.000
-0.379,1.467,0.055,-31.918,-25.244,-1.817,443794055.000
-0.381,1.463,0.060,-31.914,-25.263,-1.845,443794155.000
-0.384,1.472,0.062,-31.875,-25.193,-1.854,443794256.000
-0.382,1.461,0.062,-31.929,-25.230,-1.826,443794355.000
-0.384,1.464,0.060,-31.907,-25.201,-1.854,443794455.000
-0.382,1.463,0.062,-31.886,-25.230,-1.817,443794556.000
-0.377,1.463,0.067,-31.859,-25.287,-1.816,443794656.000
-0.382,1.466,0.060,-31.871,-25.214,-1.835,443794756.000
-0.379,1.462,0.062,-31.880,-25.218,-1.835,443794856.000
-0.377,1.461,0.060,-31.873,-25.239,-1.825,443794956.000
-0.380,1.462,0.060,-31.880,-25.202,-1.834,443795056.000
-0.379,1.462,0.060,-31.866,-25.226,-1.835,443795155.000
-0.382,1.463,0.057,-31.859,-25.198,-1.844,443795255.000
-0.375,1.464,0.062,-31.837,-25.243,-1.852,443795356.000
-0.380,1.462,0.067,-31.866,-25.177,-1.806,443795455.000
-0.377,1.466,0.057,-31.815,-25.223,-1.834,443795555.000
-0.380,1.459,0.055,-31.853,-25.194,-1.843,443795655.000
-0.382,1.458,0.062,-31.861,-25.181,-1.807,443795756.000
-0.380,1.462,0.067,-31.825,-25.201,-1.806,443795855.000
-0.377,1.463,0.060,-31.803,-25.190,-1.815,443795955.000
-0.384,1.462,0.060,-31.811,-25.152,-1.806,443796056.000
-0.377,1.466,0.062,-31.774,-25.182,-1.806,443796156.000
-0.380,1.462,0.067,-31.811,-25.177,-1.834,443796256.000
-0.382,1.455,0.057,-31.821,-25.148,-1.843,443796356.000
-0.380,1.462,0.065,-31.769,-25.185,-1.806,443796455.000
-0.380,1.462,0.057,-31.755,-25.161,-1.833,443796555.000
-0.380,1.459,0.057,-31.757,-25.185,-1.815,443796656.000
-0.380,1.462,0.057,-31.755,-25.161,-1.805,443796755.000
-0.377,1.460,0.067,-31.735,-25.189,-1.796,443796855.000
-0.380,1.456,0.062,-31.758,-25.144,-1.823,443796956.000
-0.378,1.463,0.062,-31.720,-25.157,-1.814,443797055.000
-0.380,1.456,0.062,-31.758,-25.144,-1.823,443797155.000
-0.380,1.459,0.062,-31.729,-25.168,-1.814,443797256.000
-0.377,1.460,0.057,-31.707,-25.173,-1.823,443797356.000
-0.378,1.453,0.060,-31.726,-25.140,-1.823,443797455.000
-0.380,1.457,0.067,-31.731,-25.127,-1.795,443797555.000
-0.375,1.457,0.062,-31.744,-25.145,-1.795,443797655.000
-0.376,1.457,0.065,-31.716,-25.112,-1.795,443797756.000
-0.380,1.459,0.062,-31.702,-25.119,-1.814,443797856.000
-0.378,1.458,0.060,-31.709,-25.116,-1.804,443797956.000
-0.378,1.460,0.062,-31.666,-25.132,-1.795,443798055.000
-0.382,1.455,0.062,-31.683,-25.082,-1.813,443798156.000
-0.378,1.455,0.057,-31.696,-25.100,-1.813,443798256.000
-0.378,1.460,0.065,-31.666,-25.099,-1.795,443798355.000
-0.373,1.458,0.057,-31.680,-25.125,-1.803,443798456.000
-0.378,1.455,0.065,-31.669,-25.099,-1.785,443798556.000
-0.380,1.456,0.057,-31.648,-25.063,-1.822,443798656.000
-0.380,1.454,0.055,-31.677,-25.071,-1.831,443798756.000
-0.378,1.452,0.062,-31.657,-25.083,-1.822,443798856.000
-0.380,1.451,0.062,-31.705,-25.095,-1.785,443798955.000
-0.376,1.454,0.062,-31.621,-25.095,-1.803,443799055.000
-0.380,1.456,0.060,-31.620,-25.078,-1.822,443799155.000
-0.382,1.455,0.065,-31.628,-25.049,-1.813,443799255.000
-0.380,1.454,0.062,-31.622,-25.070,-1.803,443799356.000
-0.378,1.458,0.062,-31.612,-25.058,-1.803,443799455.000
-0.378,1.450,0.062,-31.644,-25.034,-1.803,443799556.000
-0.376,1.454,0.062,-31.662,-25.071,-1.803,443799655.000
-0.380,1.454,0.062,-31.622,-25.070,-1.803,443799755.000
-0.378,1.455,0.065,-31.614,-25.050,-1.784,443799855.000
-0.382,1.450,0.060,-31.631,-25.017,-1.803,443799955.000
-0.378,1.452,0.062,-31.588,-25.058,-1.821,443800055.000
-0.378,1.452,0.062,-31.601,-25.034,-1.793,443800156.000
-0.380,1.451,0.060,-31.595,-25.029,-1.784,443800256.000
-0.376,1.446,0.062,-31.639,-25.047,-1.802,443800355.000
-0.376,1.454,0.065,-31.552,-25.038,-1.802,443800456.000
-0.376,1.448,0.057,-31.582,-25.038,-1.820,443800555.000
-0.374,1.450,0.057,-31.575,-25.051,-1.829,443800656.000
-0.376,1.448,0.065,-31.597,-25.014,-1.820,443800756.000
-0.376,1.451,0.065,-31.554,-25.013,-1.811,443800855.000
-0.378,1.450,0.057,-31.561,-25.001,-1.829,443800956.000
-0.376,1.451,0.060,-31.567,-25.006,-1.811,443801055.000
-0.378,1.450,0.065,-31.561,-25.001,-1.802,443801156.000
-0.376,1.451,0.057,-31.539,-24.990,-1.810,443801255.000
-0.378,1.452,0.060,-31.532,-24.993,-1.820,443801355.000
-0.376,1.451,0.070,-31.554,-24.997,-1.783,443801456.000
-0.376,1.451,0.060,-31.512,-25.005,-1.810,443801556.000
-0.376,1.448,0.060,-31.513,-24.981,-1.791,443801656.000
-0.374,1.447,0.057,-31.548,-25.027,-1.810,443801756.000
-0.376,1.448,0.062,-31.527,-24.973,-1.791,443801856.000
-0.378,1.447,0.062,-31.535,-24.960,-1.810,443801956.000
-0.378,1.447,0.057,-31.535,-24.977,-1.810,443802055.000
-0.378,1.447,0.060,-31.535,-24.944,-1.782,443802155.000
-0.378,1.447,0.062,-31.493,-24.936,-1.782,443802255.000
-0.374,1.450,0.067,-31.478,-24.993,-1.800,443802355.000
-0.376,1.448,0.058,-31.486,-24.965,-1.819,443802456.000
-0.376,1.446,0.062,-31.515,-24.973,-1.800,443802555.000
-0.376,1.451,0.067,-31.471,-24.980,-1.782,443802655.000
-0.374,1.447,0.060,-31.493,-24.945,-1.781,443802755.000
-0.374,1.442,0.057,-31.509,-24.953,-1.772,443802855.000
-0.374,1.444,0.062,-31.481,-24.961,-1.790,443802955.000
-0.376,1.446,0.057,-31.487,-24.940,-1.800,443803055.000
-0.376,1.443,0.060,-31.488,-24.932,-1.809,443803155.000
-0.374,1.447,0.063,-31.452,-24.936,-1.809,443803256.000
-0.378,1.447,0.065,-31.466,-24.903,-1.781,443803356.000
-0.378,1.444,0.062,-31.467,-24.911,-1.791,443803455.000
-0.376,1.448,0.062,-31.417,-24.923,-1.790,443803556.000
-0.372,1.446,0.065,-31.431,-24.965,-1.771,443803655.000
-0.372,1.446,0.058,-31.417,-24.941,-1.799,443803756.000
-0.378,1.447,0.067,-31.411,-24.870,-1.808,443803855.000
-0.376,1.443,0.058,-31.419,-24.891,-1.808,443803956.000
-0.376,1.448,0.065,-31.389,-24.890,-1.790,443804055.000
-0.378,1.447,0.062,-31.369,-24.862,-1.753,443804155.000
-0.374,1.447,0.058,-31.396,-24.904,-1.780,443804256.000
-0.374,1.444,0.060,-31.398,-24.895,-1.789,443804356.000
-0.374,1.442,0.060,-31.413,-24.895,-1.798,443804455.000
-0.374,1.439,0.068,-31.415,-24.870,-1.807,443804555.000
-0.374,1.439,0.063,-31.414,-24.887,-1.807,443804656.000
-0.374,1.444,0.058,-31.370,-24.879,-1.789,443804755.000
-0.374,1.442,0.060,-31.385,-24.895,-1.798,443804855.000
-0.374,1.444,0.060,-31.370,-24.895,-1.789,443804956.000
-0.372,1.443,0.063,-31.350,-24.875,-1.779,443805055.000
-0.374,1.444,0.058,-31.342,-24.879,-1.761,443805155.000
-0.379,1.439,0.060,-31.373,-24.821,-1.780,443805255.000
-0.370,1.442,0.060,-31.343,-24.896,-1.770,443805355.000
-0.374,1.442,0.063,-31.330,-24.862,-1.770,443805455.000
-0.376,1.438,0.060,-31.353,-24.834,-1.770,443805556.000
-0.372,1.440,0.060,-31.351,-24.883,-1.788,443805655.000
-0.376,1.443,0.058,-31.336,-24.842,-1.779,443805755.000
-0.372,1.435,0.065,-31.382,-24.867,-1.779,443805856.000
-0.374,1.437,0.058,-31.360,-24.830,-1.760,443805956.000
-0.372,1.443,0.063,-31.322,-24.875,-1.779,443806055.000
-0.372,1.440,0.063,-31.323,-24.851,-1.760,443806155.000
-0.374,1.439,0.063,-31.304,-24.838,-1.779,443806255.000
-0.374,1.436,0.060,-31.291,-24.821,-1.787,443806356.000
-0.372,1.440,0.063,-31.282,-24.826,-1.787,443806455.000
-0.379,1.436,0.065,-31.306,-24.804,-1.760,443806555.000
-0.374,1.439,0.065,-31.263,-24.829,-1.806,443806656.000
-0.370,1.442,0.063,-31.246,-24.838,-1.768,443806755.000
-0.370,1.439,0.065,-31.262,-24.806,-1.777,443806855.000
-0.372,1.438,0.055,-31.283,-24.802,-1.796,443806956.000
-0.374,1.439,0.065,-31.249,-24.804,-1.778,443807055.000
-0.370,1.439,0.065,-31.248,-24.781,-1.777,443807155.000
-0.372,1.435,0.058,-31.271,-24.818,-1.778,443807256.000
-0.374,1.439,0.065,-31.262,-24.780,-1.778,443807357.000
-0.374,1.442,0.060,-31.233,-24.773,-1.768,443807456.000
-0.372,1.438,0.063,-31.256,-24.801,-1.768,443807556.000
-0.370,1.436,0.068,-31.236,-24.797,-1.758,443807657.000
-0.372,1.438,0.065,-31.228,-24.768,-1.768,443807757.000
-0.372,1.440,0.060,-31.227,-24.761,-1.786,443807856.000
-0.372,1.438,0.063,-31.228,-24.801,-1.768,443807957.000
-0.372,1.435,0.065,-31.230,-24.792,-1.777,443808057.000
-0.375,1.434,0.065,-31.210,-24.731,-1.767,443808156.000
-0.372,1.435,0.068,-31.202,-24.760,-1.776,443808257.000
-0.375,1.434,0.063,-31.224,-24.739,-1.768,443808357.000
-0.372,1.435,0.060,-31.216,-24.736,-1.776,443808456.000
-0.375,1.436,0.060,-31.208,-24.723,-1.786,443808557.000
-0.375,1.439,0.060,-31.152,-24.747,-1.777,443808656.000
-0.372,1.440,0.060,-31.144,-24.760,-1.758,443808757.000
-0.377,1.435,0.068,-31.189,-24.710,-1.749,443808857.000
-0.377,1.435,0.065,-31.175,-24.718,-1.777,443808957.000
-0.366,1.436,0.063,-31.138,-24.766,-1.757,443809056.000
-0.372,1.435,0.063,-31.174,-24.728,-1.776,443809156.000
-0.370,1.436,0.058,-31.152,-24.732,-1.785,443809256.000
-0.375,1.436,0.058,-31.153,-24.707,-1.785,443809357.000
-0.373,1.430,0.063,-31.205,-24.728,-1.767,443809457.000
-0.370,1.436,0.055,-31.138,-24.741,-1.785,443809556.000
-0.370,1.431,0.065,-31.155,-24.732,-1.748,443809657.000
-0.373,1.430,0.060,-31.177,-24.711,-1.766,443809757.000
-0.373,1.435,0.065,-31.133,-24.719,-1.776,443809857.000
-0.375,1.431,0.060,-31.156,-24.674,-1.776,443809957.000
-0.373,1.430,0.058,-31.149,-24.695,-1.766,443810056.000
-0.375,1.434,0.065,-31.141,-24.658,-1.766,443810156.000
-0.373,1.430,0.060,-31.149,-24.711,-1.766,443810256.000
-0.373,1.435,0.060,-31.105,-24.687,-1.775,443810357.000
-0.371,1.431,0.068,-31.114,-24.674,-1.775,443810456.000
-0.368,1.432,0.060,-31.120,-24.712,-1.784,443810557.000
-0.370,1.434,0.063,-31.044,-24.690,-1.765,443810657.000
-0.377,1.432,0.065,-31.093,-24.644,-1.757,443810756.000
-0.371,1.431,0.065,-31.072,-24.682,-1.747,443810856.000
-0.371,1.431,0.063,-31.100,-24.667,-1.774,443810957.000
-0.368,1.432,0.060,-31.092,-24.663,-1.756,443811057.000
-0.373,1.430,0.063,-31.080,-24.654,-1.765,443811156.000
-0.373,1.432,0.060,-31.093,-24.638,-1.784,443811256.000
-0.373,1.427,0.063,-31.095,-24.654,-1.747,443811357.000
-0.368,1.432,0.060,-31.037,-24.663,-1.755,443811456.000
-0.371,1.431,0.068,-31.031,-24.674,-1.746,443811556.000
-0.371,1.431,0.060,-31.044,-24.650,-1.746,443811656.000
-0.373,1.430,0.065,-31.011,-24.645,-1.737,443811757.000
-0.373,1.432,0.070,-31.024,-24.628,-1.755,443811857.000
-0.371,1.428,0.063,-31.046,-24.642,-1.755,443811957.000
-0.373,1.432,0.065,-31.010,-24.621,-1.755,443812057.000
-0.373,1.432,0.070,-30.997,-24.628,-1.755,443812157.000
-0.373,1.432,0.060,-30.996,-24.613,-1.755,443812257.000
-0.373,1.430,0.060,-30.997,-24.637,-1.764,443812357.000
-0.369,1.430,0.063,-30.997,-24.630,-1.764,443812456.000
-0.373,1.432,0.060,-30.982,-24.637,-1.755,443812556.000
-0.369,1.424,0.063,-31.055,-24.630,-1.755,443812656.000
-0.371,1.428,0.063,-31.019,-24.593,-1.755,443812757.000
-0.373,1.424,0.056,-31.000,-24.605,-1.782,443812857.000
-0.371,1.431,0.060,-30.962,-24.601,-1.745,443812956.000
-0.366,1.428,0.063,-30.977,-24.642,-1.754,443813056.000
-0.371,1.428,0.060,-30.977,-24.601,-1.727,443813157.000
-0.371,1.423,0.060,-30.993,-24.577,-1.745,443813257.000
-0.371,1.431,0.055,-30.948,-24.593,-1.745,443813357.000
-0.371,1.428,0.063,-30.991,-24.593,-1.754,443813457.000
-0.369,1.424,0.065,-30.972,-24.597,-1.754,443813556.000
-0.373,1.429,0.058,-30.942,-24.572,-1.736,443813656.000
-0.369,1.422,0.063,-30.987,-24.581,-1.735,443813757.000
-0.369,1.427,0.065,-30.943,-24.621,-1.745,443813857.000
-0.371,1.426,0.058,-30.950,-24.560,-1.735,443813956.000
-0.371,1.423,0.060,-30.938,-24.576,-1.744,443814056.000
-0.371,1.428,0.063,-30.922,-24.568,-1.726,443814157.000
-0.371,1.423,0.063,-30.911,-24.592,-1.744,443814256.000
-0.369,1.427,0.063,-30.915,-24.556,-1.744,443814356.000
-0.369,1.427,0.053,-30.928,-24.565,-1.744,443814456.000
-0.371,1.428,0.068,-30.894,-24.551,-1.726,443814556.000
-0.371,1.423,0.061,-30.897,-24.551,-1.744,443814657.000
-0.371,1.420,0.063,-30.926,-24.543,-1.753,443814756.000
-0.371,1.425,0.066,-30.882,-24.535,-1.762,443814856.000
-0.371,1.426,0.068,-30.855,-24.550,-1.734,443814957.000
-0.369,1.419,0.063,-30.919,-24.532,-1.743,443815057.000
-0.369,1.424,0.063,-30.889,-24.532,-1.725,443815157.000
-0.371,1.423,0.063,-30.869,-24.567,-1.716,443815257.000
-0.369,1.424,0.065,-30.875,-24.523,-1.725,443815356.000
-0.371,1.423,0.056,-30.855,-24.543,-1.743,443815457.000
-0.369,1.419,0.058,-30.892,-24.548,-1.743,443815556.000
-0.371,1.426,0.065,-30.841,-24.559,-1.734,443815656.000
-0.369,1.422,0.061,-30.890,-24.540,-1.734,443815756.000
-0.367,1.423,0.063,-30.868,-24.544,-1.715,443815856.000
-0.371,1.420,0.063,-30.870,-24.494,-1.724,443815957.000
-0.371,1.420,0.068,-30.857,-24.502,-1.697,443816057.000
-0.371,1.420,0.056,-30.870,-24.495,-1.725,443816157.000
-0.371,1.420,0.060,-30.857,-24.502,-1.724,443816257.000
-0.369,1.422,0.061,-30.849,-24.515,-1.761,443816356.000
-0.367,1.418,0.056,-30.843,-24.544,-1.733,443816456.000
-0.367,1.420,0.058,-30.842,-24.536,-1.752,443816556.000
-0.369,1.416,0.063,-30.865,-24.507,-1.724,443816656.000
-0.369,1.422,0.066,-30.835,-24.523,-1.733,443816757.000
-0.369,1.419,0.063,-30.809,-24.530,-1.742,443816857.000
-0.369,1.419,0.071,-30.810,-24.481,-1.742,443816956.000
-0.367,1.423,0.068,-30.800,-24.502,-1.742,443817056.000
-0.365,1.416,0.061,-30.796,-24.491,-1.723,443817155.000
-0.369,1.421,0.066,-30.780,-24.474,-1.733,443817256.000
-0.367,1.420,0.061,-30.773,-24.479,-1.723,443817355.000
-0.369,1.422,0.068,-30.780,-24.489,-1.733,443817455.000
-0.367,1.420,0.066,-30.760,-24.486,-1.723,443817555.000
-0.367,1.423,0.063,-30.786,-24.495,-1.742,443817656.000
-0.365,1.421,0.063,-30.766,-24.459,-1.732,443817755.000
-0.369,1.416,0.061,-30.783,-24.441,-1.750,443817856.000
-0.369,1.421,0.061,-30.739,-24.417,-1.759,443817955.000
-0.367,1.415,0.058,-30.748,-24.462,-1.741,443818055.000
-0.365,1.416,0.063,-30.796,-24.459,-1.750,443818156.000
-0.369,1.421,0.063,-30.739,-24.433,-1.732,443818255.000
-0.365,1.414,0.063,-30.784,-24.458,-1.731,443818356.000
-0.367,1.425,0.066,-30.716,-24.462,-1.732,443818455.000
-0.365,1.414,0.066,-30.784,-24.474,-1.731,443818555.000
-0.369,1.416,0.063,-30.755,-24.409,-1.722,443818655.000
-0.369,1.414,0.058,-30.770,-24.425,-1.732,443818755.000
-0.367,1.415,0.066,-30.749,-24.413,-1.740,443818856.000
-0.367,1.418,0.063,-30.747,-24.421,-1.731,443818956.000
-0.367,1.415,0.061,-30.749,-24.429,-1.740,443819056.000
-0.367,1.412,0.071,-30.737,-24.396,-1.721,443819156.000
-0.367,1.415,0.066,-30.735,-24.388,-1.740,443819256.000
-0.367,1.417,0.061,-30.706,-24.381,-1.731,443819356.000
-0.365,1.411,0.061,-30.730,-24.418,-1.740,443819455.000
-0.365,1.419,0.061,-30.670,-24.393,-1.739,443819555.000
-0.369,1.413,0.068,-30.702,-24.367,-1.758,443819655.000
-0.369,1.416,0.061,-30.686,-24.368,-1.721,443819755.000
