0.065,-0.102,-0.147,2.701,1.875,0.540,445370384.000
0.061,-0.097,-0.147,2.772,1.876,0.530,445370485.000
0.068,-0.099,-0.152,2.765,1.870,0.513,445370584.000
0.065,-0.102,-0.147,2.728,1.875,0.540,445370684.000
0.068,-0.101,-0.152,2.723,1.870,0.531,445370784.000
0.068,-0.098,-0.157,2.752,1.877,0.540,445370884.000
0.066,-0.100,-0.154,2.757,1.850,0.494,445370985.000
0.063,-0.101,-0.149,2.736,1.904,0.531,445371084.000
0.068,-0.104,-0.154,2.708,1.886,0.522,445371184.000
0.066,-0.100,-0.149,2.716,1.842,0.521,445371284.000
0.068,-0.101,-0.154,2.709,1.861,0.531,445371384.000
0.065,-0.105,-0.154,2.700,1.898,0.531,445371484.000
0.066,-0.097,-0.157,2.745,1.866,0.503,445371585.000
0.068,-0.098,-0.152,2.724,1.845,0.512,445371684.000
0.063,-0.096,-0.152,2.738,1.871,0.521,445371785.000
0.063,-0.098,-0.147,2.709,1.863,0.539,445371884.000
0.063,-0.101,-0.149,2.694,1.879,0.530,445371984.000
0.065,-0.102,-0.152,2.715,1.883,0.512,445372084.000
0.066,-0.095,-0.147,2.746,1.826,0.512,445372185.000
0.066,-0.100,-0.157,2.730,1.866,0.521,445372284.000
0.063,-0.098,-0.149,2.723,1.855,0.539,445372385.000
0.066,-0.100,-0.152,2.744,1.858,0.522,445372484.000
0.068,-0.101,-0.154,2.723,1.837,0.531,445372585.000
0.063,-0.099,-0.159,2.738,1.895,0.512,445372685.000
0.063,-0.104,-0.147,2.679,1.863,0.521,445372784.000
0.070,-0.097,-0.149,2.718,1.841,0.531,445372884.000
0.068,-0.106,-0.154,2.665,1.837,0.512,445372985.000
0.068,-0.098,-0.152,2.738,1.870,0.513,445373084.000
0.070,-0.097,-0.152,2.731,1.833,0.503,445373184.000
0.065,-0.102,-0.149,2.687,1.866,0.512,445373285.000
0.063,-0.098,-0.147,2.709,1.863,0.512,445373384.000
0.066,-0.097,-0.152,2.759,1.810,0.530,445373485.000
0.066,-0.100,-0.147,2.702,1.850,0.521,445373584.000
0.068,-0.098,-0.152,2.710,1.870,0.512,445373684.000
0.066,-0.097,-0.152,2.704,1.858,0.530,445373785.000
0.068,-0.104,-0.149,2.693,1.829,0.521,445373885.000
0.063,-0.096,-0.147,2.724,1.863,0.521,445373985.000
0.063,-0.098,-0.147,2.709,1.863,0.512,445374085.000
0.061,-0.097,-0.149,2.730,1.868,0.502,445374184.000
0.066,-0.095,-0.154,2.719,1.825,0.512,445374285.000
0.061,-0.094,-0.147,2.718,1.851,0.539,445374384.000
0.063,-0.098,-0.154,2.696,1.887,0.512,445374484.000
0.063,-0.098,-0.154,2.696,1.838,0.539,445374584.000
0.063,-0.104,-0.152,2.666,1.870,0.549,445374684.000
0.066,-0.097,-0.154,2.717,1.850,0.503,445374785.000
0.063,-0.098,-0.152,2.737,1.847,0.512,445374884.000
0.066,-0.095,-0.152,2.732,1.834,0.512,445374984.000
0.066,-0.097,-0.154,2.718,1.801,0.530,445375084.000
0.063,-0.098,-0.154,2.696,1.838,0.511,445375185.000
0.063,-0.098,-0.149,2.696,1.855,0.539,445375284.000
0.063,-0.096,-0.157,2.739,1.854,0.521,445375384.000
0.063,-0.098,-0.149,2.682,1.879,0.539,445375484.000
0.066,-0.100,-0.152,2.702,1.834,0.521,445375584.000
0.063,-0.098,-0.159,2.724,1.870,0.512,445375684.000
0.066,-0.097,-0.154,2.703,1.825,0.502,445375784.000
0.063,-0.101,-0.152,2.681,1.871,0.530,445375884.000
0.063,-0.096,-0.147,2.724,1.863,0.521,445375985.000
0.066,-0.092,-0.147,2.747,1.850,0.521,445376084.000
0.066,-0.097,-0.152,2.703,1.809,0.502,445376184.000
0.066,-0.100,-0.149,2.688,1.842,0.521,445376284.000
0.063,-0.096,-0.154,2.711,1.838,0.521,445376384.000
0.068,-0.101,-0.154,2.695,1.837,0.531,445376484.000
0.066,-0.097,-0.152,2.704,1.809,0.530,445376584.000
0.063,-0.093,-0.147,2.712,1.863,0.502,445376685.000
0.066,-0.097,-0.152,2.717,1.834,0.503,445376785.000
0.063,-0.104,-0.149,2.665,1.855,0.521,445376885.000
0.066,-0.095,-0.152,2.705,1.834,0.512,445376985.000
0.059,-0.099,-0.154,2.723,1.864,0.511,445377085.000
0.066,-0.100,-0.152,2.688,1.809,0.521,445377184.000
0.063,-0.098,-0.149,2.709,1.831,0.511,445377284.000
0.066,-0.102,-0.157,2.674,1.841,0.539,445377384.000
0.063,-0.101,-0.149,2.666,1.830,0.502,445377484.000
0.068,-0.096,-0.154,2.739,1.813,0.494,445377584.000
0.061,-0.102,-0.149,2.659,1.843,0.511,445377684.000
0.068,-0.096,-0.152,2.725,1.821,0.521,445377783.000
0.066,-0.097,-0.149,2.717,1.818,0.530,445377883.000
0.063,-0.096,-0.147,2.710,1.839,0.493,445377983.000
0.063,-0.101,-0.149,2.667,1.830,0.530,445378084.000
0.063,-0.098,-0.154,2.682,1.862,0.511,445378183.000
0.063,-0.098,-0.144,2.682,1.847,0.539,445378284.000
0.068,-0.098,-0.147,2.682,1.837,0.512,445378383.000
0.068,-0.093,-0.149,2.713,1.805,0.530,445378484.000
0.059,-0.098,-0.152,2.681,1.872,0.511,445378584.000
0.063,-0.096,-0.154,2.697,1.862,0.521,445378684.000
0.066,-0.100,-0.149,2.688,1.842,0.521,445378784.000
0.063,-0.098,-0.149,2.709,1.831,0.511,445378884.000
0.061,-0.100,-0.157,2.688,1.867,0.520,445378984.000
0.063,-0.098,-0.149,2.682,1.830,0.539,445379083.000
0.063,-0.098,-0.147,2.681,1.863,0.512,445379183.000
0.061,-0.097,-0.149,2.689,1.843,0.502,445379283.000
0.066,-0.097,-0.152,2.676,1.809,0.502,445379384.000
0.063,-0.098,-0.152,2.696,1.822,0.511,445379483.000
0.063,-0.101,-0.147,2.680,1.839,0.530,445379583.000
0.063,-0.098,-0.147,2.695,1.887,0.512,445379684.000
0.066,-0.095,-0.157,2.691,1.841,0.511,445379784.000
0.066,-0.097,-0.152,2.717,1.834,0.503,445379884.000
0.061,-0.095,-0.157,2.705,1.842,0.511,445379983.000
0.066,-0.097,-0.152,2.690,1.834,0.502,445380084.000
0.063,-0.101,-0.152,2.694,1.847,0.502,445380183.000
0.066,-0.095,-0.144,2.718,1.810,0.512,445380284.000
0.063,-0.096,-0.154,2.683,1.838,0.520,445380383.000
0.063,-0.093,-0.154,2.726,1.838,0.530,445380483.000
0.066,-0.094,-0.152,2.691,1.809,0.539,445380583.000
0.066,-0.095,-0.154,2.691,1.825,0.511,445380684.000
0.063,-0.093,-0.152,2.712,1.846,0.530,445380784.000
0.061,-0.095,-0.147,2.704,1.876,0.511,445380884.000
0.066,-0.095,-0.152,2.732,1.834,0.512,445380985.000
0.066,-0.092,-0.152,2.720,1.834,0.493,445381084.000
0.063,-0.093,-0.154,2.726,1.838,0.530,445381184.000
0.066,-0.097,-0.149,2.689,1.818,0.502,445381285.000
0.061,-0.100,-0.152,2.688,1.835,0.520,445381384.000
0.066,-0.097,-0.147,2.703,1.826,0.502,445381484.000
0.065,-0.102,-0.147,2.659,1.850,0.512,445381584.000
0.066,-0.094,-0.154,2.692,1.825,0.539,445381684.000
0.061,-0.095,-0.147,2.690,1.851,0.511,445381784.000
0.066,-0.102,-0.154,2.632,1.849,0.511,445381884.000
0.066,-0.097,-0.152,2.690,1.833,0.530,445381985.000
0.063,-0.098,-0.152,2.696,1.822,0.511,445382084.000
0.068,-0.093,-0.149,2.699,1.829,0.502,445382184.000
0.063,-0.096,-0.149,2.711,1.855,0.521,445382285.000
0.066,-0.097,-0.149,2.676,1.842,0.502,445382385.000
0.061,-0.097,-0.147,2.702,1.852,0.502,445382484.000
0.066,-0.097,-0.152,2.690,1.834,0.502,445382585.000
0.066,-0.097,-0.159,2.663,1.833,0.502,445382685.000
0.068,-0.096,-0.144,2.697,1.821,0.521,445382785.000
0.066,-0.100,-0.149,2.688,1.842,0.521,445382885.000
0.066,-0.095,-0.149,2.705,1.818,0.511,445382984.000
0.063,-0.096,-0.147,2.669,1.863,0.520,445383084.000
0.068,-0.093,-0.144,2.726,1.846,0.531,445383184.000
0.068,-0.096,-0.147,2.684,1.861,0.549,445383284.000
0.063,-0.098,-0.149,2.682,1.830,0.539,445383384.000
0.068,-0.096,-0.147,2.711,1.813,0.521,445383485.000
0.063,-0.096,-0.149,2.683,1.854,0.521,445383584.000
0.063,-0.091,-0.147,2.686,1.838,0.539,445383684.000
0.068,-0.093,-0.154,2.658,1.836,0.502,445383785.000
0.063,-0.099,-0.147,2.681,1.863,0.484,445383885.000
0.059,-0.091,-0.147,2.644,1.791,0.510,445383984.000
0.062,-0.087,-0.154,2.639,1.728,0.509,445384085.000
0.062,-0.092,-0.142,2.608,1.649,0.490,445384184.000
0.054,-0.086,-0.147,2.541,1.512,0.533,445384285.000
0.052,-0.090,-0.150,2.587,1.275,0.504,445384384.000
0.049,-0.085,-0.152,2.603,0.952,0.519,445384484.000
0.031,-0.075,-0.145,2.625,0.485,0.503,445384584.000
0.019,-0.067,-0.150,2.627,-0.013,0.524,445384685.000
0.004,-0.059,-0.153,2.697,-0.622,0.517,445384785.000
-0.012,-0.053,-0.146,2.683,-1.272,0.555,445384885.000
-0.023,-0.052,-0.133,2.749,-1.978,0.576,445384985.000
-0.051,-0.036,-0.146,2.781,-2.691,0.566,445385085.000
-0.060,-0.035,-0.134,2.786,-3.337,0.578,445385185.000
-0.081,-0.020,-0.139,2.728,-4.088,0.576,445385284.000
-0.101,-0.006,-0.140,2.718,-4.786,0.613,445385384.000
-0.114,-0.001,-0.130,2.668,-5.562,0.604,445385484.000
-0.133,0.017,-0.138,2.579,-6.310,0.630,445385584.000
-0.147,0.025,-0.118,2.474,-7.029,0.631,445385684.000
-0.172,0.050,-0.136,2.312,-7.822,0.663,445385785.000
-0.187,0.059,-0.122,2.188,-8.641,0.653,445385885.000
-0.209,0.079,-0.125,2.023,-9.361,0.697,445385985.000
-0.226,0.094,-0.115,1.813,-10.162,0.695,445386085.000
-0.247,0.117,-0.126,1.538,-10.908,0.691,445386184.000
-0.262,0.131,-0.116,1.335,-11.745,0.698,445386284.000
-0.283,0.154,-0.117,1.088,-12.603,0.749,445386384.000
-0.298,0.173,-0.117,0.874,-13.353,0.747,445386485.000
-0.319,0.193,-0.116,0.570,-14.203,0.761,445386584.000
-0.334,0.215,-0.101,0.315,-15.001,0.795,445386685.000
-0.364,0.236,-0.100,0.024,-15.921,0.808,445386784.000
-0.379,0.255,-0.100,-0.162,-16.768,0.860,445386885.000
-0.400,0.275,-0.096,-0.535,-17.707,0.845,445386984.000
-0.419,0.295,-0.102,-0.804,-18.545,0.869,445387084.000
-0.442,0.322,-0.090,-1.113,-19.471,0.864,445387184.000
-0.459,0.345,-0.103,-1.413,-20.275,0.915,445387285.000
-0.484,0.363,-0.089,-1.734,-21.228,0.946,445387385.000
-0.504,0.385,-0.090,-2.015,-22.002,0.980,445387485.000
-0.527,0.409,-0.083,-2.311,-22.944,1.020,445387584.000
-0.550,0.433,-0.086,-2.633,-23.774,1.034,445387684.000
-0.571,0.457,-0.074,-2.950,-24.688,1.084,445387785.000
-0.588,0.480,-0.078,-3.279,-25.556,1.107,445387884.000
-0.613,0.506,-0.078,-3.649,-26.535,1.137,445387984.000
-0.632,0.528,-0.072,-3.917,-27.381,1.198,445388084.000
-0.668,0.557,-0.075,-4.279,-28.305,1.254,445388184.000
-0.689,0.575,-0.061,-4.627,-29.187,1.258,445388284.000
-0.697,0.599,-0.079,-5.008,-30.108,1.337,445388384.000
-0.731,0.625,-0.068,-5.353,-31.067,1.339,445388484.000
-0.752,0.651,-0.061,-5.668,-31.925,1.426,445388584.000
-0.773,0.677,-0.064,-6.023,-32.938,1.484,445388685.000
-0.794,0.700,-0.053,-6.340,-33.804,1.507,445388784.000
-0.819,0.731,-0.054,-6.665,-34.759,1.583,445388884.000
-0.845,0.749,-0.052,-6.888,-35.509,1.616,445388984.000
-0.856,0.765,-0.047,-7.214,-36.051,1.607,445389084.000
-0.858,0.780,-0.041,-7.738,-36.383,1.636,445389184.000
-0.859,0.808,-0.044,-8.310,-36.434,1.573,445389284.000
-0.853,0.833,-0.047,-9.007,-36.343,1.531,445389385.000
-0.842,0.855,-0.042,-9.677,-36.106,1.454,445389484.000
-0.832,0.880,-0.040,-10.387,-35.952,1.412,445389584.000
-0.824,0.891,-0.030,-11.072,-35.831,1.335,445389685.000
-0.813,0.924,-0.033,-11.695,-35.716,1.265,445389784.000
-0.809,0.945,-0.039,-12.413,-35.548,1.251,445389884.000
-0.804,0.969,-0.034,-13.133,-35.468,1.134,445389984.000
-0.791,0.990,-0.037,-13.755,-35.390,1.066,445390084.000
-0.791,1.014,-0.040,-14.446,-35.285,1.032,445390184.000
-0.783,1.038,-0.028,-15.096,-35.204,0.972,445390285.000
-0.781,1.068,-0.029,-15.791,-35.104,0.892,445390385.000
-0.774,1.088,-0.029,-16.436,-35.028,0.832,445390485.000
-0.766,1.107,-0.025,-17.157,-34.973,0.752,445390584.000
-0.755,1.134,-0.030,-17.810,-34.891,0.692,445390684.000
-0.750,1.158,-0.023,-18.461,-34.899,0.631,445390785.000
-0.746,1.177,-0.018,-19.100,-34.769,0.553,445390885.000
-0.737,1.208,-0.026,-19.772,-34.732,0.491,445390985.000
-0.735,1.228,-0.022,-20.514,-34.688,0.402,445391084.000
-0.731,1.254,-0.015,-21.149,-34.647,0.350,445391184.000
-0.724,1.280,-0.018,-21.887,-34.629,0.279,445391285.000
-0.722,1.305,-0.011,-22.544,-34.600,0.208,445391385.000
-0.715,1.330,-0.004,-23.228,-34.548,0.166,445391484.000
-0.711,1.354,-0.009,-23.919,-34.550,0.076,445391584.000
-0.704,1.374,-0.007,-24.536,-34.489,-0.012,445391684.000
-0.697,1.409,-0.005,-25.256,-34.528,-0.074,445391784.000
-0.699,1.429,-0.003,-25.874,-34.465,-0.163,445391884.000
-0.693,1.454,-0.006,-26.543,-34.471,-0.206,445391984.000
-0.686,1.479,-0.004,-27.255,-34.436,-0.304,445392084.000
-0.684,1.510,0.006,-27.950,-34.448,-0.358,445392184.000
-0.677,1.527,0.010,-28.583,-34.452,-0.455,445392284.000
-0.673,1.556,0.010,-29.299,-34.388,-0.526,445392385.000
-0.662,1.576,0.009,-29.957,-34.411,-0.614,445392484.000
-0.657,1.615,0.014,-30.586,-34.427,-0.704,445392585.000
-0.657,1.631,0.006,-31.268,-34.338,-0.793,445392684.000
-0.648,1.652,0.018,-31.919,-34.379,-0.863,445392785.000
-0.652,1.684,0.015,-32.621,-34.298,-0.926,445392885.000
-0.643,1.708,0.017,-33.285,-34.323,-1.042,445392984.000
-0.637,1.733,0.024,-33.997,-34.272,-1.140,445393084.000
-0.630,1.763,0.024,-34.595,-34.268,-1.248,445393184.000
-0.630,1.781,0.026,-35.303,-34.219,-1.300,445393284.000
-0.623,1.814,0.033,-35.970,-34.265,-1.427,445393384.000
-0.617,1.837,0.043,-36.641,-34.228,-1.478,445393485.000
-0.614,1.862,0.035,-37.311,-34.177,-1.577,445393584.000
-0.610,1.888,0.047,-37.961,-34.192,-1.657,445393684.000
-0.601,1.920,0.044,-38.675,-34.211,-1.774,445393784.000
-0.603,1.942,0.046,-39.375,-34.125,-1.854,445393885.000
-0.594,1.971,0.046,-40.022,-34.159,-1.953,445393984.000
-0.589,1.992,0.043,-40.674,-34.176,-2.051,445394084.000
-0.587,2.020,0.050,-41.302,-34.122,-2.168,445394185.000
-0.585,2.050,0.057,-41.998,-34.118,-2.248,445394285.000
-0.582,2.075,0.059,-42.641,-34.130,-2.375,445394384.000
-0.571,2.105,0.059,-43.294,-34.104,-2.481,445394485.000
-0.571,2.129,0.066,-43.987,-34.160,-2.572,445394584.000
-0.573,2.154,0.068,-44.658,-34.098,-2.671,445394685.000
-0.560,2.180,0.070,-45.347,-34.173,-2.750,445394785.000
-0.555,2.212,0.072,-46.008,-34.150,-2.867,445394884.000
-0.547,2.228,0.069,-46.508,-33.972,-2.842,445394985.000
-0.548,2.255,0.072,-47.276,-34.056,-3.072,445395084.000
-0.544,2.287,0.079,-47.964,-34.065,-3.190,445395185.000
-0.537,2.317,0.084,-48.729,-34.095,-3.326,445395284.000
-0.534,2.352,0.086,-49.408,-34.132,-3.417,445395385.000
-0.534,2.371,0.083,-50.033,-34.098,-3.496,445395484.000
-0.528,2.393,0.095,-50.485,-34.125,-3.574,445395585.000
-0.525,2.408,0.090,-50.815,-34.109,-3.651,445395685.000
-0.523,2.406,0.095,-50.878,-34.009,-3.641,445395784.000
-0.519,2.406,0.095,-50.698,-33.911,-3.638,445395885.000
-0.522,2.392,0.088,-50.422,-33.799,-3.589,445395985.000
-0.522,2.376,0.093,-50.127,-33.682,-3.557,445396085.000
-0.523,2.368,0.093,-49.827,-33.606,-3.498,445396185.000
-0.519,2.357,0.086,-49.624,-33.508,-3.504,445396285.000
-0.519,2.352,0.089,-49.337,-33.448,-3.463,445396385.000
-0.519,2.339,0.084,-49.191,-33.366,-3.452,445396485.000
-0.518,2.332,0.084,-48.980,-33.280,-3.403,445396585.000
-0.518,2.321,0.079,-48.793,-33.197,-3.437,445396685.000
-0.514,2.316,0.079,-48.614,-33.148,-3.369,445396785.000
-0.518,2.308,0.082,-48.440,-33.039,-3.340,445396885.000
-0.514,2.300,0.082,-48.291,-33.014,-3.337,445396985.000
-0.512,2.293,0.084,-48.122,-32.920,-3.288,445397084.000
-0.510,2.287,0.082,-47.938,-32.866,-3.267,445397184.000
-0.515,2.281,0.082,-47.803,-32.791,-3.256,445397284.000
-0.506,2.274,0.077,-47.696,-32.784,-3.254,445397384.000
-0.511,2.268,0.075,-47.547,-32.668,-3.243,445397484.000
-0.511,2.265,0.078,-47.396,-32.634,-3.223,445397584.000
-0.509,2.259,0.078,-47.268,-32.548,-3.202,445397684.000
-0.507,2.252,0.080,-47.126,-32.502,-3.181,445397785.000
-0.508,2.244,0.070,-47.033,-32.437,-3.152,445397884.000
-0.508,2.242,0.080,-46.897,-32.378,-3.159,445397984.000
-0.510,2.235,0.073,-46.755,-32.292,-3.139,445398084.000
-0.510,2.232,0.071,-46.646,-32.251,-3.119,445398184.000
-0.506,2.224,0.071,-46.553,-32.226,-3.117,445398285.000
-0.506,2.224,0.076,-46.429,-32.184,-3.116,445398386.000
-0.502,2.219,0.074,-46.320,-32.144,-3.105,445398485.000
-0.502,2.214,0.076,-46.227,-32.086,-3.094,445398586.000
-0.505,2.204,0.076,-46.170,-32.024,-3.083,445398685.000
-0.503,2.206,0.071,-46.009,-31.979,-3.063,445398785.000
-0.503,2.203,0.074,-45.901,-31.921,-3.071,445398886.000
-0.501,2.194,0.074,-45.829,-31.908,-3.032,445398986.000
-0.501,2.194,0.069,-45.691,-31.827,-3.058,445399085.000
-0.499,2.187,0.069,-45.618,-31.790,-3.038,445399185.000
-0.497,2.183,0.074,-45.530,-31.736,-3.009,445399286.000
-0.500,2.182,0.074,-45.441,-31.699,-2.999,445399385.000
-0.500,2.176,0.069,-45.347,-31.641,-2.988,445399486.000
-0.500,2.171,0.074,-45.266,-31.575,-2.950,445399585.000
-0.498,2.167,0.072,-45.193,-31.547,-2.976,445399686.000
-0.498,2.164,0.067,-45.097,-31.514,-2.984,445399786.000
-0.496,2.160,0.072,-44.995,-31.485,-2.955,445399885.000
-0.496,2.155,0.067,-44.956,-31.428,-2.945,445399986.000
-0.498,2.151,0.065,-44.855,-31.374,-2.943,445400086.000
-0.494,2.149,0.065,-44.773,-31.374,-2.924,445400185.000
-0.497,2.147,0.065,-44.684,-31.288,-2.941,445400285.000
-0.492,2.142,0.065,-44.617,-31.288,-2.902,445400386.000
-0.495,2.140,0.065,-44.542,-31.226,-2.920,445400486.000
-0.490,2.138,0.068,-44.474,-31.218,-2.900,445400585.000
-0.491,2.133,0.065,-44.407,-31.177,-2.890,445400686.000
-0.491,2.125,0.070,-44.370,-31.111,-2.861,445400785.000
-0.491,2.130,0.070,-44.257,-31.062,-2.869,445400885.000
-0.493,2.128,0.065,-44.168,-31.041,-2.859,445400985.000
-0.489,2.120,0.063,-44.117,-31.025,-2.885,445401085.000
-0.493,2.118,0.065,-44.063,-30.942,-2.866,445401185.000
-0.489,2.115,0.063,-43.981,-30.926,-2.846,445401286.000
-0.492,2.114,0.061,-43.919,-30.873,-2.836,445401385.000
-0.492,2.114,0.058,-43.851,-30.832,-2.863,445401486.000
-0.488,2.106,0.068,-43.786,-30.823,-2.834,445401586.000
-0.488,2.101,0.063,-43.774,-30.767,-2.824,445401684.000
-0.488,2.095,0.061,-43.707,-30.726,-2.813,445401786.000
-0.488,2.095,0.066,-43.625,-30.708,-2.812,445401884.000
-0.488,2.090,0.063,-43.586,-30.667,-2.830,445401985.000
-0.488,2.090,0.059,-43.503,-30.635,-2.801,445402086.000
-0.488,2.092,0.061,-43.433,-30.602,-2.819,445402184.000
-0.486,2.086,0.056,-43.360,-30.581,-2.799,445402286.000
-0.484,2.090,0.064,-43.254,-30.544,-2.798,445402385.000
-0.484,2.082,0.061,-43.272,-30.528,-2.798,445402486.000
-0.480,2.077,0.059,-43.177,-30.512,-2.787,445402584.000
-0.482,2.078,0.064,-43.115,-30.434,-2.767,445402686.000
-0.485,2.071,0.059,-43.083,-30.413,-2.748,445402784.000
-0.483,2.070,0.061,-43.050,-30.368,-2.766,445402885.000
-0.483,2.072,0.059,-42.952,-30.351,-2.784,445402985.000
-0.483,2.062,0.061,-42.943,-30.294,-2.736,445403084.000
-0.481,2.066,0.059,-42.823,-30.266,-2.735,445403185.000
-0.483,2.062,0.062,-42.806,-30.244,-2.762,445403285.000
-0.479,2.059,0.057,-42.736,-30.237,-2.715,445403385.000
-0.477,2.055,0.064,-42.677,-30.200,-2.714,445403485.000
-0.483,2.056,0.057,-42.628,-30.138,-2.723,445403585.000
-0.477,2.050,0.054,-42.554,-30.159,-2.703,445403684.000
-0.475,2.049,0.059,-42.562,-30.107,-2.720,445403785.000
-0.479,2.043,0.062,-42.510,-30.096,-2.683,445403885.000
-0.477,2.047,0.055,-42.432,-30.061,-2.710,445403985.000
-0.475,2.041,0.060,-42.387,-30.056,-2.691,445404085.000
-0.480,2.043,0.055,-42.303,-29.974,-2.708,445404185.000
-0.475,2.043,0.062,-42.262,-29.974,-2.707,445404284.000
-0.475,2.038,0.055,-42.236,-29.926,-2.697,445404384.000
-0.476,2.035,0.057,-42.155,-29.916,-2.678,445404485.000
-0.473,2.029,0.052,-42.178,-29.873,-2.686,445404584.000
-0.474,2.031,0.055,-42.080,-29.839,-2.676,445404684.000
-0.472,2.025,0.057,-42.035,-29.819,-2.684,445404784.000
-0.474,2.023,0.062,-41.988,-29.789,-2.675,445404885.000
-0.472,2.024,0.055,-41.939,-29.778,-2.683,445404984.000
-0.472,2.017,0.050,-41.901,-29.745,-2.655,445405084.000
-0.470,2.021,0.058,-41.864,-29.733,-2.654,445405184.000
-0.472,2.022,0.055,-41.774,-29.703,-2.663,445405284.000
-0.470,2.015,0.053,-41.742,-29.627,-2.643,445405385.000
-0.472,2.014,0.050,-41.709,-29.622,-2.661,445405484.000
-0.468,2.009,0.053,-41.642,-29.638,-2.623,445405584.000
-0.470,2.005,0.050,-41.651,-29.537,-2.650,445405684.000
-0.470,2.005,0.053,-41.596,-29.552,-2.650,445405784.000
-0.470,2.002,0.050,-41.569,-29.512,-2.630,445405884.000
-0.466,2.004,0.053,-41.471,-29.504,-2.620,445405985.000
-0.468,1.995,0.053,-41.483,-29.466,-2.638,445406084.000
-0.464,1.995,0.053,-41.413,-29.467,-2.609,445406185.000
-0.466,1.997,0.051,-41.378,-29.438,-2.618,445406284.000
-0.466,1.991,0.051,-41.312,-29.413,-2.608,445406384.000
-0.467,1.991,0.051,-41.284,-29.364,-2.607,445406484.000
-0.469,1.992,0.056,-41.194,-29.334,-2.588,445406584.000
-0.467,1.986,0.051,-41.177,-29.314,-2.596,445406685.000
-0.463,1.988,0.053,-41.133,-29.307,-2.586,445406784.000
-0.467,1.986,0.051,-41.093,-29.265,-2.568,445406884.000
-0.461,1.984,0.053,-41.045,-29.270,-2.585,445406984.000
-0.463,1.978,0.056,-41.043,-29.249,-2.594,445407085.000
-0.465,1.982,0.056,-40.992,-29.187,-2.566,445407185.000
-0.465,1.979,0.044,-40.965,-29.180,-2.575,445407284.000
-0.463,1.980,0.046,-40.902,-29.159,-2.555,445407384.000
-0.463,1.975,0.046,-40.863,-29.135,-2.545,445407484.000
-0.459,1.970,0.051,-40.866,-29.143,-2.563,445407584.000
-0.463,1.972,0.051,-40.782,-29.093,-2.553,445407684.000
-0.466,1.968,0.049,-40.764,-29.039,-2.553,445407784.000
-0.459,1.967,0.046,-40.715,-29.061,-2.570,445407885.000
-0.461,1.968,0.046,-40.639,-29.024,-2.551,445407985.000
-0.466,1.963,0.051,-40.629,-28.957,-2.541,445408085.000
-0.461,1.958,0.044,-40.616,-29.007,-2.532,445408185.000
-0.462,1.961,0.051,-40.546,-28.957,-2.522,445408285.000
-0.464,1.957,0.049,-40.542,-28.928,-2.549,445408384.000
-0.459,1.957,0.046,-40.513,-28.938,-2.521,445408485.000
-0.462,1.950,0.046,-40.496,-28.876,-2.529,445408585.000
-0.462,1.953,0.044,-40.439,-28.835,-2.519,445408684.000
-0.462,1.952,0.049,-40.385,-28.818,-2.519,445408784.000
-0.460,1.946,0.047,-40.367,-28.814,-2.527,445408884.000
-0.458,1.955,0.049,-40.300,-28.819,-2.508,445408985.000
-0.462,1.947,0.047,-40.291,-28.777,-2.508,445409084.000
-0.458,1.945,0.047,-40.263,-28.778,-2.489,445409184.000
-0.460,1.946,0.049,-40.201,-28.732,-2.497,445409284.000
-0.456,1.946,0.044,-40.159,-28.749,-2.497,445409384.000
-0.454,1.937,0.052,-40.171,-28.737,-2.487,445409485.000
-0.458,1.939,0.044,-40.128,-28.663,-2.505,445409585.000
-0.458,1.931,0.049,-40.133,-28.670,-2.504,445409684.000
-0.458,1.939,0.049,-40.018,-28.597,-2.503,445409784.000
-0.458,1.936,0.047,-39.992,-28.605,-2.485,445409884.000
-0.456,1.933,0.049,-39.973,-28.609,-2.484,445409984.000
-0.456,1.927,0.049,-39.975,-28.560,-2.474,445410084.000
-0.452,1.932,0.052,-39.890,-28.552,-2.510,445410184.000
-0.457,1.930,0.047,-39.863,-28.519,-2.464,445410285.000
-0.454,1.928,0.045,-39.871,-28.516,-2.482,445410385.000
-0.454,1.926,0.050,-39.790,-28.522,-2.463,445410484.000
-0.452,1.922,0.047,-39.784,-28.471,-2.434,445410584.000
-0.452,1.925,0.052,-39.755,-28.478,-2.452,445410684.000
-0.450,1.923,0.040,-39.707,-28.459,-2.470,445410784.000
-0.448,1.924,0.045,-39.672,-28.455,-2.479,445410884.000
-0.450,1.915,0.040,-39.697,-28.410,-2.469,445410984.000
-0.455,1.920,0.047,-39.599,-28.359,-2.450,445411084.000
-0.457,1.916,0.040,-39.608,-28.322,-2.478,445411184.000
-0.449,1.916,0.045,-39.551,-28.356,-2.449,445411284.000
-0.451,1.912,0.047,-39.519,-28.310,-2.448,445411384.000
-0.451,1.905,0.042,-39.523,-28.302,-2.448,445411485.000
-0.449,1.911,0.047,-39.458,-28.298,-2.438,445411585.000
-0.453,1.906,0.047,-39.447,-28.248,-2.429,445411684.000
-0.453,1.911,0.038,-39.375,-28.257,-2.438,445411784.000
-0.453,1.908,0.040,-39.363,-28.224,-2.446,445411884.000
-0.453,1.906,0.043,-39.350,-28.191,-2.455,445411985.000
-0.449,1.898,0.040,-39.367,-28.200,-2.427,445412085.000
-0.449,1.903,0.043,-39.282,-28.167,-2.435,445412184.000
-0.449,1.898,0.045,-39.271,-28.159,-2.425,445412285.000
-0.449,1.898,0.050,-39.244,-28.142,-2.425,445412385.000
-0.445,1.898,0.045,-39.201,-28.111,-2.424,445412484.000
-0.447,1.899,0.040,-39.166,-28.114,-2.406,445412584.000
-0.447,1.894,0.048,-39.155,-28.089,-2.396,445412684.000
-0.447,1.894,0.045,-39.100,-28.073,-2.423,445412784.000
-0.443,1.891,0.045,-39.101,-28.074,-2.404,445412885.000
-0.450,1.892,0.038,-39.038,-27.987,-2.413,445412984.000
-0.445,1.887,0.045,-39.027,-28.036,-2.403,445413085.000
-0.450,1.890,0.045,-38.999,-27.986,-2.394,445413184.000
-0.446,1.885,0.043,-38.960,-27.971,-2.411,445413285.000
-0.450,1.887,0.045,-38.931,-27.937,-2.402,445413384.000
-0.443,1.888,0.043,-38.895,-27.959,-2.382,445413485.000
-0.446,1.882,0.041,-38.878,-27.929,-2.391,445413584.000
-0.446,1.879,0.038,-38.879,-27.889,-2.400,445413685.000
-0.443,1.880,0.036,-38.816,-27.934,-2.409,445413784.000
-0.444,1.883,0.043,-38.787,-27.909,-2.372,445413884.000
-0.442,1.879,0.038,-38.768,-27.865,-2.398,445413985.000
-0.444,1.873,0.046,-38.751,-27.851,-2.379,445414084.000
-0.444,1.878,0.038,-38.707,-27.827,-2.389,445414184.000
-0.444,1.878,0.048,-38.652,-27.794,-2.360,445414285.000
-0.442,1.874,0.043,-38.633,-27.798,-2.387,445414384.000
-0.444,1.875,0.041,-38.625,-27.770,-2.369,445414484.000
-0.442,1.874,0.041,-38.564,-27.757,-2.386,445414584.000
-0.440,1.870,0.038,-38.600,-27.779,-2.386,445414684.000
-0.440,1.870,0.041,-38.558,-27.722,-2.358,445414785.000
-0.440,1.865,0.043,-38.547,-27.713,-2.348,445414885.000
-0.442,1.871,0.041,-38.469,-27.708,-2.366,445414984.000
-0.440,1.867,0.031,-38.449,-27.681,-2.366,445415084.000
-0.440,1.867,0.044,-38.436,-27.688,-2.365,445415184.000
-0.442,1.861,0.043,-38.460,-27.602,-2.347,445415284.000
-0.440,1.864,0.043,-38.396,-27.639,-2.346,445415385.000
-0.440,1.864,0.041,-38.327,-27.598,-2.345,445415484.000
-0.442,1.863,0.034,-38.334,-27.586,-2.364,445415584.000
-0.434,1.860,0.039,-38.293,-27.619,-2.372,445415684.000
-0.441,1.859,0.046,-38.302,-27.532,-2.335,445415784.000
-0.440,1.862,0.036,-38.272,-27.541,-2.326,445415885.000
-0.436,1.854,0.039,-38.248,-27.558,-2.325,445415986.000
-0.440,1.854,0.041,-38.222,-27.548,-2.353,445416085.000
-0.441,1.856,0.041,-38.179,-27.499,-2.343,445416186.000
-0.436,1.849,0.041,-38.196,-27.476,-2.342,445416286.000
-0.439,1.858,0.044,-38.129,-27.455,-2.323,445416385.000
-0.439,1.852,0.041,-38.132,-27.438,-2.314,445416486.000
-0.437,1.848,0.041,-38.113,-27.426,-2.313,445416586.000
-0.434,1.850,0.046,-38.050,-27.422,-2.321,445416685.000
-0.434,1.847,0.039,-38.065,-27.423,-2.331,445416785.000
-0.437,1.843,0.041,-38.047,-27.401,-2.303,445416885.000
-0.437,1.843,0.039,-38.019,-27.385,-2.330,445416985.000
-0.439,1.842,0.046,-38.014,-27.347,-2.321,445417085.000
-0.435,1.850,0.046,-37.926,-27.348,-2.320,445417185.000
-0.439,1.844,0.041,-37.915,-27.315,-2.311,445417285.000
-0.435,1.847,0.042,-37.886,-27.316,-2.328,445417385.000
-0.437,1.835,0.039,-37.927,-27.287,-2.328,445417485.000
-0.437,1.838,0.042,-37.870,-27.278,-2.318,445417586.000
-0.435,1.836,0.032,-37.821,-27.275,-2.309,445417686.000
-0.437,1.835,0.037,-37.830,-27.246,-2.299,445417785.000
-0.435,1.836,0.042,-37.767,-27.241,-2.308,445417886.000
-0.435,1.836,0.039,-37.766,-27.225,-2.280,445417986.000
-0.433,1.832,0.037,-37.762,-27.222,-2.307,445418086.000
-0.435,1.828,0.037,-37.729,-27.209,-2.307,445418185.000
-0.435,1.831,0.037,-37.728,-27.184,-2.297,445418286.000
-0.435,1.836,0.044,-37.629,-27.159,-2.278,445418386.000
-0.435,1.828,0.039,-37.660,-27.151,-2.278,445418486.000
-0.429,1.825,0.039,-37.669,-27.165,-2.305,445418585.000
-0.429,1.830,0.039,-37.583,-27.164,-2.286,445418686.000
-0.433,1.827,0.042,-37.558,-27.130,-2.295,445418786.000
-0.429,1.825,0.037,-37.585,-27.148,-2.276,445418885.000
-0.431,1.826,0.039,-37.523,-27.102,-2.285,445418986.000
-0.436,1.823,0.034,-37.552,-27.069,-2.295,445419085.000
-0.431,1.820,0.037,-37.512,-27.062,-2.303,445419185.000
-0.431,1.820,0.032,-37.498,-27.054,-2.303,445419286.000
-0.431,1.815,0.032,-37.486,-27.030,-2.265,445419385.000
-0.429,1.819,0.035,-37.450,-27.082,-2.293,445419485.000
-0.434,1.814,0.040,-37.454,-26.991,-2.311,445419585.000
-0.432,1.815,0.037,-37.418,-26.988,-2.264,445419685.000
-0.434,1.816,0.040,-37.383,-26.991,-2.274,445419786.000
-0.432,1.818,0.035,-37.347,-26.971,-2.282,445419886.000
-0.434,1.811,0.037,-37.344,-26.950,-2.236,445419985.000
-0.430,1.814,0.035,-37.301,-26.959,-2.281,445420086.000
-0.434,1.814,0.035,-37.274,-26.934,-2.254,445420185.000
-0.432,1.815,0.032,-37.252,-26.906,-2.262,445420286.000
-0.430,1.808,0.035,-37.262,-26.886,-2.271,445420385.000
-0.428,1.810,0.032,-37.254,-26.883,-2.252,445420485.000
-0.430,1.806,0.035,-37.222,-26.885,-2.252,445420585.000
-0.428,1.804,0.035,-37.216,-26.874,-2.270,445420686.000
-0.428,1.807,0.037,-37.187,-26.865,-2.260,445420786.000
-0.428,1.802,0.032,-37.148,-26.857,-2.250,445420886.000
-0.428,1.804,0.035,-37.146,-26.800,-2.241,445420985.000
-0.426,1.806,0.035,-37.097,-26.837,-2.250,445421086.000
-0.428,1.802,0.037,-37.092,-26.791,-2.222,445421186.000
-0.424,1.802,0.030,-37.050,-26.793,-2.249,445421286.000
-0.422,1.806,0.040,-37.014,-26.797,-2.220,445421385.000
-0.424,1.799,0.035,-37.011,-26.776,-2.257,445421486.000
-0.426,1.798,0.035,-37.005,-26.739,-2.248,445421586.000
-0.430,1.800,0.032,-36.976,-26.721,-2.239,445421685.000
-0.426,1.795,0.032,-36.964,-26.722,-2.229,445421785.000
-0.426,1.798,0.033,-36.935,-26.698,-2.247,445421886.000
-0.426,1.793,0.037,-36.966,-26.681,-2.210,445421985.000
-0.426,1.795,0.035,-36.910,-26.641,-2.255,445422085.000
-0.424,1.796,0.033,-36.874,-26.686,-2.237,445422185.000
-0.422,1.792,0.033,-36.869,-26.650,-2.236,445422286.000
-0.426,1.792,0.040,-36.855,-26.599,-2.208,445422385.000
-0.422,1.785,0.030,-36.859,-26.633,-2.235,445422486.000
-0.424,1.786,0.028,-36.837,-26.629,-2.245,445422585.000
-0.424,1.786,0.025,-36.810,-26.564,-2.244,445422686.000
-0.420,1.788,0.028,-36.766,-26.605,-2.234,445422785.000
-0.422,1.787,0.033,-36.775,-26.576,-2.225,445422885.000
-0.422,1.787,0.030,-36.747,-26.559,-2.225,445422985.000
-0.420,1.786,0.033,-36.699,-26.539,-2.242,445423086.000
-0.427,1.784,0.033,-36.708,-26.501,-2.233,445423185.000
-0.422,1.784,0.038,-36.666,-26.534,-2.205,445423285.000
-0.420,1.783,0.033,-36.645,-26.514,-2.223,445423386.000
-0.425,1.783,0.030,-36.632,-26.448,-2.223,445423485.000
-0.425,1.780,0.038,-36.620,-26.448,-2.204,445423586.000
-0.423,1.779,0.038,-36.600,-26.460,-2.222,445423685.000
-0.420,1.780,0.038,-36.592,-26.473,-2.231,445423786.000
-0.423,1.779,0.035,-36.530,-26.419,-2.221,445423886.000
-0.423,1.774,0.035,-36.547,-26.395,-2.212,445423986.000
-0.425,1.778,0.033,-36.510,-26.390,-2.212,445424085.000
-0.418,1.774,0.033,-36.519,-26.404,-2.211,445424185.000
-0.421,1.772,0.038,-36.472,-26.374,-2.229,445424285.000
-0.419,1.774,0.033,-36.450,-26.379,-2.210,445424386.000
-0.423,1.774,0.033,-36.450,-26.354,-2.211,445424486.000
-0.416,1.772,0.033,-36.415,-26.367,-2.200,445424585.000
-0.421,1.772,0.031,-36.388,-26.326,-2.200,445424685.000
-0.421,1.775,0.026,-36.359,-26.318,-2.219,445424785.000
-0.419,1.768,0.028,-36.383,-26.322,-2.200,445424886.000
-0.419,1.768,0.036,-36.342,-26.297,-2.199,445424985.000
-0.421,1.770,0.033,-36.307,-26.268,-2.180,445425085.000
-0.421,1.770,0.033,-36.307,-26.268,-2.180,445425185.000
-0.417,1.764,0.033,-36.281,-26.244,-2.198,445425285.000
-0.419,1.766,0.033,-36.260,-26.256,-2.207,445425385.000
-0.421,1.764,0.028,-36.226,-26.186,-2.170,445425486.000
-0.417,1.767,0.036,-36.211,-26.211,-2.188,445425585.000
-0.419,1.760,0.031,-36.235,-26.191,-2.197,445425685.000
-0.419,1.763,0.036,-36.179,-26.198,-2.187,445425785.000
-0.417,1.759,0.041,-36.188,-26.170,-2.187,445425885.000
-0.419,1.760,0.036,-36.166,-26.149,-2.168,445425986.000
-0.411,1.755,0.033,-36.154,-26.208,-2.186,445426085.000
-0.415,1.760,0.033,-36.110,-26.207,-2.168,445426185.000
-0.413,1.754,0.031,-36.121,-26.155,-2.204,445426286.000
-0.415,1.758,0.028,-36.070,-26.126,-2.176,445426385.000
-0.413,1.756,0.031,-36.078,-26.154,-2.194,445426485.000
-0.415,1.752,0.031,-36.073,-26.093,-2.166,445426585.000
-0.413,1.756,0.031,-35.995,-26.105,-2.165,445426686.000
-0.413,1.756,0.033,-36.009,-26.097,-2.165,445426786.000
-0.413,1.751,0.031,-35.998,-26.105,-2.184,445426885.000
-0.415,1.747,0.036,-35.993,-26.075,-2.183,445426986.000
-0.417,1.748,0.029,-35.999,-26.039,-2.193,445427086.000
-0.411,1.752,0.031,-35.921,-26.044,-2.164,445427185.000
-0.418,1.748,0.031,-35.917,-26.006,-2.164,445427285.000
-0.413,1.751,0.029,-35.887,-26.039,-2.155,445427386.000
-0.413,1.748,0.034,-35.902,-26.023,-2.164,445427486.000
-0.416,1.749,0.029,-35.867,-25.978,-2.173,445427585.000
-0.413,1.746,0.031,-35.876,-25.982,-2.144,445427685.000
-0.413,1.745,0.026,-35.820,-25.950,-2.171,445427786.000
-0.416,1.744,0.026,-35.814,-25.961,-2.163,445427885.000
-0.416,1.742,0.034,-35.802,-25.960,-2.144,445427985.000
-0.411,1.744,0.031,-35.787,-25.970,-2.162,445428085.000
-0.411,1.742,0.031,-35.788,-25.945,-2.143,445428185.000
-0.414,1.743,0.036,-35.740,-25.940,-2.152,445428285.000
-0.411,1.742,0.026,-35.732,-25.913,-2.142,445428385.000
-0.414,1.738,0.026,-35.742,-25.924,-2.170,445428485.000
-0.414,1.740,0.034,-35.699,-25.875,-2.133,445428584.000
-0.409,1.740,0.026,-35.657,-25.876,-2.159,445428684.000
-0.412,1.736,0.031,-35.666,-25.871,-2.132,445428786.000
-0.410,1.738,0.031,-35.645,-25.860,-2.141,445428884.000
-0.412,1.734,0.036,-35.654,-25.854,-2.141,445428985.000
-0.410,1.735,0.036,-35.605,-25.842,-2.121,445429084.000
-0.414,1.735,0.026,-35.577,-25.801,-2.149,445429184.000
-0.410,1.730,0.024,-35.593,-25.835,-2.167,445429286.000
-0.408,1.734,0.027,-35.570,-25.815,-2.139,445429384.000
-0.410,1.732,0.029,-35.537,-25.794,-2.157,445429485.000
-0.408,1.731,0.031,-35.544,-25.823,-2.093,445429584.000
-0.410,1.730,0.027,-35.510,-25.753,-2.138,445429684.000
-0.412,1.726,0.027,-35.520,-25.716,-2.138,445429785.000
-0.412,1.733,0.032,-35.461,-25.724,-2.138,445429885.000
-0.412,1.728,0.031,-35.463,-25.724,-2.101,445429985.000
-0.410,1.727,0.027,-35.456,-25.728,-2.119,445430085.000
-0.410,1.727,0.032,-35.429,-25.712,-2.119,445430184.000
-0.412,1.731,0.027,-35.379,-25.667,-2.118,445430285.000
-0.410,1.724,0.027,-35.402,-25.704,-2.100,445430384.000
-0.406,1.727,0.034,-35.346,-25.703,-2.145,445430484.000
-0.408,1.725,0.024,-35.339,-25.651,-2.135,445430584.000
-0.408,1.723,0.029,-35.382,-25.683,-2.117,445430685.000
-0.408,1.723,0.029,-35.341,-25.659,-2.117,445430786.000
-0.410,1.722,0.027,-35.349,-25.630,-2.108,445430884.000
-0.410,1.724,0.034,-35.279,-25.629,-2.098,445430985.000
-0.410,1.719,0.022,-35.267,-25.622,-2.116,445431084.000
-0.406,1.722,0.024,-35.265,-25.639,-2.107,445431185.000
-0.410,1.719,0.032,-35.254,-25.564,-2.115,445431285.000
-0.410,1.719,0.027,-35.226,-25.580,-2.115,445431384.000
-0.408,1.718,0.037,-35.192,-25.584,-2.105,445431484.000
-0.408,1.720,0.027,-35.176,-25.568,-2.096,445431585.000
-0.408,1.720,0.034,-35.177,-25.568,-2.096,445431685.000
-0.408,1.715,0.022,-35.193,-25.561,-2.115,445431785.000
-0.408,1.712,0.029,-35.167,-25.535,-2.095,445431884.000
-0.406,1.716,0.022,-35.116,-25.500,-2.095,445431984.000
-0.406,1.714,0.027,-35.131,-25.532,-2.104,445432084.000
-0.409,1.710,0.027,-35.127,-25.519,-2.104,445432184.000
-0.409,1.712,0.024,-35.084,-25.503,-2.095,445432284.000
-0.407,1.711,0.032,-35.064,-25.466,-2.084,445432384.000
-0.404,1.710,0.020,-35.098,-25.496,-2.103,445432484.000
-0.406,1.713,0.027,-35.021,-25.482,-2.103,445432585.000
-0.407,1.708,0.029,-35.038,-25.474,-2.093,445432684.000
-0.406,1.711,0.027,-35.008,-25.482,-2.084,445432784.000
-0.407,1.711,0.027,-35.008,-25.434,-2.084,445432884.000
-0.402,1.708,0.020,-34.995,-25.459,-2.092,445432984.000
-0.405,1.709,0.034,-34.975,-25.421,-2.074,445433084.000
-0.404,1.707,0.027,-34.948,-25.445,-2.083,445433184.000
-0.405,1.704,0.025,-34.963,-25.430,-2.092,445433285.000
-0.402,1.700,0.025,-34.944,-25.418,-2.091,445433386.000
-0.402,1.703,0.020,-34.915,-25.410,-2.082,445433485.000
-0.403,1.703,0.027,-34.901,-25.385,-2.081,445433586.000
-0.405,1.704,0.027,-34.880,-25.348,-2.063,445433685.000
-0.400,1.704,0.025,-34.838,-25.381,-2.090,445433786.000
-0.403,1.698,0.027,-34.849,-25.336,-2.071,445433886.000
-0.405,1.701,0.027,-34.813,-25.347,-2.071,445433985.000
-0.400,1.702,0.030,-34.812,-25.388,-2.071,445434086.000
-0.403,1.700,0.017,-34.819,-25.344,-2.090,445434185.000
-0.405,1.699,0.027,-34.814,-25.323,-2.080,445434286.000
-0.401,1.699,0.030,-34.786,-25.315,-2.052,445434385.000
-0.400,1.699,0.030,-34.759,-25.363,-2.080,445434485.000
-0.401,1.694,0.027,-34.775,-25.323,-2.098,445434585.000
-0.409,1.696,0.020,-34.746,-25.249,-2.061,445434686.000
-0.407,1.695,0.022,-34.713,-25.252,-2.107,445434786.000
-0.405,1.691,0.022,-34.735,-25.265,-2.079,445434886.000
-0.405,1.693,0.020,-34.719,-25.249,-2.070,445434986.000
-0.401,1.696,0.025,-34.676,-25.258,-2.059,445435086.000
-0.403,1.697,0.030,-34.656,-25.253,-2.069,445435186.000
-0.401,1.693,0.025,-34.650,-25.233,-2.068,445435286.000
-0.401,1.694,0.030,-34.650,-25.217,-2.040,445435386.000
-0.401,1.691,0.030,-34.624,-25.192,-2.049,445435486.000
-0.405,1.688,0.022,-34.639,-25.167,-2.059,445435586.000
-0.401,1.691,0.022,-34.624,-25.193,-2.049,445435685.000
-0.401,1.691,0.030,-34.611,-25.216,-2.077,445435785.000
-0.401,1.691,0.030,-34.583,-25.167,-2.048,445435885.000
-0.408,1.689,0.030,-34.591,-25.129,-2.040,445435986.000
-0.399,1.689,0.023,-34.548,-25.205,-2.067,445436086.000
-0.401,1.688,0.028,-34.515,-25.151,-2.057,445436186.000
-0.399,1.684,0.020,-34.565,-25.164,-2.057,445436285.000
-0.399,1.684,0.028,-34.524,-25.139,-2.056,445436386.000
-0.401,1.685,0.028,-34.517,-25.126,-2.066,445436486.000
-0.403,1.681,0.030,-34.498,-25.105,-2.065,445436585.000
-0.399,1.682,0.025,-34.525,-25.099,-2.037,445436685.000
-0.401,1.680,0.015,-34.490,-25.095,-2.028,445436786.000
-0.399,1.684,0.025,-34.441,-25.074,-2.055,445436885.000
-0.401,1.685,0.020,-34.433,-25.078,-2.037,445436985.000
-0.399,1.679,0.025,-34.416,-25.073,-2.045,445437086.000
-0.397,1.680,0.020,-34.380,-25.102,-2.027,445437185.000
-0.397,1.675,0.028,-34.411,-25.053,-2.017,445437285.000
-0.395,1.679,0.023,-34.388,-25.083,-2.045,445437386.000
-0.397,1.678,0.025,-34.354,-25.061,-2.035,445437486.000
-0.401,1.677,0.020,-34.368,-25.028,-2.036,445437585.000
-0.399,1.679,0.025,-34.361,-25.024,-2.045,445437686.000
-0.402,1.677,0.025,-34.327,-24.987,-2.035,445437785.000
-0.397,1.672,0.020,-34.343,-25.005,-2.053,445437886.000
-0.397,1.675,0.020,-34.314,-25.029,-2.044,445437985.000
-0.399,1.674,0.023,-34.308,-25.008,-2.034,445438086.000
-0.402,1.675,0.025,-34.273,-24.962,-2.043,445438185.000
-0.400,1.673,0.028,-34.281,-24.942,-2.034,445438286.000
-0.402,1.672,0.018,-34.288,-24.914,-2.052,445438386.000
-0.400,1.668,0.020,-34.269,-24.918,-2.024,445438485.000
-0.393,1.675,0.023,-34.203,-24.972,-2.042,445438585.000
-0.398,1.672,0.028,-34.246,-24.930,-2.024,445438686.000
-0.402,1.672,0.025,-34.205,-24.913,-2.024,445438786.000
-0.398,1.670,0.020,-34.234,-24.931,-2.033,445438885.000
-0.398,1.667,0.018,-34.221,-24.914,-2.042,445438986.000
-0.393,1.672,0.021,-34.135,-24.955,-2.050,445439086.000
-0.398,1.667,0.018,-34.166,-24.914,-2.013,445439186.000
-0.398,1.669,0.020,-34.123,-24.881,-2.031,445439285.000
-0.398,1.662,0.020,-34.196,-24.881,-2.032,445439386.000
-0.393,1.667,0.025,-34.124,-24.914,-2.012,445439486.000
-0.396,1.665,0.025,-34.118,-24.877,-2.031,445439586.000
-0.400,1.663,0.025,-34.120,-24.827,-2.040,445439686.000
-0.393,1.664,0.018,-34.084,-24.866,-2.021,445439786.000
-0.396,1.665,0.023,-34.063,-24.861,-2.003,445439886.000
-0.396,1.663,0.021,-34.050,-24.844,-2.011,445439986.000
-0.394,1.662,0.028,-34.030,-24.808,-2.001,445440085.000
-0.394,1.662,0.021,-34.072,-24.833,-2.030,445440185.000
-0.396,1.660,0.021,-34.038,-24.796,-2.020,445440285.000
-0.398,1.661,0.023,-34.044,-24.775,-2.002,445440386.000
-0.398,1.661,0.023,-34.017,-24.774,-2.029,445440486.000
-0.394,1.661,0.021,-33.961,-24.783,-2.028,445440586.000
-0.398,1.659,0.018,-33.963,-24.766,-2.010,445440686.000
-0.396,1.660,0.023,-33.996,-24.787,-1.992,445440786.000
-0.394,1.659,0.018,-33.962,-24.792,-2.010,445440885.000
-0.392,1.665,0.023,-33.910,-24.763,-2.000,445440986.000
-0.396,1.660,0.023,-33.900,-24.713,-2.018,445441085.000
-0.394,1.659,0.028,-33.921,-24.734,-2.009,445441186.000
-0.396,1.655,0.021,-33.930,-24.697,-2.009,445441285.000
-0.394,1.659,0.023,-33.866,-24.750,-2.009,445441385.000
-0.394,1.651,0.026,-33.939,-24.718,-1.981,445441485.000
-0.394,1.654,0.023,-33.896,-24.701,-1.999,445441586.000
-0.394,1.656,0.026,-33.853,-24.717,-1.990,445441685.000
-0.394,1.654,0.021,-33.840,-24.685,-1.971,445441785.000
-0.390,1.651,0.028,-33.856,-24.710,-1.979,445441886.000
-0.392,1.650,0.023,-33.808,-24.664,-1.997,445441986.000
-0.390,1.651,0.021,-33.814,-24.686,-2.007,445442085.000
-0.385,1.651,0.023,-33.786,-24.727,-2.006,445442186.000
-0.394,1.651,0.021,-33.787,-24.660,-2.007,445442286.000
-0.392,1.649,0.021,-33.794,-24.624,-1.997,445442385.000
-0.394,1.651,0.021,-33.759,-24.611,-2.006,445442485.000
-0.392,1.652,0.026,-33.765,-24.632,-1.988,445442585.000
-0.390,1.651,0.026,-33.717,-24.644,-1.978,445442685.000
-0.392,1.644,0.023,-33.741,-24.591,-1.959,445442786.000
-0.390,1.646,0.026,-33.734,-24.619,-1.996,445442886.000
-0.394,1.651,0.033,-33.663,-24.569,-1.977,445442985.000
-0.392,1.647,0.021,-33.699,-24.575,-1.977,445443085.000
-0.392,1.649,0.018,-33.670,-24.583,-1.996,445443186.000
-0.390,1.645,0.018,-33.678,-24.571,-1.995,445443285.000
-0.390,1.645,0.021,-33.679,-24.539,-1.995,445443386.000
-0.392,1.644,0.021,-33.672,-24.550,-1.958,445443485.000
-0.392,1.644,0.024,-33.632,-24.541,-2.013,445443585.000
-0.388,1.647,0.023,-33.616,-24.567,-1.976,445443685.000
-0.390,1.643,0.021,-33.638,-24.538,-1.976,445443786.000
-0.390,1.648,0.021,-33.594,-24.514,-1.985,445443885.000
-0.388,1.642,0.021,-33.632,-24.526,-1.966,445443985.000
-0.392,1.641,0.019,-33.591,-24.509,-1.994,445444085.000
-0.390,1.640,0.024,-33.585,-24.481,-1.984,445444186.000
-0.393,1.641,0.021,-33.536,-24.476,-1.993,445444285.000
-0.390,1.637,0.016,-33.531,-24.456,-1.993,445444385.000
-0.388,1.639,0.019,-33.578,-24.486,-2.002,445444486.000
-0.390,1.640,0.019,-33.530,-24.448,-2.011,445444586.000
-0.388,1.639,0.021,-33.509,-24.477,-1.974,445444685.000
-0.384,1.644,0.021,-33.478,-24.502,-1.983,445444786.000
-0.388,1.636,0.021,-33.511,-24.452,-1.983,445444885.000
-0.388,1.636,0.019,-33.510,-24.436,-1.983,445444985.000
-0.388,1.633,0.016,-33.484,-24.444,-1.992,445445085.000
-0.386,1.637,0.021,-33.461,-24.440,-1.991,445445185.000
-0.386,1.635,0.024,-33.490,-24.432,-1.973,445445286.000
-0.386,1.632,0.021,-33.464,-24.392,-1.981,445445386.000
-0.386,1.637,0.019,-33.420,-24.400,-1.991,445445486.000
-0.389,1.631,0.021,-33.444,-24.379,-1.972,445445585.000
-0.389,1.633,0.021,-33.387,-24.402,-1.963,445445686.000
-0.393,1.633,0.021,-33.402,-24.353,-1.991,445445785.000
-0.384,1.628,0.026,-33.404,-24.387,-1.953,445445885.000
-0.387,1.629,0.019,-33.383,-24.350,-1.989,445445986.000
-0.391,1.629,0.019,-33.383,-24.325,-1.962,445446086.000
-0.389,1.633,0.024,-33.346,-24.345,-1.962,445446186.000
-0.382,1.627,0.019,-33.355,-24.351,-1.970,445446286.000
-0.387,1.627,0.021,-33.329,-24.341,-1.970,445446385.000
-0.384,1.631,0.021,-33.306,-24.354,-1.970,445446485.000
-0.389,1.628,0.021,-33.335,-24.305,-1.952,445446585.000
-0.387,1.627,0.021,-33.301,-24.293,-1.970,445446685.000
-0.389,1.625,0.014,-33.308,-24.281,-1.961,445446786.000
-0.387,1.627,0.016,-33.273,-24.309,-1.970,445446885.000
-0.389,1.628,0.016,-33.252,-24.272,-1.979,445446986.000
-0.385,1.631,0.019,-33.250,-24.289,-1.969,445447086.000
-0.391,1.629,0.021,-33.217,-24.242,-1.960,445447185.000
-0.382,1.624,0.014,-33.219,-24.294,-1.978,445447286.000
-0.385,1.628,0.021,-33.210,-24.256,-1.950,445447386.000
-0.389,1.623,0.014,-33.240,-24.232,-1.941,445447486.000
-0.385,1.623,0.024,-33.199,-24.248,-1.940,445447585.000
-0.385,1.623,0.019,-33.172,-24.264,-1.968,445447685.000
-0.385,1.620,0.021,-33.200,-24.256,-1.949,445447785.000
-0.387,1.619,0.024,-33.195,-24.235,-1.940,445447885.000
-0.385,1.623,0.014,-33.143,-24.232,-1.940,445447985.000
-0.389,1.620,0.029,-33.146,-24.180,-1.949,445448086.000
-0.385,1.623,0.019,-33.130,-24.191,-1.967,445448185.000
-0.383,1.621,0.019,-33.082,-24.203,-1.957,445448285.000
-0.385,1.620,0.022,-33.104,-24.182,-1.948,445448385.000
-0.383,1.619,0.021,-33.111,-24.195,-1.939,445448486.000
-0.387,1.616,0.017,-33.113,-24.162,-1.948,445448585.000
-0.383,1.616,0.014,-33.098,-24.147,-1.947,445448685.000
-0.383,1.619,0.024,-33.056,-24.162,-1.938,445448786.000
-0.383,1.619,0.014,-33.055,-24.146,-1.938,445448885.000
-0.383,1.614,0.024,-33.086,-24.162,-1.929,445448985.000
-0.383,1.616,0.024,-33.043,-24.161,-1.919,445449086.000
-0.381,1.617,0.017,-33.022,-24.150,-1.956,445449185.000
-0.387,1.616,0.021,-33.016,-24.120,-1.919,445449286.000
-0.387,1.613,0.014,-33.004,-24.072,-1.956,445449386.000
-0.385,1.615,0.019,-32.982,-24.092,-1.909,445449485.000
-0.383,1.611,0.017,-33.004,-24.089,-1.937,445449585.000
-0.383,1.611,0.019,-32.977,-24.104,-1.936,445449686.000
-0.383,1.613,0.012,-32.975,-24.081,-1.955,445449786.000
-0.383,1.613,0.019,-32.990,-24.056,-1.955,445449885.000
-0.381,1.615,0.019,-32.940,-24.093,-1.936,445449986.000
-0.385,1.609,0.019,-32.929,-24.043,-1.927,445450086.000
-0.383,1.611,0.019,-32.922,-24.055,-1.936,445450186.000
-0.383,1.611,0.019,-32.895,-24.055,-1.963,445450286.000
-0.383,1.611,0.022,-32.908,-24.047,-1.935,445450385.000
-0.381,1.617,0.024,-32.856,-24.051,-1.926,445450485.000
-0.388,1.611,0.017,-32.881,-24.038,-1.936,445450585.000
-0.386,1.609,0.022,-32.888,-23.985,-1.926,445450686.000
-0.381,1.609,0.019,-32.832,-24.043,-1.925,445450787.000
-0.379,1.605,0.017,-32.841,-24.015,-1.924,445450886.000
-0.386,1.609,0.019,-32.847,-23.993,-1.925,445450987.000
-0.383,1.608,0.012,-32.839,-23.982,-1.916,445451087.000
-0.385,1.609,0.014,-32.791,-24.009,-1.925,445451187.000
-0.383,1.608,0.017,-32.799,-23.990,-1.943,445451287.000
-0.377,1.607,0.014,-32.792,-24.036,-1.933,445451387.000
-0.381,1.604,0.019,-32.766,-23.969,-1.942,445451487.000
-0.381,1.607,0.019,-32.765,-23.994,-1.933,445451586.000
-0.384,1.603,0.019,-32.760,-23.932,-1.933,445451686.000
-0.381,1.601,0.019,-32.767,-23.945,-1.923,445451787.000
-0.379,1.605,0.015,-32.744,-23.974,-1.951,445451887.000
-0.384,1.605,0.019,-32.717,-23.932,-1.923,445451987.000
-0.379,1.597,0.019,-32.735,-23.957,-1.923,445452087.000
-0.379,1.600,0.017,-32.719,-23.941,-1.913,445452186.000
-0.382,1.604,0.022,-32.670,-23.912,-1.913,445452286.000
-0.384,1.600,0.024,-32.720,-23.915,-1.914,445452386.000
-0.377,1.601,0.017,-32.671,-23.929,-1.949,445452487.000
-0.382,1.596,0.014,-32.687,-23.912,-1.913,445452587.000
-0.377,1.599,0.017,-32.685,-23.929,-1.931,445452686.000
-0.377,1.594,0.022,-32.688,-23.912,-1.921,445452787.000
-0.379,1.600,0.015,-32.636,-23.924,-1.913,445452887.000
-0.380,1.600,0.017,-32.595,-23.867,-1.912,445452986.000
-0.382,1.599,0.017,-32.617,-23.830,-1.930,445453086.000
-0.382,1.596,0.022,-32.605,-23.862,-1.912,445453187.000
-0.382,1.599,0.022,-32.590,-23.862,-1.930,445453287.000
-0.377,1.599,0.015,-32.588,-23.888,-1.902,445453386.000
-0.382,1.596,0.020,-32.591,-23.822,-1.911,445453487.000
-0.382,1.593,0.017,-32.578,-23.806,-1.893,445453586.000
-0.375,1.592,0.017,-32.612,-23.844,-1.911,445453686.000
-0.378,1.596,0.020,-32.549,-23.822,-1.910,445453787.000
-0.375,1.592,0.017,-32.557,-23.843,-1.910,445453886.000
-0.378,1.593,0.020,-32.536,-23.822,-1.892,445453986.000
-0.378,1.593,0.007,-32.522,-23.815,-1.919,445454087.000
-0.373,1.591,0.012,-32.550,-23.848,-1.901,445454187.000
-0.376,1.589,0.020,-32.517,-23.810,-1.891,445454286.000
-0.375,1.592,0.017,-32.516,-23.819,-1.910,445454385.000
-0.378,1.591,0.012,-32.496,-23.774,-1.900,445454486.000
-0.373,1.591,0.017,-32.468,-23.782,-1.899,445454586.000
-0.373,1.588,0.017,-32.483,-23.782,-1.909,445454686.000
-0.376,1.589,0.017,-32.476,-23.770,-1.890,445454785.000
-0.373,1.588,0.015,-32.442,-23.790,-1.908,445454886.000
-0.378,1.590,0.015,-32.455,-23.717,-1.927,445454985.000
-0.376,1.589,0.017,-32.407,-23.745,-1.890,445455087.000
-0.378,1.588,0.017,-32.414,-23.732,-1.881,445455187.000
-0.376,1.589,0.015,-32.421,-23.753,-1.917,445455285.000
-0.374,1.585,0.017,-32.415,-23.733,-1.889,445455386.000
-0.376,1.584,0.017,-32.396,-23.720,-1.907,445455486.000
-0.371,1.587,0.015,-32.366,-23.754,-1.898,445455586.000
-0.376,1.592,0.015,-32.322,-23.704,-1.880,445455686.000
-0.374,1.583,0.017,-32.375,-23.733,-1.898,445455785.000
-0.378,1.585,0.020,-32.360,-23.675,-1.861,445455885.000
-0.378,1.588,0.020,-32.332,-23.650,-1.879,445455985.000
-0.382,1.583,0.025,-32.349,-23.632,-1.870,445456085.000
-0.376,1.581,0.017,-32.314,-23.695,-1.888,445456185.000
-0.374,1.580,0.017,-32.322,-23.659,-1.906,445456285.000
-0.376,1.584,0.020,-32.299,-23.663,-1.878,445456386.000
-0.380,1.581,0.025,-32.301,-23.645,-1.888,445456486.000
-0.378,1.583,0.015,-32.293,-23.642,-1.897,445456586.000
-0.372,1.581,0.012,-32.285,-23.640,-1.859,445456685.000
-0.376,1.584,0.017,-32.258,-23.622,-1.905,445456785.000
-0.376,1.581,0.015,-32.231,-23.630,-1.887,445456885.000
-0.376,1.576,0.017,-32.248,-23.621,-1.877,445456985.000
-0.376,1.581,0.010,-32.231,-23.598,-1.887,445457085.000
-0.372,1.581,0.010,-32.203,-23.623,-1.886,445457186.000
-0.374,1.575,0.015,-32.255,-23.618,-1.895,445457285.000
-0.374,1.580,0.017,-32.197,-23.585,-1.877,445457385.000
-0.374,1.577,0.017,-32.198,-23.610,-1.858,445457486.000
-0.374,1.572,0.015,-32.256,-23.594,-1.877,445457585.000
-0.372,1.576,0.015,-32.192,-23.582,-1.876,445457686.000
-0.376,1.576,0.017,-32.179,-23.548,-1.876,445457786.000
-0.376,1.576,0.015,-32.165,-23.556,-1.876,445457886.000
-0.379,1.577,0.017,-32.158,-23.511,-1.885,445457985.000
-0.374,1.575,0.013,-32.158,-23.529,-1.894,445458085.000
-0.374,1.572,0.015,-32.173,-23.545,-1.876,445458185.000
-0.372,1.571,0.015,-32.167,-23.533,-1.866,445458286.000
-0.374,1.575,0.010,-32.117,-23.536,-1.894,445458385.000
-0.372,1.571,0.018,-32.126,-23.524,-1.865,445458485.000
-0.374,1.569,0.015,-32.105,-23.495,-1.856,445458585.000
-0.372,1.571,0.020,-32.084,-23.515,-1.865,445458686.000
-0.372,1.573,0.013,-32.082,-23.492,-1.856,445458785.000
-0.374,1.575,0.015,-32.075,-23.495,-1.865,445458885.000
-0.375,1.569,0.018,-32.064,-23.438,-1.855,445458985.000
-0.368,1.568,0.020,-32.099,-23.492,-1.873,445459085.000
-0.372,1.571,0.018,-32.057,-23.499,-1.892,445459186.000
-0.374,1.569,0.015,-32.051,-23.446,-1.883,445459285.000
-0.372,1.568,0.015,-32.030,-23.459,-1.846,445459385.000
-0.375,1.569,0.020,-32.009,-23.453,-1.855,445459486.000
-0.368,1.568,0.018,-32.016,-23.476,-1.873,445459586.000
-0.372,1.565,0.020,-31.990,-23.442,-1.854,445459685.000
-0.375,1.567,0.013,-31.983,-23.429,-1.891,445459785.000
-0.372,1.568,0.015,-32.003,-23.410,-1.873,445459885.000
-0.377,1.568,0.020,-31.962,-23.392,-1.845,445459986.000
-0.375,1.567,0.018,-31.955,-23.413,-1.863,445460085.000
-0.373,1.563,0.018,-31.964,-23.401,-1.863,445460186.000
-0.370,1.566,0.010,-31.941,-23.414,-1.890,445460285.000
-0.368,1.563,0.015,-31.963,-23.411,-1.862,445460385.000
-0.373,1.565,0.013,-31.907,-23.393,-1.853,445460486.000
-0.370,1.561,0.015,-31.930,-23.373,-1.853,445460586.000
-0.373,1.560,0.018,-31.924,-23.352,-1.843,445460686.000
-0.370,1.566,0.008,-31.872,-23.373,-1.889,445460785.000
-0.368,1.560,0.010,-31.895,-23.378,-1.870,445460886.000
-0.368,1.563,0.013,-31.880,-23.394,-1.861,445460986.000
-0.368,1.565,0.013,-31.824,-23.369,-1.852,445461085.000
-0.368,1.563,0.010,-31.853,-23.378,-1.861,445461186.000
-0.366,1.559,0.023,-31.876,-23.373,-1.861,445461285.000
-0.368,1.555,0.013,-31.857,-23.369,-1.860,445461385.000
-0.368,1.557,0.010,-31.842,-23.353,-1.879,445461485.000
-0.368,1.565,0.013,-31.783,-23.344,-1.879,445461585.000
-0.373,1.560,0.020,-31.800,-23.294,-1.869,445461686.000
-0.366,1.556,0.015,-31.807,-23.324,-1.841,445461785.000
-0.368,1.560,0.018,-31.786,-23.328,-1.869,445461886.000
-0.371,1.556,0.015,-31.808,-23.299,-1.869,445461985.000
-0.371,1.553,0.013,-31.795,-23.283,-1.823,445462086.000
-0.369,1.560,0.018,-31.758,-23.279,-1.868,445462186.000
-0.369,1.557,0.018,-31.759,-23.254,-1.850,445462286.000
-0.371,1.558,0.015,-31.738,-23.298,-1.859,445462386.000
-0.371,1.558,0.020,-31.738,-23.233,-1.859,445462486.000
-0.371,1.556,0.013,-31.725,-23.234,-1.840,445462585.000
-0.369,1.552,0.018,-31.734,-23.254,-1.840,445462685.000
-0.364,1.552,0.011,-31.733,-23.280,-1.840,445462786.000
-0.371,1.553,0.015,-31.699,-23.225,-1.849,445462886.000
-0.369,1.552,0.011,-31.692,-23.230,-1.839,445462985.000
-0.367,1.558,0.016,-31.641,-23.250,-1.858,445463085.000
-0.369,1.552,0.011,-31.665,-23.230,-1.839,445463185.000
-0.364,1.549,0.013,-31.680,-23.271,-1.876,445463285.000
-0.369,1.557,0.016,-31.635,-23.213,-1.848,445463386.000
-0.365,1.552,0.013,-31.665,-23.223,-1.866,445463485.000
-0.371,1.551,0.016,-31.631,-23.176,-1.830,445463585.000
-0.369,1.552,0.013,-31.610,-23.197,-1.839,445463685.000
-0.369,1.554,0.018,-31.608,-23.204,-1.829,445463785.000
-0.371,1.550,0.013,-31.631,-23.160,-1.857,445463886.000
-0.369,1.554,0.016,-31.581,-23.188,-1.829,445463986.000
-0.365,1.549,0.011,-31.610,-23.182,-1.847,445464085.000
-0.367,1.548,0.016,-31.577,-23.176,-1.838,445464186.000
-0.367,1.553,0.016,-31.561,-23.152,-1.847,445464286.000
-0.367,1.545,0.016,-31.578,-23.152,-1.819,445464385.000
-0.367,1.551,0.016,-31.548,-23.152,-1.828,445464485.000
-0.363,1.545,0.016,-31.564,-23.153,-1.818,445464585.000
-0.367,1.543,0.016,-31.580,-23.128,-1.828,445464685.000
-0.369,1.547,0.011,-31.529,-23.083,-1.827,445464785.000
-0.369,1.549,0.016,-31.528,-23.139,-1.819,445464885.000
-0.367,1.545,0.018,-31.523,-23.119,-1.790,445464986.000
-0.365,1.541,0.016,-31.532,-23.140,-1.818,445465086.000
-0.367,1.543,0.013,-31.510,-23.087,-1.827,445465186.000
-0.365,1.541,0.016,-31.490,-23.115,-1.817,445465285.000
-0.365,1.544,0.016,-31.489,-23.091,-1.808,445465385.000
-0.367,1.545,0.023,-31.427,-23.077,-1.817,445465486.000
-0.365,1.544,0.013,-31.434,-23.075,-1.835,445465586.000
-0.369,1.544,0.016,-31.448,-23.041,-1.808,445465685.000
-0.365,1.546,0.016,-31.405,-23.066,-1.826,445465785.000
-0.361,1.539,0.016,-31.450,-23.092,-1.825,445465885.000
-0.361,1.541,0.018,-31.407,-23.107,-1.843,445465985.000
-0.365,1.544,0.013,-31.365,-23.050,-1.834,445466086.000
-0.367,1.537,0.011,-31.389,-23.045,-1.816,445466186.000
-0.367,1.537,0.013,-31.389,-23.061,-1.816,445466286.000
-0.363,1.542,0.011,-31.372,-23.046,-1.825,445466385.000
-0.367,1.540,0.018,-31.346,-23.044,-1.806,445466486.000
-0.365,1.533,0.016,-31.412,-23.041,-1.816,445466586.000
-0.361,1.533,0.013,-31.384,-23.050,-1.842,445466685.000
-0.370,1.539,0.018,-31.354,-22.983,-1.797,445466786.000
-0.363,1.540,0.011,-31.331,-22.997,-1.805,445466885.000
-0.361,1.536,0.011,-31.313,-23.034,-1.860,445466986.000
-0.365,1.539,0.013,-31.312,-23.000,-1.796,445467085.000
-0.361,1.536,0.016,-31.299,-22.993,-1.805,445467185.000
-0.365,1.538,0.013,-31.271,-22.976,-1.823,445467286.000
-0.363,1.535,0.013,-31.293,-22.988,-1.823,445467385.000
-0.363,1.537,0.018,-31.265,-22.996,-1.814,445467486.000
-0.365,1.531,0.016,-31.330,-22.968,-1.796,445467585.000
-0.365,1.536,0.008,-31.244,-22.968,-1.805,445467685.000
-0.363,1.529,0.013,-31.282,-22.964,-1.813,445467786.000
-0.368,1.532,0.013,-31.267,-22.938,-1.805,445467885.000
-0.363,1.532,0.013,-31.253,-22.939,-1.804,445467986.000
-0.363,1.529,0.018,-31.254,-22.947,-1.785,445468086.000
-0.365,1.536,0.011,-31.189,-22.935,-1.831,445468186.000
-0.361,1.531,0.021,-31.206,-22.951,-1.794,445468286.000
-0.363,1.532,0.014,-31.198,-22.939,-1.803,445468387.000
-0.363,1.532,0.018,-31.170,-22.922,-1.775,445468486.000
-0.366,1.531,0.016,-31.192,-22.918,-1.794,445468586.000
-0.363,1.532,0.009,-31.184,-22.931,-1.803,445468686.000
-0.363,1.529,0.014,-31.172,-22.914,-1.812,445468787.000
-0.359,1.534,0.019,-31.141,-22.923,-1.821,445468887.000
-0.366,1.533,0.009,-31.135,-22.894,-1.812,445468987.000
-0.363,1.527,0.016,-31.173,-22.906,-1.793,445469086.000
-0.361,1.528,0.016,-31.110,-22.918,-1.802,445469187.000
-0.361,1.530,0.011,-31.081,-22.910,-1.820,445469286.000
-0.364,1.527,0.014,-31.131,-22.865,-1.793,445469387.000
-0.359,1.524,0.011,-31.118,-22.923,-1.802,445469487.000
-0.359,1.527,0.009,-31.103,-22.907,-1.820,445469586.000
-0.361,1.525,0.016,-31.097,-22.869,-1.783,445469687.000
-0.366,1.523,0.014,-31.113,-22.828,-1.792,445469786.000
-0.361,1.528,0.014,-31.068,-22.877,-1.801,445469886.000
-0.364,1.524,0.009,-31.077,-22.857,-1.801,445469987.000
-0.361,1.528,0.009,-31.068,-22.846,-1.801,445470087.000
-0.362,1.525,0.016,-31.043,-22.820,-1.810,445470186.000
-0.364,1.521,0.016,-31.079,-22.832,-1.783,445470287.000
-0.362,1.528,0.011,-30.985,-22.812,-1.772,445470386.000
-0.362,1.523,0.019,-31.030,-22.836,-1.763,445470487.000
-0.361,1.525,0.009,-31.000,-22.845,-1.782,445470586.000
-0.364,1.524,0.011,-31.022,-22.775,-1.800,445470686.000
-0.359,1.521,0.016,-31.024,-22.808,-1.809,445470787.000
-0.357,1.517,0.011,-31.018,-22.838,-1.781,445470887.000
-0.359,1.527,0.014,-30.979,-22.817,-1.763,445470987.000
-0.360,1.519,0.014,-30.983,-22.792,-1.790,445471086.000
-0.364,1.524,0.016,-30.953,-22.782,-1.772,445471186.000
-0.364,1.521,0.016,-30.969,-22.782,-1.781,445471286.000
-0.362,1.522,0.016,-30.947,-22.722,-1.790,445471387.000
-0.360,1.519,0.014,-30.969,-22.768,-1.790,445471487.000
-0.357,1.522,0.006,-30.932,-22.805,-1.790,445471586.000
-0.362,1.517,0.014,-30.949,-22.755,-1.780,445471686.000
-0.360,1.519,0.019,-30.928,-22.775,-1.762,445471786.000
-0.357,1.515,0.014,-30.937,-22.780,-1.789,445471886.000
-0.364,1.521,0.014,-30.886,-22.717,-1.780,445471987.000
-0.360,1.513,0.016,-30.944,-22.735,-1.752,445472087.000
-0.362,1.517,0.014,-30.908,-22.730,-1.780,445472187.000
-0.360,1.518,0.009,-30.900,-22.711,-1.789,445472286.000
-0.364,1.513,0.009,-30.876,-22.685,-1.779,445472387.000
-0.358,1.520,0.011,-30.837,-22.739,-1.770,445472486.000
-0.360,1.513,0.019,-30.875,-22.677,-1.751,445472586.000
-0.360,1.516,0.016,-30.833,-22.709,-1.769,445472686.000
-0.356,1.519,0.016,-30.831,-22.711,-1.760,445472786.000
-0.360,1.513,0.014,-30.848,-22.645,-1.778,445472886.000
-0.360,1.511,0.009,-30.849,-22.686,-1.788,445472986.000
-0.360,1.513,0.016,-30.834,-22.685,-1.778,445473087.000
-0.360,1.511,0.009,-30.849,-22.686,-1.788,445473186.000
-0.356,1.516,0.011,-30.804,-22.654,-1.768,445473287.000
-0.360,1.516,0.014,-30.805,-22.693,-1.769,445473386.000
-0.362,1.514,0.011,-30.771,-22.640,-1.787,445473486.000
-0.362,1.512,0.009,-30.786,-22.624,-1.768,445473587.000
-0.356,1.513,0.007,-30.778,-22.695,-1.777,445473687.000
-0.356,1.503,0.009,-30.811,-22.662,-1.758,445473786.000
-0.356,1.513,0.007,-30.764,-22.670,-1.777,445473887.000
-0.360,1.508,0.011,-30.795,-22.628,-1.768,445473986.000
-0.360,1.511,0.014,-30.752,-22.595,-1.758,445474087.000
-0.360,1.511,0.009,-30.724,-22.612,-1.758,445474186.000
-0.358,1.509,0.014,-30.732,-22.608,-1.776,445474286.000
-0.360,1.508,0.014,-30.740,-22.595,-1.767,445474387.000
-0.356,1.503,0.009,-30.742,-22.637,-1.758,445474486.000
-0.356,1.510,0.009,-30.682,-22.613,-1.757,445474586.000
-0.356,1.508,0.016,-30.712,-22.636,-1.739,445474687.000
-0.356,1.505,0.011,-30.699,-22.604,-1.748,445474786.000
-0.358,1.512,0.009,-30.647,-22.600,-1.739,445474886.000
-0.356,1.503,0.009,-30.700,-22.612,-1.757,445474986.000
-0.358,1.509,0.009,-30.676,-22.575,-1.748,445475086.000
-0.358,1.507,0.017,-30.665,-22.574,-1.757,445475186.000
-0.358,1.506,0.017,-30.609,-22.574,-1.756,445475287.000
-0.356,1.505,0.014,-30.658,-22.595,-1.747,445475386.000
-0.360,1.505,0.014,-30.631,-22.570,-1.748,445475486.000
-0.358,1.504,0.009,-30.637,-22.551,-1.738,445475586.000
-0.358,1.504,0.004,-30.638,-22.567,-1.766,445475686.000
-0.360,1.505,0.012,-30.617,-22.529,-1.747,445475786.000
-0.358,1.506,0.012,-30.595,-22.566,-1.756,445475887.000
-0.358,1.506,0.014,-30.582,-22.509,-1.756,445475986.000
-0.356,1.503,0.014,-30.618,-22.546,-1.756,445476087.000
-0.356,1.503,0.014,-30.590,-22.546,-1.728,445476186.000
-0.356,1.503,0.014,-30.576,-22.522,-1.728,445476286.000
-0.354,1.504,0.014,-30.555,-22.559,-1.737,445476387.000
-0.356,1.497,0.014,-30.593,-22.497,-1.746,445476487.000
-0.358,1.499,0.012,-30.572,-22.493,-1.755,445476586.000
-0.358,1.501,0.009,-30.542,-22.501,-1.746,445476686.000
-0.352,1.502,0.009,-30.520,-22.515,-1.754,445476786.000
-0.358,1.496,0.014,-30.545,-22.484,-1.736,445476886.000
-0.358,1.501,0.007,-30.515,-22.485,-1.746,445476986.000
-0.354,1.501,0.012,-30.487,-22.493,-1.745,445477086.000
-0.352,1.500,0.009,-30.508,-22.515,-1.735,445477187.000
-0.356,1.500,0.014,-30.522,-22.448,-1.736,445477286.000
-0.358,1.501,0.007,-30.473,-22.460,-1.745,445477387.000
-0.356,1.492,0.012,-30.540,-22.481,-1.736,445477487.000
-0.352,1.495,0.007,-30.496,-22.474,-1.726,445477587.000
-0.356,1.495,0.009,-30.484,-22.440,-1.753,445477686.000
-0.354,1.501,0.014,-30.431,-22.460,-1.716,445477787.000
-0.352,1.495,0.009,-30.427,-22.465,-1.725,445477887.000
-0.354,1.499,0.017,-30.433,-22.452,-1.725,445477987.000
-0.358,1.498,0.009,-30.420,-22.451,-1.781,445478087.000
-0.356,1.495,0.012,-30.414,-22.431,-1.725,445478186.000
-0.352,1.497,0.014,-30.413,-22.448,-1.716,445478287.000
-0.357,1.492,0.014,-30.429,-22.399,-1.706,445478387.000
-0.350,1.496,0.007,-30.351,-22.437,-1.733,445478487.000
-0.356,1.492,0.012,-30.416,-22.407,-1.734,445478586.000
-0.352,1.495,0.012,-30.372,-22.432,-1.724,445478687.000
-0.354,1.493,0.014,-30.408,-22.387,-1.743,445478787.000
-0.354,1.493,-0.001,-30.366,-22.412,-1.743,445478886.000
-0.352,1.489,0.012,-30.389,-22.408,-1.715,445478987.000
-0.354,1.493,0.014,-30.353,-22.386,-1.742,445479087.000
-0.354,1.498,0.014,-30.323,-22.386,-1.724,445479186.000
-0.359,1.493,0.012,-30.340,-22.369,-1.743,445479286.000
-0.352,1.489,0.017,-30.348,-22.366,-1.714,445479387.000
-0.350,1.491,0.004,-30.325,-22.372,-1.723,445479486.000
-0.352,1.489,0.009,-30.333,-22.391,-1.714,445479586.000
-0.355,1.490,0.019,-30.327,-22.345,-1.751,445479686.000
-0.355,1.488,0.014,-30.314,-22.361,-1.732,445479786.000
-0.355,1.493,0.017,-30.298,-22.353,-1.742,445479885.000
-0.357,1.489,0.009,-30.306,-22.317,-1.714,445479986.000
-0.352,1.487,0.014,-30.280,-22.350,-1.722,445480085.000
-0.348,1.492,0.010,-30.263,-22.367,-1.731,445480186.000
-0.350,1.488,0.009,-30.286,-22.355,-1.731,445480286.000
-0.352,1.492,0.014,-30.236,-22.325,-1.731,445480385.000
-0.355,1.493,0.005,-30.228,-22.297,-1.741,445480486.000
-0.350,1.490,0.014,-30.243,-22.289,-1.721,445480585.000
-0.350,1.488,0.014,-30.244,-22.314,-1.703,445480685.000
-0.353,1.487,0.012,-30.239,-22.309,-1.722,445480785.000
-0.353,1.486,0.017,-30.225,-22.268,-1.721,445480885.000
-0.350,1.488,0.012,-30.203,-22.321,-1.730,445480986.000
-0.355,1.483,0.017,-30.234,-22.279,-1.721,445481086.000
-0.350,1.488,0.005,-30.189,-22.298,-1.730,445481185.000
-0.359,1.488,0.009,-30.176,-22.254,-1.703,445481286.000
-0.353,1.486,0.007,-30.183,-22.276,-1.749,445481386.000
-0.355,1.485,0.014,-30.191,-22.263,-1.712,445481487.000
-0.355,1.480,0.012,-30.222,-22.247,-1.730,445481585.000
-0.353,1.481,0.007,-30.200,-22.252,-1.739,445481686.000
-0.351,1.483,0.010,-30.178,-22.256,-1.720,445481785.000
-0.353,1.484,0.015,-30.199,-22.227,-1.730,445481886.000
-0.346,1.483,0.012,-30.164,-22.273,-1.720,445481986.000
-0.348,1.484,0.012,-30.142,-22.236,-1.701,445482085.000
-0.351,1.482,0.007,-30.136,-22.216,-1.720,445482186.000
-0.344,1.481,0.015,-30.144,-22.253,-1.710,445482285.000
-0.349,1.481,0.012,-30.144,-22.212,-1.710,445482385.000
-0.351,1.480,0.012,-30.138,-22.223,-1.729,445482486.000
-0.351,1.482,0.010,-30.123,-22.207,-1.719,445482585.000
-0.351,1.480,0.007,-30.124,-22.216,-1.729,445482686.000
-0.346,1.485,0.007,-30.079,-22.217,-1.709,445482786.000
-0.351,1.477,0.007,-30.084,-22.215,-1.710,445482886.000
-0.349,1.481,0.010,-30.075,-22.220,-1.709,445482985.000
-0.349,1.479,0.010,-30.090,-22.220,-1.691,445483086.000
-0.351,1.482,0.005,-30.067,-22.175,-1.719,445483185.000
-0.351,1.477,0.012,-30.098,-22.174,-1.709,445483285.000
-0.353,1.479,0.010,-30.063,-22.146,-1.691,445483386.000
-0.353,1.481,0.012,-30.048,-22.161,-1.709,445483486.000
-0.347,1.477,0.007,-30.042,-22.167,-1.708,445483585.000
-0.344,1.476,0.012,-30.064,-22.188,-1.727,445483685.000
-0.351,1.475,0.015,-30.044,-22.165,-1.690,445483786.000
-0.349,1.473,0.012,-30.052,-22.162,-1.708,445483886.000
-0.349,1.476,0.007,-30.036,-22.130,-1.699,445483985.000
-0.349,1.481,0.007,-29.978,-22.130,-1.708,445484086.000
-0.349,1.479,0.007,-30.007,-22.155,-1.690,445484185.000
-0.344,1.476,0.007,-30.036,-22.156,-1.726,445484286.000
-0.347,1.472,0.010,-30.031,-22.159,-1.699,445484386.000
-0.351,1.472,0.015,-30.018,-22.092,-1.698,445484485.000
-0.349,1.471,0.012,-29.997,-22.089,-1.689,445484586.000
-0.347,1.472,0.005,-30.017,-22.102,-1.726,445484686.000
-0.347,1.472,0.002,-29.975,-22.110,-1.698,445484786.000
-0.351,1.472,0.012,-29.990,-22.076,-1.698,445484886.000
-0.349,1.473,0.007,-29.968,-22.081,-1.707,445484985.000
-0.347,1.472,0.005,-29.962,-22.102,-1.698,445485086.000
-0.349,1.470,0.012,-29.956,-22.064,-1.716,445485186.000
-0.353,1.471,0.012,-29.943,-22.063,-1.689,445485285.000
-0.345,1.471,0.012,-29.956,-22.090,-1.715,445485386.000
-0.349,1.473,0.015,-29.914,-22.031,-1.706,445485485.000
-0.349,1.465,0.007,-29.986,-22.032,-1.706,445485585.000
-0.347,1.469,0.005,-29.949,-22.053,-1.706,445485685.000
-0.345,1.470,0.010,-29.900,-22.073,-1.715,445485787.000
-0.347,1.464,0.012,-29.952,-22.052,-1.697,445485886.000
-0.345,1.468,0.010,-29.915,-22.025,-1.696,445485986.000
-0.345,1.465,0.010,-29.931,-22.025,-1.705,445486087.000
-0.347,1.467,0.012,-29.868,-22.027,-1.687,445486186.000
-0.347,1.469,0.005,-29.880,-22.028,-1.705,445486286.000
-0.349,1.460,0.012,-29.920,-21.991,-1.696,445486386.000
-0.341,1.465,0.012,-29.861,-22.041,-1.704,445486486.000
-0.345,1.465,0.010,-29.847,-22.024,-1.677,445486587.000
-0.343,1.467,0.010,-29.840,-22.037,-1.686,445486686.000
-0.347,1.469,0.010,-29.839,-21.987,-1.677,445486786.000
-0.345,1.463,0.007,-29.863,-22.008,-1.714,445486887.000
-0.347,1.467,0.010,-29.827,-21.987,-1.686,445486986.000
-0.349,1.468,0.002,-29.819,-21.975,-1.696,445487086.000
-0.345,1.465,0.010,-29.820,-21.975,-1.676,445487186.000
-0.347,1.466,0.010,-29.799,-21.987,-1.686,445487287.000
-0.345,1.460,0.007,-29.822,-21.959,-1.667,445487387.000
-0.345,1.460,0.007,-29.823,-21.959,-1.694,445487486.000
-0.345,1.463,0.007,-29.807,-22.007,-1.685,445487586.000
-0.347,1.464,0.008,-29.773,-21.946,-1.694,445487686.000
-0.345,1.465,0.010,-29.751,-21.950,-1.675,445487786.000
-0.347,1.464,0.010,-29.731,-21.937,-1.694,445487886.000
-0.347,1.464,0.005,-29.772,-21.930,-1.694,445487987.000
-0.345,1.460,0.008,-29.767,-21.910,-1.693,445488087.000
-0.345,1.462,0.013,-29.725,-21.942,-1.684,445488186.000
-0.345,1.460,0.008,-29.754,-21.934,-1.694,445488286.000
-0.345,1.462,0.013,-29.725,-21.893,-1.684,445488387.000
-0.345,1.460,0.005,-29.726,-21.918,-1.666,445488486.000
-0.345,1.460,0.005,-29.726,-21.918,-1.666,445488586.000
-0.343,1.459,0.015,-29.692,-21.921,-1.683,445488686.000
-0.347,1.456,0.008,-29.680,-21.896,-1.693,445488787.000
-0.343,1.459,0.017,-29.706,-21.913,-1.656,445488887.000
-0.345,1.460,0.010,-29.685,-21.877,-1.692,445488987.000
-0.345,1.460,0.005,-29.671,-21.869,-1.692,445489086.000
-0.343,1.461,0.008,-29.663,-21.897,-1.701,445489186.000
-0.345,1.457,0.008,-29.686,-21.885,-1.702,445489286.000
-0.345,1.457,0.010,-29.686,-21.852,-1.674,445489386.000
-0.341,1.457,0.008,-29.671,-21.886,-1.673,445489487.000
-0.341,1.455,0.008,-29.673,-21.910,-1.683,445489586.000
-0.343,1.458,0.003,-29.609,-21.889,-1.682,445489686.000
-0.348,1.456,0.010,-29.639,-21.839,-1.692,445489786.000
-0.343,1.453,0.010,-29.653,-21.864,-1.673,445489887.000
-0.343,1.456,0.013,-29.625,-21.856,-1.691,445489986.000
-0.343,1.456,0.010,-29.625,-21.840,-1.691,445490086.000
-0.343,1.451,0.008,-29.655,-21.824,-1.682,445490187.000
-0.341,1.457,0.013,-29.575,-21.844,-1.672,445490287.000
-0.343,1.453,0.008,-29.612,-21.824,-1.672,445490387.000
-0.343,1.456,0.013,-29.597,-21.807,-1.691,445490487.000
-0.345,1.455,0.005,-29.576,-21.843,-1.654,445490586.000
-0.341,1.452,0.005,-29.564,-21.820,-1.690,445490686.000
-0.339,1.451,0.013,-29.599,-21.832,-1.653,445490787.000
-0.341,1.447,0.005,-29.580,-21.796,-1.680,445490886.000
-0.343,1.453,0.010,-29.557,-21.791,-1.672,445490987.000
-0.341,1.452,0.010,-29.550,-21.828,-1.690,445491086.000
-0.341,1.452,0.010,-29.550,-21.779,-1.690,445491186.000
-0.339,1.456,0.008,-29.513,-21.800,-1.662,445491287.000
-0.343,1.453,0.005,-29.542,-21.783,-1.672,445491387.000
-0.344,1.450,0.005,-29.516,-21.758,-1.680,445491487.000
-0.344,1.451,0.010,-29.503,-21.766,-1.652,445491587.000
-0.341,1.452,0.005,-29.481,-21.771,-1.689,445491687.000
-0.344,1.448,0.018,-29.518,-21.717,-1.661,445491786.000
-0.341,1.449,0.005,-29.482,-21.746,-1.670,445491886.000
-0.341,1.449,0.005,-29.482,-21.746,-1.670,445491986.000
-0.341,1.449,0.008,-29.469,-21.738,-1.670,445492087.000
-0.337,1.449,0.010,-29.468,-21.779,-1.670,445492186.000
-0.337,1.447,0.000,-29.441,-21.739,-1.678,445492287.000
-0.342,1.452,0.010,-29.467,-21.730,-1.661,445492387.000
-0.344,1.445,0.008,-29.478,-21.701,-1.670,445492487.000
-0.337,1.444,0.008,-29.457,-21.739,-1.660,445492586.000
-0.340,1.445,0.010,-29.450,-21.694,-1.669,445492687.000
-0.342,1.447,0.008,-29.428,-21.689,-1.651,445492787.000
-0.337,1.449,0.008,-29.399,-21.739,-1.641,445492886.000
-0.342,1.446,0.008,-29.429,-21.689,-1.678,445492986.000
-0.339,1.450,0.005,-29.378,-21.685,-1.678,445493086.000
-0.339,1.445,0.005,-29.408,-21.685,-1.669,445493187.000
-0.333,1.446,0.001,-29.413,-21.716,-1.677,445493286.000
-0.344,1.445,0.010,-29.409,-21.644,-1.641,445493386.000
-0.342,1.446,0.006,-29.346,-21.672,-1.678,445493486.000
-0.342,1.446,0.015,-29.374,-21.639,-1.650,445493586.000
-0.335,1.445,0.010,-29.366,-21.670,-1.667,445493686.000
-0.340,1.445,0.008,-29.353,-21.652,-1.668,445493785.000
-0.342,1.444,0.013,-29.375,-21.647,-1.659,445493887.000
-0.337,1.444,0.003,-29.333,-21.633,-1.686,445493987.000
-0.340,1.445,0.006,-29.325,-21.636,-1.667,445494086.000
-0.342,1.444,0.008,-29.347,-21.615,-1.659,445494186.000
-0.340,1.445,0.013,-29.325,-21.636,-1.640,445494287.000
-0.338,1.441,0.008,-29.348,-21.616,-1.667,445494386.000
-0.337,1.441,0.006,-29.320,-21.649,-1.667,445494486.000
-0.340,1.442,0.006,-29.327,-21.612,-1.676,445494586.000
-0.342,1.444,0.010,-29.292,-21.582,-1.658,445494686.000
-0.340,1.442,0.013,-29.286,-21.587,-1.648,445494786.000
-0.338,1.441,0.008,-29.306,-21.592,-1.666,445494887.000
-0.338,1.441,0.008,-29.293,-21.616,-1.667,445494986.000
-0.338,1.436,0.013,-29.282,-21.575,-1.657,445495086.000
-0.342,1.438,0.005,-29.294,-21.550,-1.648,445495186.000
-0.340,1.437,0.011,-29.275,-21.594,-1.666,445495286.000
-0.338,1.441,0.006,-29.265,-21.600,-1.666,445495386.000
