0.013,-0.087,-0.135,3.078,-0.041,0.639,444340665.000
0.017,-0.092,-0.130,3.020,-0.050,0.621,444340766.000
0.015,-0.088,-0.135,3.043,-0.006,0.621,444340866.000
0.015,-0.088,-0.135,3.043,-0.054,0.648,444340965.000
0.015,-0.088,-0.140,3.057,-0.046,0.621,444341065.000
0.015,-0.088,-0.142,3.057,-0.030,0.621,444341166.000
0.013,-0.089,-0.143,3.078,-0.066,0.657,444341266.000
0.015,-0.093,-0.138,3.055,-0.013,0.630,444341365.000
0.019,-0.088,-0.142,3.058,-0.056,0.621,444341466.000
0.017,-0.092,-0.142,3.063,-0.043,0.621,444341566.000
0.015,-0.088,-0.142,3.099,-0.054,0.621,444341665.000
0.017,-0.092,-0.135,3.035,-0.042,0.649,444341766.000
0.015,-0.093,-0.138,3.041,-0.038,0.630,444341865.000
0.010,-0.088,-0.133,3.098,0.004,0.648,444341966.000
0.015,-0.090,-0.140,3.070,-0.046,0.639,444342065.000
0.015,-0.088,-0.138,3.071,-0.038,0.648,444342165.000
0.015,-0.091,-0.142,3.070,-0.030,0.612,444342265.000
0.015,-0.090,-0.133,3.083,-0.021,0.640,444342366.000
0.015,-0.085,-0.142,3.100,-0.030,0.630,444342465.000
0.017,-0.089,-0.133,3.050,-0.058,0.630,444342566.000
0.017,-0.092,-0.142,3.063,-0.043,0.621,444342666.000
0.015,-0.090,-0.133,3.069,-0.045,0.639,444342766.000
0.017,-0.089,-0.147,3.092,-0.035,0.630,444342865.000
0.010,-0.088,-0.138,3.084,0.012,0.621,444342966.000
0.012,-0.089,-0.138,3.063,-0.025,0.630,444343065.000
0.012,-0.092,-0.138,3.048,-0.025,0.621,444343166.000
0.015,-0.090,-0.140,3.056,-0.022,0.639,444343266.000
0.017,-0.089,-0.140,3.064,-0.035,0.630,444343366.000
0.015,-0.090,-0.143,3.070,-0.030,0.639,444343466.000
0.017,-0.089,-0.145,3.064,-0.051,0.630,444343565.000
0.019,-0.088,-0.135,3.071,-0.079,0.621,444343666.000
0.015,-0.083,-0.145,3.102,-0.038,0.611,444343765.000
0.013,-0.089,-0.140,3.050,-0.034,0.630,444343865.000
0.017,-0.089,-0.143,3.078,-0.043,0.658,444343965.000
0.012,-0.092,-0.140,3.048,-0.009,0.648,444344065.000
0.015,-0.091,-0.135,3.069,-0.029,0.612,444344165.000
0.015,-0.093,-0.142,3.055,-0.030,0.630,444344265.000
0.017,-0.089,-0.142,3.064,-0.067,0.630,444344365.000
0.012,-0.092,-0.142,3.062,-0.017,0.621,444344466.000
0.017,-0.092,-0.142,3.049,-0.067,0.621,444344565.000
0.012,-0.092,-0.135,3.034,-0.017,0.648,444344665.000
0.012,-0.092,-0.140,3.048,-0.009,0.621,444344765.000
0.017,-0.092,-0.140,3.035,-0.059,0.621,444344865.000
0.017,-0.094,-0.147,3.048,-0.060,0.639,444344965.000
0.013,-0.097,-0.142,3.018,-0.042,0.602,444345065.000
0.010,-0.088,-0.133,3.056,-0.020,0.620,444345165.000
0.019,-0.090,-0.140,3.071,-0.072,0.640,444345266.000
0.013,-0.087,-0.140,3.079,-0.058,0.639,444345365.000
0.015,-0.090,-0.143,3.070,-0.079,0.639,444345465.000
0.012,-0.092,-0.140,3.035,-0.034,0.648,444345566.000
0.012,-0.092,-0.140,3.034,-0.034,0.620,444345666.000
0.012,-0.087,-0.135,3.106,-0.041,0.639,444345766.000
0.015,-0.090,-0.140,3.042,-0.046,0.639,444345866.000
0.010,-0.090,-0.143,3.056,-0.029,0.639,444345965.000
0.010,-0.090,-0.138,3.042,-0.037,0.638,444346065.000
0.015,-0.090,-0.142,3.084,-0.054,0.639,444346166.000
0.010,-0.088,-0.140,3.071,-0.045,0.648,444346265.000
0.015,-0.093,-0.140,3.068,-0.070,0.630,444346366.000
0.015,-0.090,-0.138,3.070,-0.062,0.639,444346466.000
0.015,-0.091,-0.140,3.097,-0.094,0.611,444346566.000
0.017,-0.092,-0.137,3.062,-0.123,0.621,444346665.000
0.013,-0.089,-0.138,3.077,-0.098,0.657,444346765.000
0.008,-0.092,-0.140,3.061,-0.056,0.620,444346865.000
0.013,-0.087,-0.142,3.120,-0.114,0.639,444346965.000
0.013,-0.092,-0.130,3.048,-0.121,0.648,444347066.000
0.011,-0.093,-0.140,3.054,-0.118,0.629,444347166.000
0.011,-0.088,-0.138,3.084,-0.133,0.619,444347266.000
0.013,-0.089,-0.142,3.091,-0.187,0.629,444347366.000
0.013,-0.086,-0.138,3.078,-0.171,0.638,444347466.000
0.008,-0.092,-0.135,3.075,-0.161,0.647,444347565.000
0.009,-0.089,-0.143,3.077,-0.137,0.628,444347666.000
0.011,-0.088,-0.145,3.098,-0.207,0.619,444347765.000
0.009,-0.089,-0.143,3.090,-0.162,0.628,444347866.000
0.013,-0.086,-0.138,3.120,-0.194,0.638,444347965.000
0.006,-0.090,-0.140,3.096,-0.189,0.637,444348065.000
0.013,-0.089,-0.138,3.118,-0.219,0.656,444348165.000
0.009,-0.089,-0.140,3.132,-0.201,0.656,444348265.000
0.009,-0.092,-0.135,3.089,-0.234,0.646,444348366.000
0.009,-0.089,-0.138,3.118,-0.242,0.656,444348465.000
0.004,-0.087,-0.135,3.132,-0.232,0.637,444348566.000
0.009,-0.086,-0.138,3.119,-0.266,0.637,444348666.000
0.009,-0.086,-0.145,3.133,-0.291,0.637,444348765.000
0.011,-0.090,-0.140,3.125,-0.263,0.665,444348866.000
0.004,-0.089,-0.140,3.117,-0.249,0.627,444348966.000
0.007,-0.090,-0.145,3.096,-0.303,0.636,444349066.000
0.009,-0.089,-0.138,3.118,-0.339,0.655,444349165.000
0.005,-0.084,-0.135,3.147,-0.329,0.645,444349266.000
0.007,-0.085,-0.145,3.140,-0.375,0.626,444349366.000
0.000,-0.094,-0.140,3.100,-0.344,0.635,444349467.000
0.007,-0.093,-0.140,3.136,-0.431,0.654,444349567.000
0.005,-0.086,-0.143,3.160,-0.427,0.635,444349667.000
0.005,-0.084,-0.140,3.147,-0.443,0.644,444349766.000
0.001,-0.086,-0.145,3.160,-0.482,0.634,444349866.000
0.005,-0.086,-0.140,3.160,-0.491,0.635,444349967.000
0.005,-0.089,-0.138,3.158,-0.531,0.625,444350066.000
-0.001,-0.088,-0.140,3.165,-0.525,0.615,444350166.000
-0.001,-0.088,-0.135,3.165,-0.557,0.643,444350266.000
0.001,-0.089,-0.140,3.158,-0.587,0.652,444350366.000
0.003,-0.090,-0.140,3.192,-0.623,0.634,444350467.000
-0.003,-0.086,-0.138,3.159,-0.602,0.660,444350567.000
-0.001,-0.090,-0.143,3.164,-0.631,0.633,444350666.000
-0.001,-0.088,-0.145,3.193,-0.639,0.642,444350767.000
-0.001,-0.080,-0.143,3.224,-0.631,0.642,444350866.000
-0.003,-0.086,-0.140,3.186,-0.634,0.660,444350967.000
-0.001,-0.085,-0.143,3.222,-0.679,0.679,444351066.000
-0.003,-0.089,-0.135,3.157,-0.690,0.651,444351167.000
-0.007,-0.089,-0.133,3.184,-0.680,0.678,444351267.000
-0.005,-0.082,-0.143,3.222,-0.678,0.632,444351367.000
-0.003,-0.081,-0.140,3.230,-0.706,0.650,444351467.000
-0.007,-0.086,-0.135,3.213,-0.688,0.659,444351567.000
-0.007,-0.086,-0.138,3.213,-0.721,0.659,444351667.000
-0.001,-0.082,-0.135,3.223,-0.751,0.660,444351767.000
-0.003,-0.084,-0.138,3.229,-0.746,0.641,444351866.000
-0.003,-0.084,-0.140,3.215,-0.755,0.641,444351966.000
-0.003,-0.086,-0.138,3.214,-0.747,0.660,444352067.000
-0.005,-0.082,-0.135,3.263,-0.749,0.659,444352167.000
-0.005,-0.082,-0.140,3.250,-0.742,0.632,444352267.000
-0.005,-0.085,-0.135,3.207,-0.774,0.650,444352367.000
-0.003,-0.089,-0.135,3.212,-0.738,0.678,444352466.000
-0.001,-0.085,-0.140,3.194,-0.792,0.622,444352565.000
-0.003,-0.086,-0.140,3.214,-0.779,0.659,444352667.000
-0.005,-0.085,-0.140,3.235,-0.790,0.650,444352766.000
-0.005,-0.082,-0.140,3.250,-0.790,0.659,444352866.000
-0.009,-0.085,-0.143,3.221,-0.773,0.649,444352966.000
-0.003,-0.086,-0.135,3.213,-0.811,0.659,444353067.000
-0.007,-0.084,-0.140,3.242,-0.778,0.640,444353167.000
-0.000,-0.087,-0.145,3.235,-0.808,0.669,444353266.000
-0.007,-0.086,-0.135,3.213,-0.785,0.659,444353366.000
-0.005,-0.082,-0.138,3.222,-0.807,0.659,444353466.000
-0.009,-0.085,-0.133,3.220,-0.789,0.677,444353566.000
-0.005,-0.085,-0.140,3.221,-0.815,0.649,444353666.000
-0.007,-0.078,-0.135,3.244,-0.810,0.658,444353766.000
-0.005,-0.082,-0.143,3.223,-0.823,0.658,444353866.000
-0.007,-0.086,-0.143,3.227,-0.810,0.659,444353966.000
-0.005,-0.082,-0.138,3.222,-0.807,0.659,444354066.000
-0.007,-0.084,-0.143,3.228,-0.835,0.640,444354166.000
-0.005,-0.085,-0.138,3.234,-0.855,0.649,444354266.000
-0.007,-0.086,-0.138,3.213,-0.818,0.658,444354366.000
-0.007,-0.086,-0.138,3.227,-0.842,0.658,444354467.000
-0.007,-0.084,-0.145,3.242,-0.843,0.640,444354565.000
-0.005,-0.082,-0.138,3.263,-0.879,0.658,444354666.000
-0.005,-0.085,-0.138,3.221,-0.879,0.649,444354766.000
-0.005,-0.080,-0.140,3.251,-0.863,0.667,444354866.000
-0.007,-0.086,-0.140,3.213,-0.851,0.658,444354967.000
-0.007,-0.083,-0.145,3.256,-0.867,0.667,444355067.000
-0.002,-0.081,-0.135,3.257,-0.884,0.649,444355165.000
-0.005,-0.082,-0.138,3.250,-0.903,0.658,444355266.000
-0.005,-0.085,-0.138,3.248,-0.879,0.649,444355365.000
-0.009,-0.085,-0.135,3.234,-0.845,0.649,444355467.000
-0.007,-0.083,-0.143,3.256,-0.883,0.667,444355566.000
-0.007,-0.083,-0.135,3.256,-0.882,0.667,444355666.000
-0.011,-0.083,-0.138,3.200,-0.841,0.667,444355766.000
-0.007,-0.086,-0.138,3.227,-0.891,0.658,444355865.000
-0.007,-0.084,-0.140,3.269,-0.874,0.640,444355965.000
-0.007,-0.083,-0.143,3.214,-0.859,0.639,444356066.000
-0.005,-0.085,-0.138,3.221,-0.831,0.649,444356165.000
-0.005,-0.080,-0.138,3.237,-0.855,0.667,444356265.000
-0.005,-0.085,-0.140,3.221,-0.863,0.677,444356365.000
-0.009,-0.087,-0.138,3.177,-0.806,0.640,444356466.000
-0.005,-0.082,-0.138,3.250,-0.806,0.659,444356566.000
-0.003,-0.081,-0.140,3.216,-0.828,0.649,444356666.000
-0.005,-0.087,-0.140,3.178,-0.767,0.668,444356765.000
-0.005,-0.082,-0.140,3.236,-0.766,0.631,444356866.000
-0.005,-0.082,-0.148,3.223,-0.743,0.659,444356965.000
-0.003,-0.086,-0.143,3.200,-0.739,0.632,444357065.000
0.001,-0.084,-0.138,3.215,-0.748,0.642,444357165.000
-0.003,-0.084,-0.138,3.187,-0.723,0.641,444357266.000
-0.001,-0.085,-0.138,3.194,-0.662,0.651,444357366.000
-0.001,-0.085,-0.135,3.180,-0.654,0.651,444357465.000
0.001,-0.084,-0.140,3.188,-0.635,0.642,444357566.000
0.005,-0.086,-0.145,3.174,-0.629,0.634,444357666.000
-0.003,-0.084,-0.138,3.187,-0.577,0.642,444357765.000
0.005,-0.081,-0.143,3.163,-0.572,0.652,444357865.000
0.003,-0.082,-0.140,3.196,-0.551,0.634,444357966.000
-0.001,-0.082,-0.143,3.154,-0.534,0.633,444358066.000
0.001,-0.091,-0.140,3.088,-0.490,0.643,444358165.000
-0.005,-0.088,-0.140,3.082,-0.549,0.641,444358265.000
-0.005,-0.082,-0.138,3.140,-0.759,0.658,444358366.000
-0.008,-0.074,-0.140,3.226,-1.178,0.655,444358465.000
-0.028,-0.076,-0.140,3.290,-1.632,0.667,444358566.000
-0.045,-0.067,-0.133,3.436,-2.510,0.677,444358665.000
-0.069,-0.066,-0.131,3.501,-3.367,0.722,444358766.000
-0.083,-0.050,-0.134,3.617,-4.316,0.740,444358865.000
-0.109,-0.040,-0.129,3.748,-5.200,0.776,444358966.000
-0.128,-0.032,-0.129,3.748,-6.067,0.765,444359066.000
-0.150,-0.022,-0.125,3.811,-6.856,0.802,444359165.000
-0.173,-0.005,-0.133,3.775,-7.748,0.845,444359266.000
-0.179,-0.007,-0.120,3.806,-8.056,0.824,444359366.000
-0.197,0.020,-0.133,3.721,-8.943,0.876,444359466.000
-0.213,0.019,-0.124,3.578,-9.754,0.857,444359566.000
-0.236,0.046,-0.119,3.394,-10.704,0.880,444359666.000
-0.255,0.062,-0.115,3.233,-11.484,0.896,444359766.000
-0.274,0.076,-0.120,3.016,-12.370,0.902,444359866.000
-0.291,0.102,-0.118,2.757,-13.221,0.935,444359965.000
-0.308,0.114,-0.114,2.463,-14.015,0.923,444360066.000
-0.333,0.142,-0.105,2.149,-14.936,0.935,444360165.000
-0.342,0.153,-0.105,1.800,-15.676,0.943,444360266.000
-0.367,0.184,-0.109,1.488,-16.688,0.991,444360366.000
-0.380,0.207,-0.102,1.158,-17.500,0.960,444360465.000
-0.403,0.231,-0.103,0.794,-18.370,1.001,444360565.000
-0.418,0.248,-0.101,0.427,-19.186,0.988,444360666.000
-0.443,0.281,-0.107,0.089,-20.109,1.046,444360765.000
-0.454,0.298,-0.092,-0.362,-20.934,1.005,444360865.000
-0.472,0.323,-0.096,-0.807,-21.815,1.073,444360965.000
-0.487,0.347,-0.096,-1.198,-22.640,1.059,444361065.000
-0.513,0.381,-0.095,-1.634,-23.539,1.034,444361165.000
-0.521,0.401,-0.088,-2.046,-24.353,1.104,444361265.000
-0.548,0.426,-0.086,-2.535,-25.287,1.087,444361365.000
-0.561,0.457,-0.087,-2.970,-26.077,1.110,444361466.000
-0.586,0.480,-0.073,-3.385,-26.958,1.104,444361566.000
-0.599,0.506,-0.094,-3.820,-27.863,1.163,444361665.000
-0.620,0.527,-0.070,-4.319,-28.761,1.148,444361766.000
-0.643,0.567,-0.076,-4.826,-29.626,1.186,444361865.000
-0.658,0.581,-0.066,-5.306,-30.466,1.163,444361966.000
-0.677,0.619,-0.075,-5.730,-31.413,1.221,444362065.000
-0.691,0.641,-0.068,-6.164,-32.286,1.198,444362166.000
-0.712,0.674,-0.061,-6.696,-33.122,1.228,444362266.000
-0.736,0.696,-0.057,-7.172,-34.001,1.230,444362366.000
-0.753,0.725,-0.068,-7.690,-34.775,1.271,444362466.000
-0.765,0.756,-0.051,-8.155,-35.677,1.238,444362566.000
-0.784,0.783,-0.057,-8.682,-36.518,1.259,444362666.000
-0.805,0.806,-0.056,-9.247,-37.371,1.252,444362765.000
-0.820,0.836,-0.047,-9.662,-38.211,1.312,444362866.000
-0.841,0.865,-0.050,-10.237,-39.057,1.323,444362966.000
-0.862,0.890,-0.048,-10.705,-39.908,1.271,444363066.000
-0.879,0.921,-0.047,-11.292,-40.763,1.292,444363165.000
-0.902,0.954,-0.045,-11.763,-41.626,1.276,444363265.000
-0.913,0.981,-0.038,-12.290,-42.453,1.271,444363365.000
-0.938,1.007,-0.042,-12.769,-43.272,1.356,444363465.000
-0.947,1.027,-0.035,-13.196,-43.916,1.345,444363565.000
-0.955,1.049,-0.030,-13.781,-44.219,1.271,444363665.000
-0.952,1.079,-0.036,-14.531,-44.475,1.215,444363765.000
-0.949,1.107,-0.029,-15.323,-44.472,1.180,444363865.000
-0.939,1.143,-0.022,-16.250,-44.255,1.063,444363965.000
-0.924,1.170,-0.023,-17.166,-44.063,0.947,444364065.000
-0.911,1.194,-0.026,-18.145,-43.867,0.858,444364165.000
-0.903,1.223,-0.021,-19.069,-43.693,0.703,444364266.000
-0.894,1.252,-0.014,-20.019,-43.535,0.604,444364365.000
-0.886,1.281,-0.018,-20.900,-43.386,0.533,444364466.000
-0.873,1.311,-0.016,-21.850,-43.319,0.434,444364566.000
-0.867,1.338,-0.014,-22.739,-43.141,0.317,444364665.000
-0.853,1.370,-0.017,-23.673,-43.090,0.227,444364765.000
-0.847,1.395,-0.007,-24.647,-42.936,0.127,444364866.000
-0.839,1.429,-0.008,-25.567,-42.779,-0.009,444364966.000
-0.828,1.455,-0.006,-26.402,-42.649,-0.107,444365065.000
-0.821,1.482,-0.004,-27.306,-42.544,-0.225,444365165.000
-0.813,1.522,-0.004,-28.195,-42.484,-0.343,444365266.000
-0.808,1.538,0.005,-29.139,-42.413,-0.406,444365366.000
-0.797,1.571,0.007,-30.040,-42.381,-0.533,444365465.000
-0.793,1.605,0.001,-30.946,-42.288,-0.615,444365565.000
-0.786,1.630,0.011,-31.768,-42.253,-0.742,444365666.000
-0.771,1.661,0.013,-32.683,-42.247,-0.851,444365765.000
-0.771,1.693,0.009,-33.632,-42.194,-0.915,444365865.000
-0.762,1.722,0.014,-34.487,-42.189,-1.070,444365966.000
-0.755,1.749,0.009,-35.376,-42.108,-1.188,444366066.000
-0.751,1.784,0.018,-36.283,-42.110,-1.270,444366166.000
-0.744,1.812,0.015,-37.117,-42.093,-1.389,444366265.000
-0.739,1.849,0.022,-38.051,-42.105,-1.490,444366365.000
-0.732,1.882,0.024,-38.979,-42.145,-1.619,444366466.000
-0.720,1.903,0.018,-39.864,-42.077,-1.717,444366566.000
-0.717,1.939,0.028,-40.750,-42.091,-1.837,444366666.000
-0.717,1.968,0.032,-41.675,-42.109,-1.966,444366765.000
-0.710,2.001,0.039,-42.658,-42.085,-2.067,444366866.000
-0.699,2.031,0.033,-43.532,-42.126,-2.204,444366966.000
-0.696,2.072,0.045,-44.429,-42.132,-2.278,444367066.000
-0.687,2.098,0.045,-45.313,-42.168,-2.442,444367166.000
-0.680,2.131,0.042,-46.200,-42.200,-2.570,444367266.000
-0.676,2.163,0.049,-47.053,-42.162,-2.661,444367366.000
-0.671,2.184,0.048,-47.939,-42.124,-2.789,444367466.000
-0.645,2.170,0.044,-47.722,-40.934,-2.902,444367567.000
-0.636,2.201,0.056,-48.520,-40.806,-3.046,444367667.000
-0.631,2.233,0.058,-49.470,-40.810,-3.166,444367766.000
-0.625,2.261,0.053,-50.346,-40.801,-3.312,444367866.000
-0.620,2.295,0.062,-51.268,-40.828,-3.450,444367966.000
-0.615,2.332,0.067,-52.146,-40.871,-3.579,444368067.000
-0.611,2.361,0.069,-53.070,-40.850,-3.707,444368167.000
-0.608,2.394,0.068,-53.930,-40.824,-3.835,444368266.000
-0.595,2.423,0.073,-54.881,-40.918,-3.963,444368367.000
-0.594,2.460,0.072,-55.829,-40.929,-4.149,444368467.000
-0.587,2.495,0.084,-56.605,-40.983,-4.267,444368566.000
-0.579,2.524,0.081,-57.528,-40.955,-4.395,444368666.000
-0.572,2.557,0.086,-58.471,-40.987,-4.551,444368766.000
-0.573,2.593,0.093,-59.358,-41.008,-4.671,444368867.000
-0.564,2.627,0.102,-60.224,-41.108,-4.809,444368966.000
-0.562,2.658,0.097,-61.182,-41.099,-4.975,444369067.000
-0.555,2.693,0.096,-62.068,-41.172,-5.122,444369166.000
-0.552,2.729,0.103,-62.899,-41.266,-5.242,444369267.000
-0.550,2.754,0.110,-63.819,-41.312,-5.399,444369366.000
-0.547,2.789,0.110,-64.719,-41.432,-5.547,444369466.000
-0.536,2.822,0.107,-65.522,-41.440,-5.646,444369567.000
-0.535,2.857,0.119,-66.431,-41.530,-5.785,444369666.000
-0.526,2.888,0.121,-67.381,-41.607,-5.932,444369767.000
-0.530,2.928,0.123,-68.260,-41.656,-6.081,444369867.000
-0.523,2.963,0.127,-69.132,-41.736,-6.228,444369967.000
-0.516,2.994,0.132,-69.966,-41.791,-6.393,444370066.000
-0.516,3.009,0.131,-70.455,-41.797,-6.453,444370166.000
-0.511,3.015,0.136,-70.784,-41.760,-6.520,444370266.000
-0.505,3.019,0.129,-70.773,-41.678,-6.519,444370366.000
-0.506,3.013,0.134,-70.624,-41.538,-6.507,444370467.000
-0.504,2.996,0.124,-70.183,-41.410,-6.436,444370567.000
-0.504,2.983,0.130,-69.776,-41.267,-6.394,444370666.000
-0.505,2.969,0.125,-69.465,-41.135,-6.353,444370767.000
-0.503,2.960,0.125,-69.131,-41.047,-6.312,444370866.000
-0.506,2.943,0.115,-68.870,-40.919,-6.271,444370967.000
-0.502,2.930,0.126,-68.628,-40.835,-6.230,444371066.000
-0.506,2.919,0.123,-68.344,-40.718,-6.209,444371167.000
-0.500,2.912,0.123,-68.091,-40.632,-6.186,444371267.000
-0.498,2.906,0.124,-67.839,-40.569,-6.164,444371367.000
-0.503,2.892,0.119,-67.652,-40.437,-6.125,444371467.000
-0.501,2.880,0.117,-67.181,-40.405,-6.064,444371567.000
-0.499,2.868,0.119,-67.001,-40.285,-6.061,444371666.000
-0.502,2.857,0.119,-66.793,-40.173,-6.003,444371766.000
-0.498,2.851,0.115,-66.573,-40.116,-5.963,444371866.000
-0.498,2.841,0.122,-66.386,-40.064,-5.942,444371966.000
-0.503,2.835,0.115,-66.209,-39.965,-5.931,444372067.000
-0.494,2.833,0.118,-65.989,-39.908,-5.909,444372166.000
-0.495,2.825,0.118,-65.841,-39.858,-5.879,444372266.000
-0.504,2.819,0.115,-65.651,-39.692,-5.868,444372367.000
-0.493,2.813,0.120,-65.467,-39.689,-5.818,444372466.000
-0.498,2.802,0.113,-65.334,-39.614,-5.826,444372566.000
-0.498,2.794,0.111,-65.200,-39.523,-5.796,444372666.000
-0.496,2.793,0.116,-65.014,-39.469,-5.784,444372767.000
-0.496,2.787,0.106,-64.878,-39.404,-5.773,444372866.000
-0.492,2.777,0.111,-64.732,-39.338,-5.752,444372967.000
-0.490,2.773,0.106,-64.602,-39.293,-5.750,444373067.000
-0.493,2.766,0.116,-64.434,-39.221,-5.729,444373166.000
-0.488,2.761,0.109,-64.338,-39.173,-5.690,444373267.000
-0.491,2.759,0.107,-64.153,-39.094,-5.679,444373366.000
-0.491,2.749,0.107,-64.062,-39.020,-5.714,444373467.000
-0.487,2.749,0.112,-63.923,-38.979,-5.657,444373567.000
-0.489,2.739,0.112,-63.797,-38.892,-5.646,444373666.000
-0.487,2.735,0.114,-63.640,-38.846,-5.616,444373767.000
-0.488,2.733,0.105,-63.544,-38.781,-5.624,444373867.000
-0.486,2.729,0.107,-63.415,-38.736,-5.594,444373967.000
-0.484,2.722,0.105,-63.300,-38.707,-5.574,444374066.000
-0.484,2.717,0.107,-63.206,-38.649,-5.563,444374167.000
-0.484,2.709,0.105,-63.086,-38.583,-5.589,444374267.000
-0.482,2.700,0.098,-63.041,-38.523,-5.550,444374367.000
-0.480,2.703,0.100,-62.867,-38.477,-5.548,444374467.000
-0.485,2.701,0.108,-62.745,-38.402,-5.529,444374567.000
-0.483,2.694,0.103,-62.658,-38.357,-5.536,444374667.000
-0.481,2.685,0.103,-62.614,-38.296,-5.498,444374766.000
-0.481,2.687,0.106,-62.420,-38.237,-5.514,444374867.000
-0.481,2.682,0.101,-62.339,-38.205,-5.476,444374966.000
-0.479,2.676,0.108,-62.266,-38.167,-5.456,444375066.000
-0.481,2.672,0.106,-62.179,-38.089,-5.455,444375166.000
-0.477,2.669,0.098,-62.055,-38.065,-5.462,444375266.000
-0.477,2.666,0.101,-62.002,-38.008,-5.470,444375367.000
-0.475,2.660,0.101,-61.900,-37.971,-5.395,444375467.000
-0.476,2.657,0.104,-61.778,-37.937,-5.430,444375567.000
-0.476,2.654,0.101,-61.696,-37.896,-5.411,444375667.000
-0.474,2.645,0.101,-61.611,-37.859,-5.399,444375766.000
-0.476,2.646,0.096,-61.493,-37.765,-5.407,444375866.000
-0.476,2.646,0.094,-61.396,-37.724,-5.379,444375966.000
-0.476,2.638,0.099,-61.345,-37.682,-5.377,444376066.000
-0.474,2.634,0.094,-61.257,-37.613,-5.376,444376166.000
-0.474,2.631,0.094,-61.162,-37.612,-5.384,444376266.000
-0.470,2.626,0.099,-61.108,-37.572,-5.318,444376367.000
-0.473,2.622,0.094,-60.993,-37.526,-5.344,444376466.000
-0.468,2.620,0.092,-60.939,-37.510,-5.352,444376566.000
-0.473,2.619,0.094,-60.843,-37.427,-5.324,444376666.000
-0.473,2.614,0.097,-60.777,-37.418,-5.313,444376766.000
-0.471,2.613,0.092,-60.673,-37.349,-5.302,444376866.000
-0.471,2.610,0.100,-60.606,-37.299,-5.283,444376966.000
-0.469,2.609,0.100,-60.489,-37.287,-5.300,444377066.000
-0.465,2.603,0.095,-60.436,-37.280,-5.289,444377166.000
-0.469,2.601,0.095,-60.341,-37.204,-5.298,444377266.000
-0.470,2.593,0.097,-60.317,-37.147,-5.241,444377367.000
-0.472,2.594,0.088,-60.213,-37.094,-5.277,444377466.000
-0.466,2.590,0.093,-60.138,-37.090,-5.248,444377566.000
-0.468,2.589,0.098,-60.077,-37.036,-5.238,444377666.000
-0.464,2.583,0.093,-60.010,-37.004,-5.254,444377766.000
-0.462,2.582,0.093,-59.893,-36.992,-5.244,444377866.000
-0.464,2.578,0.093,-59.889,-36.930,-5.243,444377967.000
-0.466,2.574,0.095,-59.815,-36.908,-5.215,444378067.000
-0.464,2.570,0.098,-59.741,-36.864,-5.186,444378167.000
-0.464,2.567,0.091,-59.673,-36.815,-5.222,444378266.000
-0.467,2.571,0.093,-59.568,-36.769,-5.221,444378366.000
-0.462,2.563,0.086,-59.530,-36.746,-5.219,444378465.000
-0.463,2.561,0.091,-59.476,-36.704,-5.200,444378566.000
-0.465,2.557,0.093,-59.430,-36.682,-5.200,444378666.000
-0.461,2.554,0.091,-59.320,-36.618,-5.179,444378766.000
-0.463,2.553,0.088,-59.273,-36.589,-5.169,444378866.000
-0.459,2.550,0.093,-59.205,-36.597,-5.150,444378966.000
-0.463,2.545,0.086,-59.152,-36.523,-5.167,444379066.000
-0.461,2.543,0.089,-59.077,-36.502,-5.157,444379165.000
-0.457,2.541,0.089,-59.023,-36.454,-5.165,444379266.000
-0.461,2.543,0.086,-58.884,-36.436,-5.155,444379366.000
-0.455,2.539,0.086,-58.878,-36.425,-5.154,444379465.000
-0.459,2.534,0.086,-58.826,-36.351,-5.144,444379567.000
-0.455,2.529,0.084,-58.773,-36.359,-5.133,444379666.000
-0.458,2.528,0.091,-58.725,-36.297,-5.096,444379766.000
-0.458,2.525,0.091,-58.644,-36.272,-5.104,444379866.000
-0.455,2.526,0.084,-58.567,-36.260,-5.112,444379967.000
-0.456,2.526,0.087,-58.511,-36.227,-5.084,444380066.000
-0.454,2.519,0.087,-58.466,-36.191,-5.092,444380165.000
-0.456,2.515,0.087,-58.420,-36.153,-5.091,444380267.000
-0.458,2.517,0.084,-58.344,-36.100,-5.100,444380365.000
-0.452,2.515,0.092,-58.255,-36.112,-5.089,444380466.000
-0.454,2.511,0.079,-58.222,-36.067,-5.088,444380565.000
-0.454,2.509,0.084,-58.195,-36.026,-5.069,444380665.000
-0.454,2.506,0.087,-58.114,-35.968,-5.077,444380766.000
-0.454,2.501,0.087,-58.076,-35.944,-5.067,444380867.000
-0.452,2.502,0.085,-57.998,-35.916,-5.048,444380965.000
-0.448,2.494,0.087,-58.002,-35.932,-5.047,444381066.000
-0.450,2.495,0.090,-57.926,-35.862,-5.027,444381165.000
-0.453,2.497,0.087,-57.849,-35.857,-5.036,444381266.000
-0.453,2.494,0.087,-57.781,-35.808,-5.017,444381365.000
-0.451,2.490,0.085,-57.762,-35.780,-5.016,444381466.000
-0.451,2.487,0.087,-57.695,-35.747,-5.024,444381566.000
-0.453,2.483,0.085,-57.676,-35.693,-5.024,444381666.000
-0.451,2.487,0.085,-57.584,-35.681,-5.023,444381767.000
-0.449,2.481,0.080,-57.566,-35.661,-5.003,444381866.000
-0.449,2.481,0.083,-57.484,-35.628,-5.002,444381965.000
-0.445,2.478,0.078,-57.456,-35.597,-4.983,444382066.000
-0.449,2.473,0.085,-57.432,-35.570,-4.973,444382166.000
-0.449,2.473,0.075,-57.335,-35.578,-5.000,444382265.000
-0.445,2.473,0.080,-57.280,-35.538,-4.999,444382365.000
-0.449,2.467,0.083,-57.242,-35.504,-4.989,444382466.000
-0.445,2.470,0.088,-57.199,-35.464,-4.951,444382566.000
-0.445,2.467,0.085,-57.145,-35.423,-4.960,444382666.000
-0.445,2.465,0.083,-57.105,-35.407,-4.968,444382766.000
-0.446,2.459,0.085,-57.066,-35.398,-4.958,444382865.000
-0.446,2.454,0.080,-57.041,-35.365,-4.948,444382966.000
-0.448,2.461,0.083,-56.948,-35.320,-4.939,444383066.000
-0.448,2.453,0.080,-56.938,-35.255,-4.938,444383165.000
-0.448,2.455,0.078,-56.840,-35.238,-4.955,444383265.000
-0.442,2.451,0.088,-56.807,-35.291,-4.927,444383366.000
-0.444,2.447,0.078,-56.761,-35.189,-4.953,444383465.000
-0.442,2.443,0.081,-56.728,-35.218,-4.925,444383565.000
-0.438,2.446,0.083,-56.657,-35.210,-4.915,444383665.000
-0.440,2.439,0.081,-56.654,-35.157,-4.923,444383766.000
-0.440,2.442,0.086,-56.584,-35.139,-4.914,444383865.000
-0.442,2.443,0.081,-56.521,-35.094,-4.895,444383966.000
-0.440,2.439,0.079,-56.502,-35.066,-4.921,444384066.000
-0.442,2.438,0.076,-56.454,-35.037,-4.912,444384166.000
-0.440,2.436,0.076,-56.392,-35.025,-4.902,444384266.000
-0.440,2.431,0.084,-56.382,-35.000,-4.892,444384367.000
-0.445,2.426,0.081,-56.343,-34.934,-4.882,444384466.000
-0.443,2.427,0.081,-56.294,-34.922,-4.891,444384566.000
-0.436,2.429,0.081,-56.244,-34.935,-4.871,444384666.000
-0.439,2.424,0.079,-56.198,-34.882,-4.898,444384766.000
-0.439,2.425,0.079,-56.184,-34.857,-4.870,444384867.000
-0.443,2.419,0.079,-56.133,-34.831,-4.888,444384966.000
-0.441,2.420,0.071,-56.082,-34.771,-4.869,444385066.000
-0.439,2.414,0.081,-56.052,-34.774,-4.877,444385166.000
-0.437,2.415,0.079,-55.989,-34.771,-4.858,444385266.000
-0.435,2.414,0.069,-55.968,-34.768,-4.903,444385367.000
-0.437,2.412,0.074,-55.907,-34.714,-4.866,444385467.000
-0.437,2.412,0.074,-55.852,-34.665,-4.865,444385566.000
-0.437,2.410,0.079,-55.826,-34.672,-4.846,444385666.000
-0.437,2.410,0.072,-55.784,-34.648,-4.846,444385766.000
-0.435,2.408,0.074,-55.722,-34.652,-4.863,444385867.000
-0.433,2.407,0.082,-55.675,-34.615,-4.825,444385966.000
-0.435,2.401,0.079,-55.685,-34.586,-4.834,444386066.000
-0.431,2.398,0.079,-55.644,-34.562,-4.814,444386166.000
-0.438,2.399,0.082,-55.596,-34.515,-4.796,444386266.000
-0.436,2.398,0.074,-55.534,-34.504,-4.814,444386367.000
-0.433,2.394,0.072,-55.515,-34.476,-4.813,444386467.000
-0.434,2.396,0.075,-55.459,-34.467,-4.831,444386567.000
-0.436,2.398,0.079,-55.410,-34.413,-4.812,444386666.000
-0.438,2.391,0.074,-55.379,-34.392,-4.793,444386766.000
-0.434,2.396,0.077,-55.307,-34.409,-4.801,444386866.000
-0.432,2.387,0.075,-55.346,-34.382,-4.792,444386967.000
-0.432,2.387,0.077,-55.291,-34.348,-4.791,444387067.000
-0.432,2.390,0.080,-55.234,-34.340,-4.809,444387166.000
-0.430,2.383,0.075,-55.189,-34.320,-4.789,444387266.000
-0.432,2.379,0.072,-55.184,-34.291,-4.789,444387367.000
-0.434,2.383,0.080,-55.134,-34.277,-4.789,444387466.000
-0.432,2.379,0.077,-55.101,-34.225,-4.788,444387566.000
-0.434,2.378,0.080,-55.068,-34.204,-4.778,444387666.000
-0.434,2.378,0.072,-54.998,-34.179,-4.778,444387766.000
-0.428,2.376,0.075,-55.005,-34.185,-4.768,444387867.000
-0.428,2.366,0.075,-54.997,-34.160,-4.776,444387966.000
-0.426,2.372,0.077,-54.945,-34.164,-4.766,444388066.000
-0.430,2.367,0.070,-54.934,-34.115,-4.785,444388166.000
-0.430,2.370,0.072,-54.864,-34.082,-4.747,444388266.000
-0.428,2.363,0.070,-54.818,-34.078,-4.755,444388367.000
-0.431,2.370,0.075,-54.767,-34.024,-4.746,444388467.000
-0.433,2.363,0.075,-54.750,-34.011,-4.755,444388566.000
-0.426,2.362,0.073,-54.743,-34.009,-4.744,444388667.000
-0.429,2.363,0.070,-54.666,-34.004,-4.726,444388766.000
-0.429,2.358,0.075,-54.656,-33.962,-4.743,444388866.000
-0.427,2.356,0.070,-54.635,-33.943,-4.734,444388966.000
-0.429,2.355,0.073,-54.588,-33.946,-4.724,444389066.000
-0.427,2.356,0.075,-54.553,-33.926,-4.733,444389166.000
-0.425,2.355,0.078,-54.505,-33.905,-4.722,444389266.000
-0.427,2.351,0.073,-54.473,-33.860,-4.750,444389366.000
-0.429,2.350,0.073,-54.439,-33.823,-4.740,444389467.000
-0.427,2.353,0.073,-54.402,-33.811,-4.740,444389566.000
-0.427,2.354,0.073,-54.360,-33.787,-4.711,444389667.000
-0.429,2.352,0.073,-54.327,-33.749,-4.730,444389767.000
-0.427,2.346,0.075,-54.323,-33.753,-4.710,444389866.000
-0.425,2.342,0.066,-54.290,-33.750,-4.710,444389966.000
-0.425,2.344,0.073,-54.262,-33.725,-4.755,444390067.000
-0.423,2.351,0.073,-54.182,-33.713,-4.718,444390167.000
-0.428,2.340,0.071,-54.188,-33.671,-4.699,444390266.000
-0.423,2.340,0.071,-54.173,-33.672,-4.698,444390367.000
-0.423,2.340,0.068,-54.118,-33.656,-4.698,444390467.000
-0.419,2.338,0.073,-54.078,-33.664,-4.706,444390566.000
-0.421,2.331,0.071,-54.074,-33.611,-4.687,444390666.000
-0.426,2.334,0.076,-54.018,-33.593,-4.678,444390767.000
-0.424,2.332,0.071,-53.998,-33.573,-4.696,444390867.000
-0.421,2.334,0.064,-53.962,-33.586,-4.705,444390966.000
-0.424,2.330,0.076,-53.944,-33.532,-4.676,444391066.000
-0.424,2.332,0.068,-53.901,-33.532,-4.695,444391167.000
-0.424,2.324,0.066,-53.891,-33.516,-4.666,444391266.000
-0.422,2.323,0.074,-53.844,-33.479,-4.684,444391367.000
-0.420,2.324,0.071,-53.795,-33.499,-4.692,444391467.000
-0.422,2.320,0.074,-53.776,-33.429,-4.664,444391567.000
-0.420,2.322,0.074,-53.754,-33.418,-4.673,444391666.000
-0.420,2.322,0.079,-53.699,-33.401,-4.645,444391766.000
-0.422,2.318,0.071,-53.694,-33.388,-4.672,444391867.000
-0.420,2.319,0.074,-53.659,-33.368,-4.653,444391966.000
-0.416,2.316,0.071,-53.618,-33.377,-4.661,444392067.000
-0.420,2.319,0.074,-53.562,-33.343,-4.652,444392167.000
-0.420,2.314,0.064,-53.564,-33.328,-4.643,444392266.000
-0.420,2.314,0.071,-53.523,-33.302,-4.642,444392367.000
-0.418,2.307,0.071,-53.534,-33.266,-4.650,444392466.000
-0.418,2.312,0.071,-53.448,-33.266,-4.659,444392567.000
-0.420,2.311,0.066,-53.442,-33.197,-4.650,444392667.000
-0.418,2.310,0.069,-53.421,-33.225,-4.640,444392767.000
-0.418,2.304,0.071,-53.410,-33.216,-4.630,444392867.000
-0.421,2.305,0.069,-53.362,-33.163,-4.639,444392967.000
-0.416,2.306,0.067,-53.333,-33.172,-4.638,444393066.000
-0.414,2.304,0.072,-53.300,-33.192,-4.629,444393166.000
-0.419,2.304,0.064,-53.272,-33.119,-4.628,444393266.000
-0.419,2.304,0.067,-53.217,-33.134,-4.628,444393367.000
-0.419,2.299,0.072,-53.247,-33.069,-4.618,444393466.000
-0.417,2.292,0.072,-53.230,-33.081,-4.627,444393567.000
-0.417,2.300,0.059,-53.143,-33.074,-4.654,444393667.000
-0.414,2.301,0.067,-53.080,-33.086,-4.607,444393766.000
-0.417,2.297,0.069,-53.103,-32.992,-4.607,444393866.000
-0.419,2.293,0.062,-53.084,-33.004,-4.607,444393967.000
-0.415,2.291,0.064,-53.071,-32.996,-4.615,444394066.000
-0.415,2.293,0.072,-53.029,-32.995,-4.606,444394167.000
-0.410,2.291,0.065,-53.002,-32.997,-4.642,444394266.000
-0.417,2.287,0.064,-52.984,-32.934,-4.614,444394367.000
-0.413,2.289,0.067,-52.927,-32.951,-4.604,444394466.000
-0.413,2.287,0.067,-52.901,-32.926,-4.613,444394567.000
-0.411,2.288,0.067,-52.892,-32.890,-4.594,444394666.000
-0.415,2.285,0.067,-52.853,-32.864,-4.603,444394767.000
-0.413,2.279,0.062,-52.877,-32.869,-4.612,444394866.000
-0.411,2.280,0.070,-52.828,-32.857,-4.592,444394967.000
-0.409,2.279,0.062,-52.793,-32.845,-4.583,444395067.000
-0.411,2.275,0.065,-52.775,-32.824,-4.582,444395166.000
-0.411,2.283,0.070,-52.702,-32.807,-4.582,444395266.000
-0.411,2.280,0.062,-52.675,-32.783,-4.591,444395366.000
-0.409,2.279,0.067,-52.655,-32.779,-4.553,444395466.000
-0.413,2.276,0.065,-52.643,-32.737,-4.590,444395567.000
-0.411,2.275,0.065,-52.637,-32.726,-4.608,444395667.000
-0.416,2.272,0.062,-52.597,-32.684,-4.589,444395767.000
-0.409,2.271,0.065,-52.590,-32.714,-4.579,444395866.000
-0.409,2.271,0.062,-52.549,-32.673,-4.606,444395967.000
-0.412,2.272,0.067,-52.514,-32.643,-4.588,444396066.000
-0.409,2.271,0.065,-52.480,-32.664,-4.578,444396166.000
-0.407,2.267,0.060,-52.474,-32.645,-4.577,444396266.000
-0.407,2.269,0.070,-52.474,-32.636,-4.568,444396366.000
-0.405,2.265,0.067,-52.413,-32.632,-4.567,444396466.000
-0.405,2.268,0.055,-52.356,-32.624,-4.585,444396567.000
-0.405,2.263,0.065,-52.373,-32.615,-4.576,444396666.000
-0.405,2.265,0.068,-52.303,-32.582,-4.566,444396767.000
-0.408,2.259,0.063,-52.340,-32.538,-4.547,444396866.000
-0.410,2.257,0.070,-52.321,-32.524,-4.566,444396966.000
-0.412,2.261,0.073,-52.244,-32.478,-4.565,444397066.000
-0.408,2.261,0.065,-52.215,-32.504,-4.565,444397167.000
-0.410,2.257,0.058,-52.224,-32.468,-4.537,444397266.000
-0.404,2.254,0.070,-52.219,-32.488,-4.536,444397366.000
-0.408,2.253,0.065,-52.191,-32.431,-4.536,444397466.000
-0.406,2.252,0.065,-52.143,-32.443,-4.526,444397566.000
-0.408,2.251,0.063,-52.124,-32.414,-4.544,444397667.000
-0.404,2.253,0.060,-52.080,-32.423,-4.506,444397767.000
-0.408,2.253,0.060,-52.039,-32.373,-4.534,444397866.000
-0.404,2.248,0.065,-52.069,-32.382,-4.524,444397966.000
-0.406,2.249,0.060,-51.979,-32.385,-4.533,444398066.000
-0.402,2.244,0.063,-51.995,-32.354,-4.495,444398167.000
-0.408,2.251,0.060,-51.930,-32.299,-4.514,444398267.000
-0.406,2.249,0.063,-51.910,-32.327,-4.532,444398366.000
-0.402,2.247,0.063,-51.897,-32.304,-4.540,444398466.000
-0.413,2.245,0.065,-51.892,-32.232,-4.504,444398566.000
-0.402,2.244,0.063,-51.871,-32.280,-4.521,444398666.000
-0.407,2.239,0.060,-51.860,-32.214,-4.512,444398766.000
-0.407,2.239,0.058,-51.819,-32.221,-4.539,444398866.000
-0.402,2.239,0.066,-51.777,-32.222,-4.510,444398967.000
-0.402,2.239,0.066,-51.791,-32.197,-4.510,444399066.000
-0.402,2.239,0.063,-51.735,-32.181,-4.510,444399167.000
-0.407,2.238,0.066,-51.695,-32.147,-4.510,444399266.000
-0.405,2.237,0.066,-51.674,-32.159,-4.500,444399366.000
-0.405,2.237,0.066,-51.633,-32.135,-4.500,444399466.000
-0.403,2.233,0.066,-51.642,-32.123,-4.499,444399566.000
-0.403,2.233,0.066,-51.600,-32.098,-4.471,444399666.000
-0.403,2.231,0.066,-51.574,-32.074,-4.507,444399767.000
-0.403,2.228,0.071,-51.589,-32.057,-4.488,444399867.000
-0.405,2.232,0.063,-51.539,-32.045,-4.489,444399966.000
-0.401,2.229,0.063,-51.498,-32.070,-4.469,444400066.000
-0.405,2.232,0.061,-51.456,-32.028,-4.488,444400166.000
-0.401,2.224,0.058,-51.473,-32.037,-4.487,444400266.000
-0.401,2.227,0.058,-51.416,-32.013,-4.477,444400367.000
-0.401,2.224,0.059,-51.390,-31.988,-4.486,444400466.000
-0.403,2.222,0.066,-51.385,-31.950,-4.504,444400567.000
-0.401,2.224,0.064,-51.349,-31.947,-4.485,444400667.000
-0.401,2.221,0.063,-51.336,-31.947,-4.466,444400766.000
-0.401,2.224,0.066,-51.294,-31.914,-4.457,444400866.000
-0.399,2.217,0.059,-51.276,-31.878,-4.465,444400966.000
-0.399,2.217,0.064,-51.262,-31.886,-4.465,444401066.000
-0.399,2.217,0.064,-51.235,-31.885,-4.465,444401166.000
-0.401,2.218,0.061,-51.200,-31.856,-4.474,444401267.000
-0.397,2.216,0.066,-51.173,-31.841,-4.454,444401367.000
-0.399,2.214,0.061,-51.139,-31.820,-4.472,444401466.000
-0.401,2.213,0.064,-51.134,-31.799,-4.463,444401566.000
-0.399,2.214,0.064,-51.098,-31.811,-4.472,444401667.000
-0.397,2.216,0.064,-51.076,-31.800,-4.453,444401768.000
-0.402,2.213,0.056,-51.050,-31.750,-4.462,444401867.000
-0.400,2.209,0.066,-51.032,-31.753,-4.461,444401968.000
-0.395,2.206,0.056,-51.032,-31.739,-4.470,444402068.000
-0.402,2.205,0.064,-50.986,-31.700,-4.461,444402168.000
-0.398,2.203,0.061,-50.973,-31.709,-4.442,444402268.000
-0.398,2.208,0.059,-50.915,-31.693,-4.450,444402367.000
-0.395,2.206,0.064,-50.922,-31.689,-4.441,444402467.000
-0.400,2.206,0.064,-50.854,-31.639,-4.440,444402567.000
-0.398,2.200,0.059,-50.877,-31.644,-4.449,444402667.000
-0.396,2.201,0.062,-50.842,-31.624,-4.458,444402767.000
-0.398,2.200,0.059,-50.794,-31.594,-4.448,444402868.000
-0.396,2.198,0.059,-50.802,-31.607,-4.439,444402967.000
-0.394,2.197,0.059,-50.767,-31.595,-4.429,444403067.000
-0.396,2.193,0.064,-50.777,-31.590,-4.429,444403167.000
-0.394,2.194,0.062,-50.728,-31.562,-4.437,444403267.000
-0.398,2.194,0.057,-50.686,-31.529,-4.437,444403367.000
-0.396,2.193,0.057,-50.694,-31.541,-4.456,444403468.000
-0.392,2.196,0.054,-50.623,-31.550,-4.445,444403568.000
-0.392,2.193,0.057,-50.624,-31.542,-4.427,444403667.000
-0.392,2.190,0.062,-50.598,-31.501,-4.435,444403768.000
-0.392,2.188,0.059,-50.586,-31.485,-4.416,444403867.000
-0.394,2.189,0.062,-50.565,-31.463,-4.426,444403967.000
-0.390,2.184,0.057,-50.539,-31.456,-4.415,444404067.000
-0.394,2.187,0.064,-50.497,-31.430,-4.379,444404167.000
-0.394,2.189,0.059,-50.468,-31.422,-4.425,444404267.000
-0.392,2.183,0.059,-50.492,-31.411,-4.406,444404368.000
-0.390,2.181,0.054,-50.457,-31.415,-4.396,444404467.000
-0.392,2.182,0.064,-50.409,-31.393,-4.405,444404568.000
-0.390,2.178,0.055,-50.389,-31.366,-4.404,444404668.000
-0.392,2.185,0.062,-50.338,-31.328,-4.395,444404768.000
-0.392,2.182,0.057,-50.326,-31.345,-4.404,444404866.000
-0.392,2.180,0.062,-50.300,-31.303,-4.384,444404967.000
-0.397,2.177,0.057,-50.288,-31.294,-4.394,444405067.000
-0.390,2.176,0.057,-50.253,-31.308,-4.384,444405168.000
-0.395,2.176,0.057,-50.240,-31.258,-4.384,444405267.000
-0.388,2.172,0.057,-50.234,-31.296,-4.383,444405367.000
-0.391,2.173,0.055,-50.226,-31.219,-4.364,444405468.000
-0.391,2.173,0.057,-50.158,-31.210,-4.391,444405567.000
-0.395,2.168,0.065,-50.161,-31.183,-4.382,444405668.000
-0.391,2.173,0.057,-50.116,-31.185,-4.391,444405766.000
-0.393,2.166,0.060,-50.113,-31.164,-4.372,444405867.000
-0.393,2.166,0.060,-50.072,-31.139,-4.371,444405967.000
-0.389,2.169,0.052,-50.042,-31.141,-4.389,444406066.000
-0.391,2.168,0.057,-50.009,-31.135,-4.380,444406167.000
-0.389,2.166,0.060,-49.988,-31.115,-4.370,444406267.000
-0.387,2.168,0.060,-49.981,-31.128,-4.379,444406366.000
-0.391,2.165,0.060,-49.941,-31.102,-4.360,444406466.000
-0.387,2.167,0.060,-49.898,-31.079,-4.378,444406567.000
-0.391,2.162,0.055,-49.914,-31.045,-4.369,444406668.000
-0.391,2.160,0.057,-49.916,-31.037,-4.350,444406767.000
-0.389,2.158,0.060,-49.868,-31.017,-4.340,444406866.000
-0.389,2.158,0.065,-49.841,-31.048,-4.340,444406966.000
-0.393,2.158,0.055,-49.827,-30.983,-4.368,444407067.000
-0.385,2.158,0.060,-49.771,-31.017,-4.339,444407166.000
-0.389,2.156,0.050,-49.786,-30.976,-4.348,444407266.000
-0.391,2.157,0.058,-49.737,-30.938,-4.329,444407366.000
-0.389,2.158,0.055,-49.688,-30.910,-4.338,444407467.000
-0.387,2.154,0.060,-49.698,-30.931,-4.365,444407566.000
-0.385,2.150,0.060,-49.706,-30.919,-4.364,444407666.000
-0.383,2.149,0.060,-49.672,-30.907,-4.327,444407767.000
-0.387,2.151,0.053,-49.643,-30.906,-4.374,444407867.000
-0.383,2.146,0.058,-49.631,-30.891,-4.335,444407966.000
-0.385,2.148,0.058,-49.596,-30.878,-4.317,444408067.000
-0.392,2.151,0.055,-49.561,-30.799,-4.345,444408166.000
-0.383,2.144,0.058,-49.592,-30.842,-4.344,444408266.000
-0.385,2.145,0.060,-49.515,-30.820,-4.325,444408366.000
-0.388,2.146,0.065,-49.522,-30.815,-4.335,444408467.000
-0.385,2.145,0.055,-49.473,-30.812,-4.325,444408566.000
-0.383,2.141,0.055,-49.441,-30.824,-4.324,444408668.000
-0.388,2.144,0.055,-49.426,-30.750,-4.315,444408766.000
-0.383,2.141,0.055,-49.413,-30.775,-4.323,444408866.000
-0.386,2.145,0.058,-49.336,-30.729,-4.323,444408966.000
-0.386,2.140,0.055,-49.324,-30.737,-4.313,444409066.000
-0.384,2.138,0.058,-49.304,-30.717,-4.331,444409166.000
-0.386,2.132,0.053,-49.370,-30.673,-4.313,444409266.000
-0.388,2.136,0.058,-49.306,-30.667,-4.313,444409366.000
-0.386,2.134,0.051,-49.272,-30.656,-4.330,444409466.000
-0.380,2.135,0.056,-49.222,-30.653,-4.311,444409566.000
-0.382,2.132,0.056,-49.217,-30.640,-4.311,444409667.000
-0.382,2.129,0.058,-49.191,-30.632,-4.292,444409767.000
-0.382,2.137,0.053,-49.146,-30.600,-4.319,444409866.000
-0.380,2.128,0.061,-49.143,-30.611,-4.281,444409966.000
-0.382,2.129,0.061,-49.122,-30.574,-4.291,444410066.000
-0.380,2.130,0.058,-49.087,-30.570,-4.327,444410166.000
-0.386,2.129,0.053,-49.081,-30.525,-4.291,444410267.000
-0.384,2.127,0.058,-49.061,-30.521,-4.281,444410366.000
-0.382,2.124,0.053,-49.042,-30.525,-4.308,444410466.000
-0.382,2.126,0.058,-49.000,-30.508,-4.298,444410566.000
-0.378,2.126,0.051,-48.998,-30.534,-4.298,444410667.000
-0.378,2.124,0.056,-48.972,-30.493,-4.279,444410766.000
-0.380,2.120,0.061,-48.982,-30.488,-4.279,444410866.000
-0.378,2.123,0.053,-48.917,-30.477,-4.278,444410967.000
-0.380,2.122,0.051,-48.897,-30.448,-4.296,444411067.000
-0.378,2.118,0.054,-48.906,-30.404,-4.296,444411167.000
-0.380,2.119,0.053,-48.857,-30.415,-4.277,444411267.000
-0.380,2.119,0.058,-48.830,-30.398,-4.277,444411366.000
-0.380,2.122,0.056,-48.814,-30.382,-4.267,444411466.000
-0.378,2.118,0.059,-48.796,-30.386,-4.294,444411566.000
-0.378,2.118,0.054,-48.754,-30.378,-4.266,444411666.000
-0.380,2.114,0.049,-48.777,-30.333,-4.294,444411766.000
-0.376,2.112,0.059,-48.751,-30.349,-4.275,444411866.000
-0.383,2.115,0.054,-48.715,-30.303,-4.275,444411967.000
-0.372,2.117,0.049,-48.664,-30.359,-4.311,444412067.000
-0.381,2.114,0.051,-48.653,-30.275,-4.265,444412167.000
-0.379,2.110,0.054,-48.661,-30.280,-4.264,444412266.000
-0.379,2.110,0.059,-48.634,-30.263,-4.264,444412366.000
-0.381,2.109,0.049,-48.614,-30.235,-4.255,444412466.000
-0.379,2.110,0.061,-48.565,-30.254,-4.236,444412567.000
-0.377,2.106,0.044,-48.601,-30.228,-4.291,444412667.000
-0.379,2.105,0.054,-48.554,-30.181,-4.253,444412767.000
-0.379,2.107,0.054,-48.525,-30.205,-4.244,444412867.000
-0.379,2.107,0.054,-48.497,-30.157,-4.244,444412966.000
-0.377,2.103,0.059,-48.493,-30.201,-4.271,444413067.000
-0.381,2.103,0.049,-48.451,-30.136,-4.271,444413167.000
-0.375,2.102,0.051,-48.430,-30.189,-4.261,444413267.000
-0.379,2.099,0.054,-48.446,-30.132,-4.242,444413367.000
-0.377,2.103,0.049,-48.381,-30.136,-4.242,444413467.000
-0.379,2.094,0.051,-48.421,-30.115,-4.233,444413567.000
-0.377,2.095,0.056,-48.386,-30.111,-4.241,444413666.000
-0.377,2.098,0.054,-48.343,-30.095,-4.232,444413766.000
-0.377,2.098,0.056,-48.329,-30.086,-4.232,444413867.000
-0.377,2.095,0.054,-48.303,-30.094,-4.240,444413966.000
-0.381,2.095,0.056,-48.304,-30.036,-4.241,444414067.000
-0.379,2.094,0.052,-48.269,-30.041,-4.231,444414167.000
-0.377,2.095,0.052,-48.220,-30.077,-4.240,444414267.000
-0.377,2.093,0.052,-48.221,-30.053,-4.249,444414366.000
-0.375,2.089,0.052,-48.216,-30.066,-4.248,444414467.000
-0.375,2.094,0.049,-48.158,-30.001,-4.229,444414566.000
-0.377,2.090,0.057,-48.181,-29.987,-4.229,444414666.000
-0.375,2.091,0.059,-48.132,-29.992,-4.210,444414767.000
-0.371,2.086,0.047,-48.120,-30.010,-4.228,444414867.000
-0.375,2.086,0.052,-48.107,-29.992,-4.228,444414966.000
-0.378,2.087,0.052,-48.072,-29.930,-4.209,444415066.000
-0.378,2.087,0.047,-48.058,-29.922,-4.209,444415167.000
-0.375,2.086,0.052,-48.051,-29.943,-4.200,444415266.000
-0.375,2.086,0.057,-47.997,-29.926,-4.199,444415366.000
-0.380,2.083,0.047,-48.012,-29.885,-4.208,444415467.000
-0.378,2.085,0.049,-47.990,-29.889,-4.217,444415566.000
-0.373,2.079,0.057,-47.979,-29.889,-4.179,444415667.000
-0.376,2.083,0.052,-47.942,-29.869,-4.207,444415766.000
-0.374,2.085,0.052,-47.893,-29.857,-4.188,444415867.000
-0.373,2.084,0.049,-47.879,-29.865,-4.216,444415967.000
-0.374,2.079,0.054,-47.896,-29.824,-4.206,444416066.000
-0.376,2.078,0.054,-47.876,-29.811,-4.197,444416166.000
-0.374,2.082,0.054,-47.839,-29.848,-4.196,444416266.000
-0.374,2.074,0.052,-47.843,-29.807,-4.196,444416366.000
-0.376,2.078,0.052,-47.807,-29.770,-4.196,444416466.000
-0.376,2.075,0.052,-47.808,-29.794,-4.177,444416566.000
-0.372,2.078,0.047,-47.765,-29.788,-4.195,444416667.000
-0.374,2.074,0.055,-47.761,-29.774,-4.195,444416766.000
-0.372,2.073,0.055,-47.727,-29.762,-4.185,444416866.000
-0.372,2.075,0.050,-47.697,-29.754,-4.175,444416967.000
-0.376,2.070,0.052,-47.673,-29.696,-4.194,444417067.000
-0.374,2.071,0.052,-47.665,-29.708,-4.175,444417166.000
-0.370,2.071,0.052,-47.637,-29.734,-4.202,444417266.000
-0.374,2.066,0.052,-47.654,-29.684,-4.165,444417366.000
-0.374,2.066,0.050,-47.627,-29.668,-4.192,444417466.000
-0.370,2.069,0.050,-47.583,-29.693,-4.183,444417566.000
-0.370,2.069,0.047,-47.597,-29.701,-4.183,444417666.000
-0.370,2.066,0.050,-47.557,-29.668,-4.164,444417766.000
-0.370,2.068,0.047,-47.514,-29.652,-4.182,444417867.000
-0.372,2.065,0.047,-47.496,-29.663,-4.182,444417966.000
-0.372,2.067,0.050,-47.508,-29.631,-4.145,444418066.000
-0.370,2.066,0.045,-47.446,-29.635,-4.162,444418167.000
-0.370,2.063,0.052,-47.434,-29.634,-4.171,444418267.000
-0.375,2.061,0.050,-47.449,-29.544,-4.153,444418366.000
-0.372,2.064,0.050,-47.385,-29.581,-4.152,444418467.000
-0.370,2.061,0.052,-47.366,-29.585,-4.152,444418567.000
-0.372,2.064,0.050,-47.357,-29.532,-4.152,444418667.000
-0.370,2.055,0.047,-47.355,-29.577,-4.170,444418767.000
-0.370,2.053,0.055,-47.398,-29.528,-4.151,444418866.000
-0.370,2.058,0.048,-47.312,-29.577,-4.160,444418967.000
-0.373,2.054,0.050,-47.294,-29.507,-4.160,444419067.000
-0.370,2.053,0.045,-47.315,-29.512,-4.178,444419166.000
-0.370,2.058,0.048,-47.257,-29.528,-4.160,444419267.000
-0.368,2.056,0.050,-47.237,-29.508,-4.150,444419368.000
-0.371,2.050,0.052,-47.261,-29.487,-4.131,444419467.000
-0.370,2.053,0.053,-47.219,-29.486,-4.149,444419568.000
-0.368,2.056,0.050,-47.182,-29.459,-4.149,444419667.000
-0.371,2.053,0.053,-47.177,-29.462,-4.121,444419768.000
-0.371,2.052,0.053,-47.163,-29.437,-4.149,444419867.000
-0.368,2.051,0.045,-47.115,-29.450,-4.139,444419967.000
-0.368,2.054,0.053,-47.100,-29.449,-4.129,444420067.000
-0.364,2.051,0.055,-47.087,-29.442,-4.110,444420167.000
-0.364,2.051,0.048,-47.073,-29.467,-4.138,444420267.000
-0.366,2.047,0.048,-47.055,-29.429,-4.137,444420367.000
-0.367,2.045,0.050,-47.070,-29.397,-4.119,444420467.000
-0.366,2.047,0.053,-47.027,-29.413,-4.109,444420567.000
-0.369,2.048,0.048,-46.992,-29.368,-4.118,444420667.000
-0.369,2.043,0.045,-47.064,-29.328,-4.137,444420767.000
-0.369,2.048,0.048,-46.992,-29.319,-4.118,444420867.000
-0.367,2.050,0.053,-46.971,-29.339,-4.127,444420967.000
-0.369,2.046,0.053,-46.966,-29.326,-4.127,444421067.000
-0.367,2.044,0.053,-46.960,-29.315,-4.117,444421168.000
-0.369,2.043,0.043,-46.939,-29.287,-4.108,444421268.000
-0.371,2.044,0.053,-46.932,-29.289,-4.090,444421367.000
-0.367,2.042,0.045,-46.878,-29.290,-4.125,444421468.000
-0.365,2.040,0.050,-46.858,-29.286,-4.116,444421568.000
-0.367,2.042,0.053,-46.851,-29.289,-4.125,444421667.000
-0.369,2.038,0.050,-46.860,-29.285,-4.125,444421767.000
-0.371,2.037,0.050,-46.853,-29.248,-4.088,444421868.000
-0.367,2.036,0.050,-46.798,-29.224,-4.087,444421968.000
-0.367,2.039,0.053,-46.769,-29.216,-4.078,444422067.000
-0.363,2.037,0.053,-46.797,-29.266,-4.087,444422167.000
-0.369,2.038,0.050,-46.735,-29.211,-4.096,444422268.000
-0.367,2.036,0.048,-46.701,-29.183,-4.086,444422368.000
-0.371,2.036,0.048,-46.674,-29.206,-4.087,444422468.000
-0.367,2.039,0.048,-46.644,-29.207,-4.077,444422567.000
-0.367,2.036,0.051,-46.673,-29.199,-4.086,444422668.000
-0.365,2.033,0.050,-46.682,-29.236,-4.058,444422768.000
-0.367,2.029,0.051,-46.581,-29.198,-4.057,444422867.000
-0.365,2.027,0.053,-46.574,-29.202,-4.047,444422968.000
-0.369,2.025,0.046,-46.576,-29.153,-4.057,444423068.000
-0.365,2.032,0.051,-46.475,-29.161,-4.083,444423168.000
-0.367,2.028,0.048,-46.498,-29.132,-4.056,444423267.000
-0.365,2.030,0.051,-46.490,-29.113,-4.064,444423367.000
-0.367,2.023,0.053,-46.473,-29.115,-4.046,444423468.000
-0.368,2.023,0.043,-46.486,-29.076,-4.046,444423568.000
-0.370,2.030,0.058,-46.422,-29.062,-4.036,444423668.000
-0.368,2.023,0.043,-46.404,-29.075,-4.073,444423768.000
-0.363,2.023,0.051,-46.417,-29.076,-4.072,444423867.000
-0.365,2.022,0.046,-46.411,-29.055,-4.063,444423968.000
-0.368,2.020,0.043,-46.377,-29.050,-4.054,444424067.000
-0.363,2.018,0.048,-46.392,-29.059,-4.062,444424167.000
-0.361,2.022,0.048,-46.342,-29.072,-4.062,444424267.000
-0.363,2.020,0.048,-46.336,-29.035,-4.053,444424367.000
-0.368,2.020,0.048,-46.309,-29.009,-4.053,444424468.000
-0.366,2.016,0.048,-46.290,-28.997,-4.052,444424567.000
-0.364,2.018,0.051,-46.296,-29.002,-4.033,444424667.000
-0.366,2.019,0.048,-46.247,-28.997,-4.043,444424767.000
-0.366,2.016,0.048,-46.248,-28.972,-4.051,444424868.000
-0.361,2.016,0.048,-46.248,-28.998,-4.051,444424967.000
-0.366,2.016,0.046,-46.206,-28.932,-4.023,444425067.000
-0.364,2.015,0.048,-46.200,-28.985,-4.014,444425168.000
-0.362,2.014,0.044,-46.179,-28.965,-4.032,444425267.000
-0.366,2.014,0.046,-46.153,-28.955,-4.032,444425367.000
-0.362,2.011,0.041,-46.181,-28.925,-4.040,444425467.000
-0.364,2.012,0.048,-46.146,-28.911,-4.022,444425568.000
-0.368,2.012,0.048,-46.119,-28.885,-4.022,444425667.000
-0.364,2.012,0.049,-46.105,-28.887,-4.021,444425768.000
-0.364,2.010,0.044,-46.092,-28.903,-4.031,444425868.000
-0.364,2.012,0.044,-46.063,-28.879,-4.021,444425967.000
-0.364,2.010,0.044,-46.078,-28.879,-4.030,444426067.000
-0.364,2.007,0.049,-46.066,-28.862,-4.039,444426167.000
-0.360,2.007,0.044,-46.038,-28.903,-4.039,444426268.000
-0.362,2.006,0.044,-46.004,-28.866,-4.029,444426368.000
-0.366,2.006,0.049,-46.005,-28.824,-4.029,444426468.000
-0.364,2.007,0.051,-45.983,-28.828,-4.010,444426568.000
-0.362,2.008,0.046,-45.961,-28.833,-4.019,444426668.000
-0.360,2.002,0.054,-45.958,-28.821,-4.028,444426767.000
-0.366,2.006,0.049,-45.922,-28.775,-4.001,444426868.000
-0.358,2.001,0.046,-45.937,-28.834,-4.018,444426968.000
-0.362,2.003,0.046,-45.909,-28.784,-4.009,444427067.000
-0.362,2.003,0.049,-45.909,-28.800,-4.009,444427168.000
-0.369,1.999,0.051,-45.892,-28.753,-4.009,444427267.000
-0.364,2.004,0.051,-45.860,-28.779,-3.990,444427368.000
-0.362,2.003,0.049,-45.840,-28.775,-4.008,444427468.000
-0.369,1.999,0.051,-45.850,-28.728,-4.009,444427567.000
-0.364,1.999,0.046,-45.822,-28.722,-4.008,444427668.000
-0.360,1.999,0.044,-45.793,-28.731,-3.979,444427767.000
-0.362,2.000,0.044,-45.786,-28.718,-4.017,444427868.000
-0.362,1.998,0.051,-45.788,-28.693,-3.998,444427967.000
-0.364,1.996,0.046,-45.754,-28.721,-3.989,444428068.000
-0.362,1.998,0.049,-45.746,-28.701,-3.997,444428168.000
-0.365,1.996,0.051,-45.727,-28.704,-3.988,444428268.000
-0.362,1.992,0.051,-45.721,-28.717,-3.988,444428367.000
-0.362,1.995,0.044,-45.692,-28.693,-4.006,444428467.000
-0.360,1.996,0.051,-45.643,-28.680,-3.959,444428568.000
-0.360,1.996,0.049,-45.629,-28.688,-3.987,444428668.000
-0.358,1.992,0.042,-45.624,-28.702,-3.986,444428767.000
-0.363,1.995,0.051,-45.610,-28.643,-3.977,444428867.000
-0.363,1.990,0.051,-45.613,-28.643,-3.995,444428967.000
-0.363,1.990,0.046,-45.612,-28.659,-3.968,444429067.000
-0.365,1.991,0.044,-45.550,-28.630,-4.004,444429168.000
-0.358,1.992,0.046,-45.555,-28.660,-3.958,444429267.000
-0.363,1.992,0.054,-45.528,-28.585,-3.985,444429367.000
-0.361,1.988,0.046,-45.536,-28.623,-3.957,444429468.000
-0.361,1.988,0.044,-45.508,-28.607,-3.957,444429568.000
-0.363,1.984,0.044,-45.546,-28.570,-3.985,444429667.000
-0.361,1.988,0.047,-45.495,-28.598,-3.957,444429767.000
-0.363,1.987,0.044,-45.475,-28.569,-3.975,444429867.000
-0.358,1.984,0.042,-45.475,-28.603,-3.956,444429967.000
-0.363,1.984,0.049,-45.477,-28.528,-3.956,444430068.000
-0.361,1.983,0.047,-45.456,-28.573,-3.974,444430167.000
-0.359,1.984,0.047,-45.421,-28.586,-3.956,444430267.000
-0.359,1.987,0.044,-45.378,-28.569,-3.974,444430367.000
-0.361,1.986,0.042,-45.413,-28.541,-3.965,444430467.000
-0.363,1.984,0.044,-45.366,-28.495,-3.955,444430568.000
-0.359,1.982,0.047,-45.380,-28.537,-3.936,444430667.000
-0.361,1.983,0.042,-45.345,-28.492,-3.945,444430766.000
-0.361,1.980,0.042,-45.347,-28.516,-3.955,444430867.000
-0.357,1.980,0.047,-45.333,-28.500,-3.954,444430967.000
-0.357,1.978,0.042,-45.306,-28.492,-3.963,444431067.000
-0.361,1.980,0.044,-45.278,-28.458,-3.954,444431168.000
-0.359,1.982,0.044,-45.270,-28.471,-3.935,444431267.000
-0.357,1.975,0.047,-45.294,-28.475,-3.944,444431367.000
-0.359,1.981,0.044,-45.215,-28.422,-3.962,444431467.000
-0.361,1.978,0.044,-45.224,-28.433,-3.962,444431568.000
-0.359,1.974,0.044,-45.246,-28.398,-3.934,444431667.000
-0.359,1.974,0.044,-45.260,-28.422,-3.934,444431767.000
-0.357,1.972,0.047,-45.226,-28.426,-3.952,444431868.000
-0.357,1.978,0.044,-45.182,-28.434,-3.961,444431967.000
-0.361,1.972,0.039,-45.185,-28.377,-3.952,444432066.000
-0.357,1.972,0.042,-45.171,-28.394,-3.951,444432166.000
-0.359,1.971,0.044,-45.179,-28.397,-3.942,444432267.000
-0.357,1.970,0.044,-45.145,-28.385,-3.960,444432366.000
-0.355,1.974,0.042,-45.121,-28.382,-3.932,444432467.000
-0.357,1.970,0.037,-45.131,-28.361,-3.960,444432566.000
-0.357,1.970,0.047,-45.131,-28.328,-3.932,444432666.000
-0.353,1.970,0.042,-45.102,-28.370,-3.931,444432766.000
-0.359,1.971,0.047,-45.055,-28.339,-3.941,444432867.000
-0.359,1.968,0.047,-45.043,-28.339,-3.950,444432966.000
-0.357,1.970,0.045,-45.048,-28.311,-3.931,444433066.000
-0.357,1.972,0.050,-44.992,-28.319,-3.921,444433167.000
-0.359,1.968,0.040,-45.014,-28.291,-3.921,444433267.000
-0.357,1.970,0.042,-44.979,-28.319,-3.930,444433367.000
-0.362,1.964,0.052,-44.982,-28.260,-3.893,444433467.000
-0.357,1.964,0.042,-44.981,-28.270,-3.920,444433566.000
-0.362,1.964,0.050,-44.955,-28.244,-3.921,444433666.000
-0.355,1.963,0.045,-44.947,-28.274,-3.911,444433766.000
-0.355,1.966,0.047,-44.905,-28.290,-3.929,444433866.000
-0.357,1.967,0.045,-44.897,-28.261,-3.911,444433966.000
-0.360,1.960,0.042,-44.936,-28.233,-3.948,444434066.000
-0.355,1.960,0.045,-44.880,-28.225,-3.919,444434167.000
-0.358,1.964,0.042,-44.843,-28.221,-3.919,444434266.000
-0.358,1.956,0.052,-44.917,-28.236,-3.919,444434366.000
-0.358,1.959,0.045,-44.846,-28.236,-3.910,444434466.000
-0.355,1.958,0.042,-44.826,-28.233,-3.927,444434566.000
-0.358,1.956,0.040,-44.834,-28.204,-3.918,444434667.000
-0.355,1.963,0.042,-44.795,-28.184,-3.909,444434767.000
-0.358,1.959,0.045,-44.791,-28.139,-3.908,444434866.000
-0.353,1.959,0.047,-44.777,-28.204,-3.880,444434967.000
-0.356,1.958,0.047,-44.771,-28.167,-3.899,444435066.000
-0.356,1.950,0.050,-44.803,-28.159,-3.898,444435167.000
-0.353,1.959,0.042,-44.721,-28.172,-3.907,444435267.000
-0.356,1.955,0.047,-44.731,-28.118,-3.907,444435366.000
-0.356,1.955,0.045,-44.730,-28.151,-3.880,444435466.000
-0.358,1.951,0.037,-44.684,-28.114,-3.907,444435566.000
-0.354,1.956,0.042,-44.695,-28.147,-3.888,444435666.000
-0.354,1.956,0.045,-44.654,-28.139,-3.888,444435766.000
-0.356,1.957,0.052,-44.661,-28.101,-3.897,444435866.000
-0.354,1.948,0.042,-44.699,-28.123,-3.888,444435966.000
-0.356,1.952,0.042,-44.663,-28.085,-3.888,444436067.000
-0.354,1.953,0.040,-44.627,-28.082,-3.896,444436166.000
-0.354,1.951,0.047,-44.629,-28.105,-3.906,444436267.000
-0.358,1.951,0.042,-44.601,-28.048,-3.878,444436367.000
-0.354,1.951,0.045,-44.587,-28.065,-3.877,444436467.000
-0.356,1.955,0.045,-44.551,-28.028,-3.905,444436567.000
-0.354,1.946,0.042,-44.576,-28.073,-3.868,444436667.000
-0.358,1.948,0.045,-44.562,-28.063,-3.887,444436767.000
-0.354,1.948,0.050,-44.548,-28.048,-3.886,444436868.000
-0.358,1.948,0.045,-44.506,-28.014,-3.858,444436968.000
-0.354,1.951,0.043,-44.504,-28.048,-3.877,444437067.000
-0.352,1.942,0.042,-44.529,-28.012,-3.866,444437167.000
-0.356,1.942,0.043,-44.517,-28.011,-3.895,444437268.000
-0.356,1.947,0.043,-44.472,-27.986,-3.876,444437368.000
-0.356,1.947,0.040,-44.458,-27.995,-3.876,444437467.000
-0.352,1.947,0.040,-44.457,-28.020,-3.848,444437567.000
-0.352,1.947,0.040,-44.416,-27.995,-3.875,444437668.000
-0.352,1.944,0.045,-44.446,-28.003,-3.884,444437767.000
-0.352,1.942,0.045,-44.419,-27.979,-3.865,444437867.000
-0.352,1.942,0.040,-44.419,-27.995,-3.865,444437968.000
-0.358,1.953,0.048,-44.408,-27.957,-3.894,444438067.000
-0.354,1.943,0.040,-44.370,-27.958,-3.874,444438167.000
-0.352,1.944,0.038,-44.362,-27.955,-3.883,444438268.000
-0.352,1.942,0.040,-44.364,-27.946,-3.865,444438368.000
-0.352,1.944,0.043,-44.307,-27.937,-3.855,444438467.000
-0.348,1.936,0.045,-44.366,-27.955,-3.854,444438567.000
-0.350,1.940,0.045,-44.316,-27.942,-3.854,444438668.000
-0.350,1.938,0.040,-44.317,-27.934,-3.864,444438767.000
-0.356,1.936,0.043,-44.312,-27.887,-3.855,444438867.000
-0.350,1.938,0.045,-44.290,-27.917,-3.835,444438968.000
-0.354,1.940,0.043,-44.261,-27.900,-3.854,444439068.000
-0.352,1.936,0.043,-44.256,-27.864,-3.853,444439167.000
-0.346,1.935,0.043,-44.290,-27.902,-3.844,444439267.000
-0.348,1.939,0.045,-44.240,-27.954,-3.844,444439367.000
-0.348,1.939,0.043,-44.213,-27.889,-3.844,444439468.000
-0.352,1.931,0.043,-44.245,-27.839,-3.844,444439568.000
-0.352,1.934,0.035,-44.229,-27.840,-3.862,444439667.000
-0.352,1.933,0.040,-44.188,-27.847,-3.862,444439767.000
-0.350,1.937,0.048,-44.166,-27.859,-3.834,444439868.000
-0.350,1.932,0.043,-44.182,-27.851,-3.852,444439968.000
-0.352,1.931,0.038,-44.162,-27.855,-3.843,444440067.000
-0.352,1.936,0.045,-44.118,-27.830,-3.824,444440167.000
-0.350,1.930,0.040,-44.142,-27.835,-3.861,444440267.000
-0.350,1.935,0.040,-44.111,-27.835,-3.842,444440367.000
-0.350,1.932,0.048,-44.113,-27.810,-3.851,444440467.000
-0.355,1.932,0.045,-44.100,-27.793,-3.824,444440568.000
-0.348,1.928,0.040,-44.108,-27.823,-3.851,444440667.000
-0.350,1.932,0.040,-44.071,-27.786,-3.851,444440768.000
-0.348,1.931,0.038,-44.065,-27.807,-3.841,444440867.000
-0.350,1.929,0.038,-44.073,-27.794,-3.860,444440968.000
-0.350,1.932,0.038,-44.043,-27.770,-3.823,444441067.000
-0.348,1.936,0.043,-43.993,-27.814,-3.850,444441168.000
-0.351,1.927,0.045,-44.033,-27.744,-3.813,444441267.000
-0.350,1.932,0.036,-43.974,-27.777,-3.850,444441367.000
-0.351,1.927,0.045,-43.991,-27.768,-3.813,444441468.000
-0.353,1.926,0.043,-44.013,-27.764,-3.832,444441568.000
-0.351,1.924,0.041,-44.020,-27.761,-3.850,444441667.000
-0.348,1.925,0.038,-43.971,-27.733,-3.830,444441768.000
-0.351,1.927,0.036,-43.963,-27.753,-3.813,444441867.000
-0.348,1.925,0.041,-43.929,-27.724,-3.830,444441968.000
-0.348,1.926,0.043,-43.929,-27.740,-3.802,444442068.000
-0.348,1.928,0.046,-43.928,-27.732,-3.821,444442167.000
-0.349,1.923,0.043,-43.931,-27.716,-3.811,444442267.000
-0.351,1.927,0.043,-43.881,-27.703,-3.811,444442367.000
-0.351,1.922,0.038,-43.924,-27.695,-3.802,444442467.000
-0.349,1.923,0.041,-43.903,-27.699,-3.839,444442568.000
-0.349,1.923,0.041,-43.876,-27.699,-3.838,444442667.000
-0.351,1.921,0.043,-43.884,-27.654,-3.829,444442768.000
-0.355,1.919,0.041,-43.885,-27.637,-3.811,444442867.000
-0.351,1.924,0.041,-43.826,-27.662,-3.792,444442968.000
-0.353,1.920,0.036,-43.849,-27.666,-3.820,444443067.000
-0.349,1.920,0.046,-43.850,-27.658,-3.819,444443168.000
-0.349,1.918,0.041,-43.837,-27.626,-3.800,444443268.000
-0.349,1.920,0.033,-43.821,-27.627,-3.819,444443367.000
-0.349,1.920,0.043,-43.822,-27.642,-3.819,444443468.000
-0.347,1.921,0.038,-43.800,-27.647,-3.800,444443568.000
-0.349,1.918,0.036,-43.781,-27.642,-3.800,444443668.000
-0.351,1.916,0.046,-43.762,-27.596,-3.791,444443767.000
-0.349,1.918,0.038,-43.767,-27.634,-3.800,444443867.000
-0.344,1.918,0.038,-43.739,-27.659,-3.799,444443968.000
-0.349,1.920,0.038,-43.697,-27.633,-3.818,444444067.000
-0.349,1.917,0.038,-43.698,-27.609,-3.799,444444167.000
-0.345,1.918,0.038,-43.725,-27.634,-3.771,444444267.000
-0.351,1.913,0.038,-43.721,-27.547,-3.799,444444367.000
-0.345,1.917,0.041,-43.684,-27.626,-3.799,444444467.000
-0.349,1.917,0.038,-43.643,-27.608,-3.799,444444568.000
-0.345,1.910,0.036,-43.701,-27.594,-3.770,444444668.000
-0.349,1.910,0.043,-43.689,-27.592,-3.798,444444767.000
-0.347,1.911,0.046,-43.654,-27.523,-3.779,444444867.000
-0.351,1.916,0.043,-43.638,-27.554,-3.789,444444967.000
-0.351,1.913,0.038,-43.638,-27.547,-3.771,444445067.000
-0.347,1.911,0.038,-43.640,-27.548,-3.807,444445167.000
-0.353,1.915,0.048,-43.590,-27.525,-3.780,444445268.000
-0.351,1.908,0.041,-43.627,-27.538,-3.761,444445367.000
-0.351,1.913,0.041,-43.611,-27.514,-3.770,444445467.000
-0.349,1.912,0.041,-43.563,-27.526,-3.788,444445567.000
-0.345,1.915,0.036,-43.506,-27.544,-3.778,444445668.000
-0.347,1.906,0.041,-43.573,-27.538,-3.797,444445767.000
-0.354,1.909,0.041,-43.537,-27.476,-3.769,444445867.000
-0.349,1.912,0.038,-43.507,-27.510,-3.760,444445967.000
-0.349,1.912,0.046,-43.508,-27.509,-3.760,444446067.000
-0.347,1.908,0.043,-43.531,-27.506,-3.787,444446167.000
-0.345,1.909,0.041,-43.509,-27.527,-3.796,444446267.000
-0.347,1.913,0.048,-43.459,-27.513,-3.768,444446367.000
-0.345,1.907,0.038,-43.469,-27.510,-3.777,444446467.000
-0.352,1.903,0.038,-43.506,-27.448,-3.805,444446567.000
-0.347,1.905,0.034,-43.462,-27.490,-3.795,444446667.000
-0.349,1.907,0.036,-43.441,-27.469,-3.749,444446767.000
-0.347,1.905,0.038,-43.449,-27.449,-3.767,444446867.000
-0.347,1.903,0.034,-43.450,-27.441,-3.804,444446967.000
-0.347,1.908,0.043,-43.420,-27.456,-3.758,444447068.000
-0.349,1.909,0.038,-43.399,-27.436,-3.767,444447168.000
-0.347,1.905,0.043,-43.394,-27.432,-3.767,444447268.000
-0.349,1.901,0.048,-43.390,-27.450,-3.767,444447367.000
-0.349,1.899,0.031,-43.417,-27.412,-3.776,444447467.000
-0.345,1.902,0.043,-43.389,-27.444,-3.766,444447567.000
-0.345,1.902,0.034,-43.374,-27.453,-3.766,444447668.000
-0.350,1.904,0.043,-43.360,-27.394,-3.757,444447768.000
-0.347,1.900,0.039,-43.355,-27.423,-3.757,444447868.000
-0.347,1.898,0.041,-43.384,-27.415,-3.766,444447967.000
-0.347,1.905,0.039,-43.297,-27.423,-3.766,444448067.000
-0.345,1.896,0.039,-43.308,-27.411,-3.756,444448167.000
-0.347,1.898,0.039,-43.329,-27.399,-3.765,444448267.000
-0.350,1.901,0.039,-43.278,-27.386,-3.738,444448367.000
-0.345,1.896,0.041,-43.295,-27.403,-3.755,444448468.000
-0.350,1.901,0.039,-43.251,-27.385,-3.765,444448568.000
-0.350,1.899,0.043,-43.280,-27.345,-3.719,444448667.000
-0.350,1.899,0.036,-43.279,-27.345,-3.747,444448767.000
-0.345,1.901,0.039,-43.236,-27.387,-3.737,444448868.000
-0.345,1.894,0.039,-43.268,-27.362,-3.736,444448968.000
-0.345,1.896,0.039,-43.253,-27.362,-3.755,444449068.000
-0.341,1.894,0.039,-43.240,-27.387,-3.736,444449167.000
-0.343,1.898,0.039,-43.245,-27.375,-3.736,444449268.000
-0.345,1.899,0.039,-43.196,-27.337,-3.745,444449368.000
-0.345,1.894,0.041,-43.227,-27.353,-3.736,444449468.000
-0.350,1.896,0.036,-43.198,-27.320,-3.755,444449567.000
-0.350,1.893,0.034,-43.172,-27.328,-3.736,444449667.000
-0.343,1.892,0.044,-43.206,-27.333,-3.726,444449767.000
-0.346,1.893,0.036,-43.144,-27.321,-3.735,444449868.000
-0.348,1.895,0.039,-43.123,-27.300,-3.744,444449968.000
-0.348,1.892,0.039,-43.124,-27.324,-3.726,444450067.000
-0.344,1.892,0.041,-43.137,-27.293,-3.725,444450167.000
-0.343,1.892,0.039,-43.151,-27.301,-3.753,444450268.000
-0.348,1.895,0.031,-43.108,-27.324,-3.744,444450367.000
-0.346,1.891,0.034,-43.090,-27.280,-3.743,444450467.000
-0.348,1.892,0.039,-43.083,-27.250,-3.753,444450567.000
-0.343,1.887,0.036,-43.112,-27.309,-3.743,444450667.000
-0.344,1.887,0.036,-43.098,-27.284,-3.715,444450767.000
-0.343,1.892,0.036,-43.027,-27.308,-3.752,444450868.000
-0.344,1.887,0.041,-43.071,-27.267,-3.715,444450968.000
-0.344,1.892,0.036,-43.013,-27.284,-3.752,444451068.000
-0.346,1.886,0.039,-43.065,-27.263,-3.733,444451167.000
-0.344,1.887,0.036,-43.043,-27.235,-3.742,444451267.000
-0.346,1.891,0.039,-43.021,-27.238,-3.715,444451367.000
-0.346,1.891,0.041,-42.994,-27.254,-3.742,444451467.000
-0.346,1.891,0.039,-42.993,-27.238,-3.742,444451568.000
-0.342,1.885,0.039,-43.009,-27.239,-3.732,444451667.000
-0.344,1.887,0.036,-42.961,-27.234,-3.741,444451768.000
-0.344,1.884,0.034,-42.975,-27.267,-3.723,444451868.000
-0.344,1.882,0.041,-42.977,-27.242,-3.732,444451968.000
-0.344,1.887,0.039,-42.919,-27.226,-3.713,444452068.000
-0.346,1.885,0.041,-42.927,-27.229,-3.704,444452168.000
-0.344,1.887,0.041,-42.905,-27.217,-3.713,444452267.000
-0.346,1.883,0.034,-42.900,-27.205,-3.713,444452367.000
-0.348,1.884,0.034,-42.921,-27.192,-3.723,444452468.000
-0.348,1.882,0.041,-42.909,-27.192,-3.704,444452568.000
-0.350,1.880,0.039,-42.903,-27.138,-3.722,444452668.000
-0.346,1.880,0.036,-42.888,-27.172,-3.722,444452768.000
-0.342,1.883,0.036,-42.844,-27.197,-3.684,444452867.000
-0.346,1.883,0.032,-42.845,-27.189,-3.713,444452968.000
-0.346,1.880,0.034,-42.860,-27.156,-3.694,444453067.000
-0.342,1.878,0.036,-42.847,-27.197,-3.702,444453167.000
-0.344,1.884,0.041,-42.810,-27.168,-3.693,444453268.000
-0.344,1.881,0.034,-42.811,-27.193,-3.703,444453367.000
-0.344,1.881,0.039,-42.797,-27.152,-3.702,444453467.000
-0.344,1.881,0.034,-42.783,-27.144,-3.674,444453567.000
-0.342,1.883,0.034,-42.748,-27.156,-3.711,444453668.000
-0.344,1.876,0.039,-42.772,-27.151,-3.692,444453767.000
-0.342,1.880,0.037,-42.777,-27.148,-3.692,444453868.000
-0.346,1.877,0.037,-42.765,-27.122,-3.702,444453967.000
-0.346,1.875,0.039,-42.780,-27.090,-3.683,444454068.000
-0.344,1.879,0.042,-42.716,-27.142,-3.683,444454167.000
-0.346,1.880,0.034,-42.694,-27.106,-3.692,444454269.000
-0.346,1.872,0.037,-42.754,-27.098,-3.692,444454368.000
-0.346,1.880,0.039,-42.653,-27.113,-3.664,444454468.000
-0.342,1.875,0.039,-42.711,-27.139,-3.682,444454569.000
-0.351,1.880,0.037,-42.654,-27.072,-3.692,444454668.000
-0.342,1.877,0.042,-42.668,-27.106,-3.673,444454768.000
-0.344,1.876,0.034,-42.662,-27.070,-3.691,444454868.000
-0.346,1.875,0.042,-42.656,-27.080,-3.682,444454969.000
-0.342,1.872,0.032,-42.643,-27.090,-3.690,444455069.000
-0.342,1.875,0.037,-42.628,-27.074,-3.681,444455168.000
-0.344,1.871,0.039,-42.665,-27.053,-3.681,444455269.000
-0.342,1.870,0.037,-42.644,-27.098,-3.672,444455369.000
-0.342,1.875,0.037,-42.600,-27.074,-3.653,444455467.000
-0.344,1.871,0.037,-42.596,-27.060,-3.681,444455569.000
-0.342,1.875,0.042,-42.545,-27.056,-3.680,444455669.000
-0.344,1.873,0.027,-42.593,-27.070,-3.672,444455768.000
-0.344,1.871,0.039,-42.595,-27.028,-3.653,444455869.000
-0.347,1.872,0.039,-42.561,-27.015,-3.662,444455969.000
-0.342,1.872,0.037,-42.532,-27.024,-3.661,444456068.000
-0.344,1.868,0.029,-42.568,-27.037,-3.662,444456168.000
-0.344,1.871,0.037,-42.526,-27.036,-3.652,444456269.000
-0.344,1.873,0.032,-42.483,-27.003,-3.670,444456368.000
-0.344,1.871,0.039,-42.526,-27.003,-3.652,444456469.000
-0.344,1.868,0.034,-42.500,-27.043,-3.661,444456567.000
-0.344,1.871,0.032,-42.485,-27.027,-3.680,444456667.000
-0.342,1.869,0.039,-42.478,-27.015,-3.642,444456767.000
-0.345,1.868,0.039,-42.472,-26.978,-3.633,444456868.000
-0.344,1.868,0.032,-42.473,-27.027,-3.689,444456968.000
-0.340,1.871,0.034,-42.429,-27.020,-3.651,444457068.000
-0.345,1.865,0.032,-42.432,-26.978,-3.669,444457167.000
-0.342,1.867,0.034,-42.425,-27.007,-3.678,444457268.000
-0.342,1.864,0.034,-42.440,-27.007,-3.660,444457369.000
-0.342,1.864,0.034,-42.426,-27.031,-3.660,444457467.000
-0.345,1.868,0.037,-42.376,-26.937,-3.659,444457567.000
-0.345,1.865,0.037,-42.391,-26.986,-3.641,444457667.000
-0.342,1.869,0.032,-42.354,-26.990,-3.669,444457767.000
-0.342,1.869,0.042,-42.341,-26.981,-3.641,444457868.000
-0.342,1.864,0.037,-42.357,-26.974,-3.631,444457968.000
-0.345,1.865,0.039,-42.377,-26.977,-3.641,444458068.000
-0.340,1.865,0.034,-42.349,-26.970,-3.640,444458167.000
-0.345,1.865,0.037,-42.322,-26.961,-3.641,444458267.000
-0.342,1.867,0.039,-42.287,-26.989,-3.649,444458367.000
-0.347,1.864,0.039,-42.288,-26.939,-3.631,444458468.000
-0.345,1.863,0.039,-42.282,-26.928,-3.621,444458568.000
-0.345,1.863,0.037,-42.296,-26.936,-3.649,444458668.000
-0.343,1.861,0.037,-42.303,-26.949,-3.640,444458767.000
-0.345,1.858,0.034,-42.312,-26.944,-3.612,444458867.000
-0.345,1.860,0.042,-42.256,-26.919,-3.630,444458967.000
-0.343,1.861,0.037,-42.261,-26.924,-3.612,444459068.000
-0.343,1.861,0.037,-42.248,-26.948,-3.639,444459167.000
-0.345,1.860,0.034,-42.242,-26.944,-3.630,444459268.000
-0.343,1.861,0.037,-42.220,-26.899,-3.639,444459367.000
-0.343,1.859,0.032,-42.235,-26.916,-3.648,444459468.000
-0.343,1.859,0.042,-42.222,-26.907,-3.620,444459568.000
-0.345,1.855,0.037,-42.231,-26.886,-3.620,444459668.000
-0.347,1.856,0.037,-42.210,-26.898,-3.630,444459767.000
-0.345,1.857,0.032,-42.174,-26.878,-3.638,444459868.000
-0.343,1.856,0.042,-42.182,-26.906,-3.629,444459967.000
-0.343,1.859,0.035,-42.166,-26.907,-3.620,444460068.000
-0.343,1.856,0.030,-42.153,-26.923,-3.629,444460168.000
-0.341,1.857,0.035,-42.146,-26.920,-3.610,444460267.000
-0.343,1.854,0.034,-42.141,-26.907,-3.610,444460367.000
-0.345,1.860,0.042,-42.090,-26.869,-3.601,444460467.000
-0.341,1.855,0.037,-42.133,-26.887,-3.619,444460568.000
-0.345,1.860,0.045,-42.091,-26.836,-3.628,444460668.000
-0.343,1.853,0.035,-42.114,-26.858,-3.637,444460767.000
-0.345,1.855,0.039,-42.092,-26.853,-3.591,444460868.000
-0.343,1.853,0.040,-42.086,-26.841,-3.609,444460968.000
-0.341,1.852,0.037,-42.066,-26.838,-3.599,444461068.000
-0.343,1.859,0.037,-42.028,-26.825,-3.618,444461168.000
-0.343,1.856,0.042,-42.016,-26.856,-3.600,444461268.000
-0.343,1.848,0.035,-42.088,-26.809,-3.599,444461368.000
-0.345,1.852,0.035,-42.052,-26.820,-3.627,444461467.000
-0.345,1.855,0.037,-42.023,-26.812,-3.590,444461567.000
-0.343,1.851,0.037,-42.046,-26.824,-3.618,444461667.000
-0.339,1.851,0.037,-42.018,-26.850,-3.617,444461767.000
-0.341,1.850,0.039,-41.984,-26.828,-3.552,444461867.000
-0.343,1.853,0.037,-41.975,-26.824,-3.580,444461968.000
-0.345,1.849,0.040,-41.985,-26.803,-3.580,444462068.000
-0.341,1.850,0.032,-41.997,-26.805,-3.580,444462168.000
-0.341,1.855,0.040,-41.940,-26.804,-3.589,444462267.000
-0.345,1.847,0.040,-41.972,-26.803,-3.589,444462367.000
-0.345,1.849,0.035,-41.957,-26.819,-3.580,444462467.000
-0.345,1.852,0.040,-41.942,-26.803,-3.599,444462568.000
-0.345,1.849,0.037,-41.957,-26.787,-3.580,444462668.000
-0.343,1.848,0.035,-41.937,-26.783,-3.598,444462767.000
-0.341,1.847,0.040,-41.944,-26.779,-3.588,444462867.000
-0.341,1.850,0.035,-41.914,-26.820,-3.552,444462968.000
-0.343,1.843,0.035,-41.939,-26.783,-3.588,444463067.000
-0.341,1.847,0.037,-41.903,-26.787,-3.588,444463167.000
-0.341,1.847,0.035,-41.889,-26.795,-3.588,444463268.000
-0.341,1.849,0.037,-41.874,-26.811,-3.579,444463367.000
-0.341,1.844,0.035,-41.890,-26.771,-3.597,444463467.000
-0.345,1.844,0.035,-41.849,-26.769,-3.597,444463568.000
-0.343,1.846,0.035,-41.868,-26.783,-3.551,444463667.000
-0.341,1.847,0.035,-41.833,-26.795,-3.560,444463767.000
-0.343,1.846,0.040,-41.841,-26.766,-3.551,444463868.000
-0.345,1.839,0.037,-41.866,-26.761,-3.588,444463968.000
-0.341,1.844,0.040,-41.821,-26.778,-3.569,444464067.000
-0.345,1.844,0.027,-41.807,-26.746,-3.569,444464167.000
-0.343,1.845,0.037,-41.786,-26.749,-3.550,444464268.000
-0.343,1.843,0.037,-41.788,-26.725,-3.587,444464367.000
-0.341,1.842,0.040,-41.809,-26.778,-3.578,444464467.000
-0.341,1.842,0.040,-41.767,-26.753,-3.549,444464568.000
-0.343,1.845,0.035,-41.758,-26.733,-3.577,444464667.000
-0.345,1.847,0.035,-41.723,-26.720,-3.559,444464768.000
-0.339,1.843,0.032,-41.717,-26.742,-3.558,444464868.000
-0.339,1.843,0.032,-41.745,-26.742,-3.586,444464967.000
-0.346,1.841,0.037,-41.768,-26.712,-3.577,444465067.000
-0.337,1.844,0.032,-41.696,-26.779,-3.539,444465168.000
-0.343,1.840,0.035,-41.706,-26.732,-3.567,444465268.000
-0.341,1.839,0.037,-41.755,-26.737,-3.558,444465368.000
-0.346,1.844,0.032,-41.683,-26.703,-3.568,444465468.000
-0.346,1.841,0.035,-41.685,-26.695,-3.549,444465567.000
-0.339,1.840,0.032,-41.705,-26.742,-3.567,444465668.000
-0.341,1.839,0.035,-41.685,-26.745,-3.558,444465767.000
-0.341,1.839,0.035,-41.699,-26.720,-3.558,444465868.000
-0.341,1.839,0.032,-41.672,-26.753,-3.558,444465968.000
-0.341,1.839,0.037,-41.658,-26.712,-3.557,444466068.000
-0.346,1.846,0.030,-41.599,-26.711,-3.558,444466168.000
-0.341,1.834,0.037,-41.661,-26.712,-3.548,444466268.000
-0.341,1.836,0.030,-41.617,-26.712,-3.538,444466367.000
-0.341,1.836,0.037,-41.646,-26.711,-3.566,444466467.000
-0.344,1.843,0.037,-41.567,-26.674,-3.557,444466567.000
-0.339,1.840,0.035,-41.567,-26.708,-3.538,444466667.000
-0.344,1.835,0.032,-41.598,-26.666,-3.529,444466768.000
-0.343,1.840,0.030,-41.540,-26.699,-3.538,444466868.000
-0.341,1.834,0.032,-41.577,-26.679,-3.519,444466967.000
-0.346,1.836,0.037,-41.549,-26.661,-3.538,444467067.000
-0.341,1.836,0.032,-41.562,-26.679,-3.538,444467168.000
-0.344,1.837,0.030,-41.541,-26.674,-3.547,444467268.000
-0.344,1.835,0.035,-41.556,-26.658,-3.529,444467367.000
-0.344,1.837,0.030,-41.541,-26.674,-3.519,444467467.000
-0.337,1.836,0.037,-41.506,-26.687,-3.509,444467567.000
-0.341,1.834,0.030,-41.508,-26.687,-3.519,444467668.000
-0.341,1.833,0.030,-41.522,-26.662,-3.546,444467767.000
-0.344,1.830,0.035,-41.531,-26.657,-3.519,444467868.000
-0.342,1.826,0.037,-41.540,-26.662,-3.518,444467967.000
-0.344,1.827,0.035,-41.519,-26.657,-3.528,444468067.000
-0.341,1.831,0.033,-41.482,-26.678,-3.528,444468168.000
-0.344,1.830,0.032,-41.476,-26.641,-3.518,444468267.000
-0.346,1.831,0.027,-41.454,-26.620,-3.500,444468367.000
-0.342,1.831,0.037,-41.441,-26.637,-3.499,444468467.000
-0.344,1.832,0.035,-41.447,-26.632,-3.509,444468568.000
-0.346,1.831,0.030,-41.427,-26.636,-3.527,444468668.000
-0.339,1.827,0.033,-41.449,-26.642,-3.526,444468768.000
-0.342,1.833,0.035,-41.384,-26.645,-3.517,444468868.000
-0.344,1.829,0.035,-41.393,-26.607,-3.517,444468968.000
-0.344,1.827,0.037,-41.409,-26.623,-3.499,444469067.000
-0.346,1.828,0.035,-41.387,-26.619,-3.508,444469168.000
-0.342,1.828,0.033,-41.373,-26.653,-3.508,444469267.000
-0.344,1.824,0.028,-41.396,-26.608,-3.535,444469367.000
-0.342,1.828,0.035,-41.359,-26.644,-3.508,444469467.000
-0.344,1.829,0.028,-41.338,-26.608,-3.517,444469567.000
-0.344,1.827,0.033,-41.339,-26.615,-3.498,444469667.000
-0.339,1.824,0.030,-41.354,-26.673,-3.507,444469767.000
-0.342,1.823,0.037,-41.334,-26.611,-3.470,444469867.000
-0.342,1.831,0.038,-41.275,-26.635,-3.470,444469968.000
-0.344,1.830,0.035,-41.269,-26.631,-3.461,444470068.000
-0.346,1.826,0.028,-41.278,-26.594,-3.489,444470167.000
-0.346,1.823,0.030,-41.334,-26.586,-3.498,444470268.000
-0.344,1.824,0.033,-41.271,-26.614,-3.479,444470367.000
-0.342,1.823,0.033,-41.293,-26.603,-3.497,444470468.000
-0.344,1.824,0.033,-41.271,-26.614,-3.479,444470567.000
-0.346,1.823,0.030,-41.238,-26.610,-3.498,444470667.000
-0.344,1.819,0.033,-41.274,-26.614,-3.470,444470768.000
-0.342,1.823,0.038,-41.238,-26.586,-3.497,444470867.000
-0.342,1.825,0.038,-41.209,-26.610,-3.488,444470968.000
-0.340,1.822,0.040,-41.245,-26.615,-3.487,444471067.000
-0.346,1.823,0.028,-41.210,-26.593,-3.497,444471168.000
-0.344,1.822,0.040,-41.204,-26.564,-3.460,444471268.000
-0.346,1.820,0.033,-41.198,-26.577,-3.478,444471367.000
-0.344,1.824,0.033,-41.175,-26.589,-3.478,444471468.000
-0.344,1.817,0.037,-41.234,-26.597,-3.451,444471568.000
-0.342,1.820,0.033,-41.197,-26.602,-3.478,444471668.000
-0.344,1.814,0.033,-41.208,-26.589,-3.487,444471769.000
-0.344,1.824,0.030,-41.133,-26.597,-3.478,444471868.000
-0.344,1.822,0.038,-41.163,-26.572,-3.459,444471968.000
-0.346,1.815,0.040,-41.187,-26.551,-3.468,444472069.000
-0.340,1.819,0.033,-41.136,-26.590,-3.468,444472168.000
-0.346,1.820,0.028,-41.114,-26.544,-3.450,444472269.000
-0.342,1.815,0.038,-41.118,-26.584,-3.468,444472368.000
-0.344,1.819,0.035,-41.136,-26.580,-3.441,444472468.000
-0.346,1.818,0.040,-41.089,-26.550,-3.459,444472568.000
-0.342,1.815,0.030,-41.117,-26.585,-3.468,444472668.000
-0.344,1.819,0.033,-41.067,-26.539,-3.467,444472769.000
-0.342,1.815,0.035,-41.089,-26.568,-3.440,444472868.000
-0.344,1.819,0.033,-41.039,-26.539,-3.439,444472968.000
-0.344,1.819,0.030,-41.067,-26.572,-3.440,444473068.000
-0.344,1.819,0.035,-41.039,-26.555,-3.440,444473168.000
-0.344,1.816,0.035,-41.027,-26.555,-3.449,444473268.000
-0.346,1.815,0.028,-41.034,-26.543,-3.440,444473369.000
-0.346,1.815,0.030,-41.035,-26.559,-3.467,444473469.000
-0.342,1.815,0.030,-41.020,-26.560,-3.439,444473568.000
-0.346,1.818,0.033,-40.992,-26.526,-3.430,444473668.000
-0.342,1.818,0.033,-40.964,-26.551,-3.429,444473768.000
-0.346,1.818,0.035,-40.964,-26.542,-3.430,444473868.000
-0.344,1.814,0.035,-40.987,-26.554,-3.430,444473968.000
-0.340,1.814,0.038,-40.986,-26.547,-3.429,444474068.000
-0.348,1.819,0.038,-40.943,-26.521,-3.411,444474169.000
-0.346,1.812,0.043,-40.954,-26.516,-3.420,444474269.000
-0.342,1.812,0.033,-40.953,-26.575,-3.448,444474368.000
-0.342,1.812,0.033,-40.939,-26.551,-3.447,444474468.000
-0.344,1.814,0.030,-40.917,-26.546,-3.429,444474569.000
-0.346,1.818,0.035,-40.881,-26.541,-3.402,444474669.000
-0.340,1.814,0.033,-40.903,-26.563,-3.428,444474768.000
-0.344,1.811,0.030,-40.946,-26.522,-3.410,444474869.000
-0.344,1.814,0.033,-40.904,-26.538,-3.429,444474968.000
-0.349,1.811,0.030,-40.891,-26.496,-3.410,444475068.000
-0.342,1.810,0.030,-40.899,-26.534,-3.428,444475168.000
-0.340,1.816,0.035,-40.846,-26.555,-3.391,444475268.000
-0.342,1.812,0.033,-40.856,-26.550,-3.419,444475368.000
-0.342,1.812,0.035,-40.842,-26.541,-3.419,444475468.000
-0.346,1.810,0.035,-40.858,-26.516,-3.401,444475569.000
-0.346,1.810,0.025,-40.829,-26.501,-3.400,444475669.000
-0.342,1.810,0.035,-40.830,-26.541,-3.428,444475769.000
-0.342,1.812,0.033,-40.787,-26.525,-3.418,444475869.000
-0.344,1.811,0.025,-40.794,-26.513,-3.409,444475969.000
-0.346,1.807,0.030,-40.831,-26.508,-3.410,444476069.000
-0.342,1.810,0.033,-40.802,-26.525,-3.400,444476169.000
-0.344,1.811,0.033,-40.767,-26.512,-3.381,444476268.000
-0.344,1.808,0.033,-40.782,-26.512,-3.390,444476369.000
-0.344,1.806,0.030,-40.783,-26.520,-3.400,444476469.000
-0.342,1.810,0.030,-40.760,-26.533,-3.399,444476568.000
-0.342,1.807,0.025,-40.789,-26.526,-3.381,444476669.000
-0.344,1.806,0.035,-40.770,-26.479,-3.399,444476768.000
-0.344,1.803,0.030,-40.785,-26.496,-3.409,444476869.000
-0.347,1.807,0.038,-40.762,-26.483,-3.381,444476968.000
-0.344,1.806,0.035,-40.728,-26.503,-3.399,444477068.000
-0.344,1.806,0.038,-40.742,-26.495,-3.399,444477168.000
-0.344,1.803,0.033,-40.744,-26.487,-3.408,444477268.000
-0.342,1.802,0.033,-40.737,-26.524,-3.399,444477368.000
-0.344,1.803,0.033,-40.716,-26.487,-3.380,444477469.000
-0.347,1.810,0.030,-40.678,-26.458,-3.399,444477569.000
-0.342,1.805,0.035,-40.680,-26.515,-3.361,444477669.000
-0.347,1.802,0.025,-40.696,-26.475,-3.399,444477768.000
-0.342,1.812,0.035,-40.648,-26.491,-3.361,444477869.000
-0.344,1.800,0.030,-40.662,-26.495,-3.389,444477968.000
-0.349,1.806,0.025,-40.645,-26.462,-3.371,444478069.000
-0.349,1.806,0.035,-40.660,-26.453,-3.371,444478169.000
-0.344,1.801,0.035,-40.662,-26.478,-3.361,444478269.000
-0.344,1.803,0.035,-40.619,-26.478,-3.352,444478369.000
-0.342,1.799,0.030,-40.669,-26.507,-3.379,444478468.000
-0.344,1.798,0.033,-40.635,-26.486,-3.370,444478569.000
-0.347,1.799,0.030,-40.655,-26.458,-3.352,444478668.000
-0.347,1.804,0.035,-40.584,-26.465,-3.388,444478768.000
-0.342,1.802,0.033,-40.612,-26.450,-3.369,444478868.000
-0.347,1.802,0.025,-40.599,-26.450,-3.370,444478968.000
-0.345,1.795,0.040,-40.624,-26.436,-3.379,444479068.000
-0.342,1.799,0.033,-40.586,-26.474,-3.378,444479168.000
-0.342,1.802,0.036,-40.544,-26.490,-3.369,444479268.000
-0.342,1.797,0.033,-40.546,-26.474,-3.360,444479368.000
-0.345,1.795,0.033,-40.554,-26.461,-3.351,444479468.000
-0.347,1.797,0.030,-40.546,-26.432,-3.332,444479568.000
-0.342,1.797,0.028,-40.559,-26.466,-3.360,444479668.000
-0.345,1.795,0.033,-40.554,-26.461,-3.351,444479768.000
-0.349,1.800,0.031,-40.496,-26.419,-3.360,444479869.000
-0.347,1.796,0.033,-40.505,-26.423,-3.359,444479968.000
-0.347,1.802,0.035,-40.488,-26.415,-3.313,444480068.000
-0.342,1.797,0.033,-40.504,-26.449,-3.331,444480169.000
-0.342,1.797,0.033,-40.505,-26.449,-3.359,444480269.000
-0.345,1.798,0.036,-40.484,-26.428,-3.368,444480368.000
-0.340,1.795,0.031,-40.471,-26.469,-3.377,444480469.000
-0.342,1.797,0.035,-40.449,-26.464,-3.331,444480569.000
-0.340,1.798,0.026,-40.455,-26.486,-3.340,444480668.000
-0.340,1.795,0.031,-40.456,-26.445,-3.349,444480768.000
-0.345,1.798,0.033,-40.414,-26.435,-3.340,444480869.000
-0.342,1.796,0.028,-40.407,-26.440,-3.331,444480969.000
-0.347,1.791,0.033,-40.438,-26.398,-3.322,444481068.000
-0.345,1.793,0.028,-40.430,-26.428,-3.331,444481168.000
-0.343,1.796,0.036,-40.380,-26.439,-3.330,444481268.000
-0.349,1.798,0.031,-40.387,-26.394,-3.340,444481368.000
-0.342,1.791,0.028,-40.410,-26.440,-3.349,444481468.000
-0.340,1.793,0.031,-40.389,-26.444,-3.330,444481568.000
-0.347,1.794,0.035,-40.368,-26.414,-3.312,444481668.000
-0.347,1.794,0.023,-40.368,-26.383,-3.340,444481768.000
-0.347,1.791,0.028,-40.369,-26.390,-3.321,444481868.000
-0.343,1.791,0.033,-40.355,-26.423,-3.320,444481969.000
-0.345,1.790,0.033,-40.335,-26.410,-3.311,444482067.000
-0.340,1.793,0.031,-40.347,-26.420,-3.329,444482168.000
-0.347,1.794,0.026,-40.299,-26.374,-3.339,444482269.000
-0.347,1.794,0.033,-40.313,-26.397,-3.339,444482369.000
-0.347,1.786,0.035,-40.359,-26.365,-3.311,444482468.000
-0.343,1.791,0.031,-40.300,-26.407,-3.320,444482567.000
-0.347,1.789,0.036,-40.316,-26.365,-3.302,444482668.000
-0.345,1.790,0.033,-40.308,-26.410,-3.339,444482767.000
-0.345,1.790,0.028,-40.280,-26.426,-3.311,444482867.000
-0.345,1.787,0.028,-40.295,-26.378,-3.292,444482967.000
-0.349,1.787,0.033,-40.268,-26.384,-3.292,444483068.000
-0.347,1.789,0.028,-40.274,-26.389,-3.302,444483167.000
-0.345,1.790,0.041,-40.239,-26.384,-3.282,444483269.000
-0.343,1.794,0.031,-40.216,-26.382,-3.310,444483368.000
-0.345,1.790,0.031,-40.225,-26.393,-3.310,444483468.000
-0.345,1.787,0.033,-40.240,-26.361,-3.319,444483567.000
-0.343,1.789,0.033,-40.205,-26.373,-3.300,444483667.000
-0.347,1.789,0.028,-40.205,-26.364,-3.301,444483769.000
-0.347,1.789,0.033,-40.191,-26.372,-3.273,444483867.000
-0.345,1.787,0.036,-40.213,-26.376,-3.291,444483967.000
-0.345,1.790,0.031,-40.169,-26.344,-3.282,444484067.000
-0.341,1.785,0.028,-40.199,-26.402,-3.300,444484168.000
-0.345,1.790,0.033,-40.156,-26.384,-3.309,444484268.000
-0.347,1.783,0.036,-40.194,-26.339,-3.263,444484368.000
-0.345,1.785,0.028,-40.186,-26.352,-3.300,444484467.000
-0.345,1.785,0.033,-40.186,-26.336,-3.272,444484567.000
-0.351,1.783,0.036,-40.126,-26.337,-3.291,444484668.000
-0.347,1.791,0.028,-40.093,-26.388,-3.291,444484767.000
-0.345,1.785,0.036,-40.131,-26.351,-3.272,444484867.000
-0.345,1.782,0.038,-40.160,-26.343,-3.281,444484967.000
-0.345,1.787,0.036,-40.116,-26.351,-3.290,444485068.000
-0.349,1.782,0.031,-40.133,-26.366,-3.282,444485168.000
-0.343,1.786,0.031,-40.081,-26.356,-3.280,444485267.000
-0.343,1.786,0.033,-40.109,-26.372,-3.281,444485368.000
-0.345,1.785,0.031,-40.075,-26.367,-3.272,444485468.000
-0.349,1.782,0.026,-40.105,-26.334,-3.281,444485567.000
-0.345,1.785,0.026,-40.089,-26.360,-3.299,444485667.000
-0.343,1.778,0.026,-40.154,-26.373,-3.281,444485768.000
-0.343,1.781,0.028,-40.070,-26.364,-3.271,444485867.000
-0.347,1.781,0.033,-40.044,-26.321,-3.299,444485968.000
-0.347,1.778,0.031,-40.086,-26.354,-3.281,444486068.000
-0.347,1.781,0.028,-40.043,-26.338,-3.271,444486167.000
-0.347,1.783,0.033,-40.028,-26.321,-3.262,444486268.000
-0.341,1.780,0.036,-40.050,-26.376,-3.234,444486367.000
-0.349,1.779,0.036,-40.024,-26.324,-3.262,444486467.000
-0.347,1.781,0.026,-40.001,-26.346,-3.271,444486567.000
-0.345,1.779,0.028,-40.036,-26.326,-3.261,444486668.000
-0.345,1.779,0.028,-40.009,-26.326,-3.261,444486767.000
-0.345,1.787,0.026,-39.950,-26.334,-3.289,444486868.000
-0.347,1.775,0.031,-40.032,-26.329,-3.261,444486968.000
-0.345,1.779,0.033,-39.982,-26.309,-3.261,444487068.000
-0.343,1.781,0.028,-39.946,-26.338,-3.270,444487168.000
-0.345,1.777,0.028,-39.996,-26.326,-3.242,444487267.000
-0.345,1.779,0.026,-39.940,-26.334,-3.261,444487367.000
-0.345,1.782,0.026,-39.938,-26.310,-3.251,444487467.000
-0.352,1.781,0.041,-39.934,-26.294,-3.243,444487568.000
-0.345,1.779,0.031,-39.940,-26.317,-3.261,444487668.000
-0.349,1.777,0.028,-39.914,-26.300,-3.242,444487768.000
-0.345,1.779,0.031,-39.912,-26.317,-3.260,444487867.000
-0.343,1.778,0.031,-39.906,-26.305,-3.251,444487968.000
-0.343,1.775,0.031,-39.921,-26.305,-3.260,444488068.000
-0.343,1.778,0.026,-39.905,-26.322,-3.251,444488168.000
-0.352,1.780,0.031,-39.864,-26.303,-3.242,444488267.000
-0.343,1.778,0.028,-39.892,-26.314,-3.251,444488368.000
-0.341,1.777,0.031,-39.885,-26.318,-3.241,444488467.000
-0.345,1.774,0.031,-39.874,-26.292,-3.250,444488568.000
-0.345,1.777,0.028,-39.872,-26.301,-3.241,444488667.000
-0.347,1.773,0.031,-39.881,-26.279,-3.241,444488768.000
-0.350,1.777,0.028,-39.845,-26.275,-3.241,444488868.000
-0.347,1.775,0.028,-39.838,-26.263,-3.232,444488968.000
-0.350,1.777,0.031,-39.859,-26.267,-3.241,444489068.000
-0.347,1.775,0.033,-39.797,-26.270,-3.231,444489168.000
-0.347,1.773,0.028,-39.867,-26.288,-3.214,444489268.000
-0.347,1.773,0.026,-39.825,-26.247,-3.213,444489368.000
-0.347,1.770,0.031,-39.814,-26.279,-3.250,444489469.000
-0.343,1.775,0.038,-39.783,-26.303,-3.203,444489569.000
-0.350,1.774,0.031,-39.764,-26.266,-3.222,444489669.000
-0.345,1.769,0.031,-39.807,-26.267,-3.212,444489768.000
-0.347,1.773,0.031,-39.785,-26.254,-3.240,444489869.000
-0.343,1.770,0.031,-39.785,-26.304,-3.221,444489968.000
-0.345,1.769,0.031,-39.807,-26.267,-3.212,444490069.000
-0.345,1.774,0.031,-39.763,-26.291,-3.222,444490169.000
-0.345,1.771,0.031,-39.764,-26.267,-3.231,444490268.000
-0.343,1.773,0.031,-39.729,-26.279,-3.212,444490368.000
-0.345,1.774,0.028,-39.721,-26.251,-3.221,444490468.000
-0.350,1.771,0.028,-39.710,-26.225,-3.230,444490568.000
-0.348,1.770,0.036,-39.731,-26.261,-3.221,444490668.000
-0.343,1.768,0.026,-39.717,-26.271,-3.202,444490769.000
-0.341,1.771,0.031,-39.654,-26.291,-3.229,444490868.000
-0.348,1.770,0.028,-39.689,-26.237,-3.193,444490968.000
-0.348,1.770,0.031,-39.675,-26.229,-3.193,444491068.000
-0.348,1.767,0.028,-39.704,-26.237,-3.202,444491169.000
-0.348,1.767,0.031,-39.663,-26.229,-3.202,444491268.000
-0.343,1.773,0.029,-39.632,-26.287,-3.211,444491368.000
-0.348,1.765,0.033,-39.665,-26.220,-3.211,444491468.000
-0.343,1.765,0.029,-39.664,-26.262,-3.211,444491568.000
-0.345,1.769,0.031,-39.627,-26.241,-3.183,444491668.000
-0.343,1.767,0.029,-39.621,-26.262,-3.201,444491768.000
-0.350,1.769,0.033,-39.614,-26.256,-3.184,444491868.000
-0.348,1.767,0.031,-39.594,-26.252,-3.201,444491969.000
-0.345,1.764,0.026,-39.616,-26.282,-3.201,444492068.000
-0.345,1.766,0.026,-39.601,-26.233,-3.192,444492168.000
-0.348,1.765,0.031,-39.609,-26.252,-3.183,444492268.000
-0.345,1.764,0.023,-39.602,-26.241,-3.173,444492369.000
-0.343,1.767,0.034,-39.552,-26.269,-3.201,444492469.000
-0.345,1.763,0.026,-39.561,-26.233,-3.201,444492569.000
-0.348,1.767,0.029,-39.539,-26.236,-3.201,444492668.000
-0.343,1.767,0.024,-39.551,-26.254,-3.173,444492768.000
-0.345,1.766,0.031,-39.532,-26.240,-3.191,444492869.000
-0.345,1.761,0.024,-39.562,-26.241,-3.182,444492968.000
-0.348,1.760,0.028,-39.570,-26.211,-3.173,444493068.000
-0.350,1.763,0.028,-39.534,-26.223,-3.173,444493169.000
-0.348,1.765,0.031,-39.498,-26.203,-3.154,444493268.000
-0.348,1.759,0.029,-39.529,-26.235,-3.200,444493368.000
-0.346,1.761,0.029,-39.535,-26.224,-3.182,444493469.000
-0.345,1.763,0.029,-39.478,-26.248,-3.172,444493568.000
-0.343,1.762,0.024,-39.485,-26.229,-3.190,444493669.000
-0.343,1.760,0.026,-39.500,-26.245,-3.172,444493768.000
-0.346,1.766,0.031,-39.449,-26.239,-3.191,444493868.000
-0.348,1.765,0.029,-39.429,-26.210,-3.154,444493969.000
-0.348,1.760,0.031,-39.487,-26.227,-3.172,444494068.000
-0.348,1.759,0.031,-39.460,-26.226,-3.172,444494168.000
-0.348,1.762,0.031,-39.458,-26.202,-3.163,444494269.000
-0.348,1.759,0.031,-39.474,-26.202,-3.172,444494368.000
-0.348,1.759,0.034,-39.432,-26.193,-3.172,444494468.000
-0.346,1.761,0.029,-39.424,-26.223,-3.181,444494568.000
-0.348,1.759,0.029,-39.418,-26.186,-3.171,444494669.000
-0.348,1.760,0.029,-39.404,-26.210,-3.144,444494769.000
-0.343,1.760,0.034,-39.404,-26.219,-3.143,444494869.000
-0.348,1.762,0.034,-39.390,-26.193,-3.162,444494968.000
-0.346,1.758,0.026,-39.384,-26.206,-3.162,444495069.000
-0.346,1.758,0.034,-39.384,-26.206,-3.162,444495169.000
-0.352,1.757,0.029,-39.379,-26.160,-3.153,444495268.000
-0.346,1.758,0.026,-39.356,-26.206,-3.162,444495369.000
-0.348,1.759,0.039,-39.350,-26.176,-3.143,444495468.000
-0.344,1.757,0.029,-39.377,-26.211,-3.152,444495568.000
-0.348,1.762,0.029,-39.320,-26.185,-3.162,444495668.000
-0.350,1.756,0.029,-39.358,-26.172,-3.143,444495769.000
-0.350,1.761,0.029,-39.300,-26.172,-3.152,444495868.000
-0.350,1.756,0.029,-39.344,-26.196,-3.143,444495969.000
-0.348,1.757,0.031,-39.323,-26.201,-3.152,444496068.000
-0.348,1.757,0.029,-39.309,-26.209,-3.152,444496169.000
-0.346,1.756,0.026,-39.302,-26.181,-3.142,444496268.000
-0.352,1.757,0.031,-39.310,-26.151,-3.152,444496368.000
-0.343,1.754,0.026,-39.296,-26.218,-3.161,444496469.000
-0.350,1.753,0.034,-39.332,-26.180,-3.124,444496568.000
-0.346,1.756,0.034,-39.289,-26.205,-3.142,444496669.000
-0.350,1.753,0.029,-39.290,-26.172,-3.124,444496769.000
-0.346,1.753,0.026,-39.276,-26.205,-3.124,444496869.000
-0.348,1.754,0.029,-39.269,-26.208,-3.133,444496969.000
-0.350,1.753,0.026,-39.276,-26.180,-3.124,444497068.000
-0.348,1.752,0.026,-39.256,-26.192,-3.142,444497169.000
-0.346,1.750,0.031,-39.264,-26.188,-3.132,444497269.000
-0.346,1.758,0.029,-39.176,-26.196,-3.105,444497368.000
-0.346,1.753,0.029,-39.248,-26.172,-3.123,444497469.000
-0.348,1.751,0.026,-39.215,-26.168,-3.142,444497568.000
-0.350,1.755,0.024,-39.178,-26.163,-3.114,444497669.000
-0.344,1.754,0.029,-39.213,-26.185,-3.104,444497768.000
-0.350,1.753,0.026,-39.180,-26.155,-3.123,444497869.000
-0.348,1.754,0.034,-39.186,-26.143,-3.104,444497969.000
-0.346,1.753,0.026,-39.193,-26.156,-3.123,444498068.000
-0.348,1.754,0.026,-39.144,-26.167,-3.132,444498168.000
-0.344,1.749,0.029,-39.188,-26.184,-3.122,444498268.000
-0.346,1.750,0.026,-39.153,-26.155,-3.131,444498369.000
-0.348,1.749,0.026,-39.160,-26.191,-3.095,444498468.000
-0.348,1.751,0.031,-39.132,-26.150,-3.113,444498569.000
-0.350,1.753,0.029,-39.139,-26.146,-3.123,444498668.000
-0.346,1.755,0.029,-39.095,-26.171,-3.085,444498768.000
-0.346,1.753,0.031,-39.110,-26.187,-3.067,444498868.000
-0.348,1.749,0.026,-39.119,-26.167,-3.095,444498969.000
-0.350,1.748,0.026,-39.127,-26.154,-3.113,444499068.000
-0.348,1.752,0.029,-39.076,-26.134,-3.085,444499169.000
-0.346,1.753,0.029,-39.041,-26.195,-3.094,444499268.000
-0.348,1.749,0.024,-39.063,-26.199,-3.067,444499369.000
-0.350,1.755,0.031,-39.055,-26.137,-3.113,444499468.000
-0.344,1.746,0.024,-39.078,-26.176,-3.103,444499568.000
-0.348,1.749,0.031,-39.064,-26.149,-3.094,444499668.000
-0.354,1.750,0.026,-39.057,-26.128,-3.076,444499769.000
-0.348,1.749,0.029,-39.050,-26.158,-3.094,444499868.000
-0.348,1.749,0.024,-39.036,-26.150,-3.094,444499969.000
-0.348,1.744,0.029,-39.067,-26.133,-3.112,444500068.000
-0.350,1.750,0.029,-39.016,-26.145,-3.103,444500169.000
-0.348,1.749,0.034,-39.023,-26.141,-3.066,444500268.000
-0.348,1.749,0.026,-38.995,-26.141,-3.093,444500368.000
-0.348,1.746,0.029,-38.996,-26.133,-3.075,444500468.000
-0.346,1.748,0.029,-38.975,-26.170,-3.084,444500568.000
-0.348,1.746,0.034,-38.997,-26.165,-3.075,444500668.000
-0.346,1.745,0.031,-38.976,-26.161,-3.065,444500769.000
