0.070,-0.086,-0.157,2.614,1.693,0.593,446185699.000
0.068,-0.082,-0.155,2.540,1.713,0.592,446185800.000
0.068,-0.090,-0.160,2.578,1.697,0.592,446185899.000
0.070,-0.091,-0.164,2.543,1.716,0.574,446185999.000
0.068,-0.093,-0.160,2.549,1.721,0.611,446186100.000
0.066,-0.091,-0.155,2.597,1.727,0.602,446186199.000
0.072,-0.093,-0.157,2.563,1.704,0.584,446186299.000
0.066,-0.091,-0.157,2.584,1.718,0.602,446186399.000
0.070,-0.091,-0.160,2.571,1.733,0.602,446186499.000
0.068,-0.090,-0.162,2.592,1.737,0.593,446186600.000
0.064,-0.085,-0.150,2.607,1.756,0.583,446186700.000
0.068,-0.090,-0.157,2.578,1.730,0.593,446186800.000
0.066,-0.089,-0.162,2.627,1.750,0.584,446186899.000
0.068,-0.090,-0.160,2.592,1.721,0.593,446187000.000
0.068,-0.093,-0.152,2.562,1.746,0.611,446187099.000
0.070,-0.089,-0.154,2.613,1.701,0.584,446187199.000
0.068,-0.093,-0.160,2.591,1.746,0.611,446187299.000
0.066,-0.089,-0.157,2.613,1.743,0.611,446187400.000
0.068,-0.095,-0.164,2.561,1.705,0.574,446187499.000
0.070,-0.091,-0.154,2.597,1.701,0.575,446187599.000
0.064,-0.088,-0.167,2.620,1.722,0.574,446187700.000
0.066,-0.091,-0.155,2.584,1.751,0.602,446187799.000
0.066,-0.092,-0.159,2.570,1.758,0.574,446187900.000
0.068,-0.090,-0.164,2.592,1.753,0.565,446187999.000
0.068,-0.095,-0.160,2.589,1.722,0.602,446188100.000
0.066,-0.092,-0.164,2.598,1.742,0.574,446188199.000
0.066,-0.091,-0.160,2.625,1.759,0.602,446188299.000
0.070,-0.089,-0.167,2.600,1.708,0.584,446188400.000
0.068,-0.088,-0.162,2.620,1.713,0.574,446188499.000
0.070,-0.091,-0.155,2.570,1.701,0.602,446188599.000
0.068,-0.090,-0.164,2.592,1.705,0.565,446188699.000
0.068,-0.093,-0.164,2.590,1.729,0.584,446188799.000
0.068,-0.090,-0.162,2.619,1.738,0.593,446188899.000
0.068,-0.090,-0.164,2.578,1.729,0.593,446188999.000
0.068,-0.088,-0.159,2.607,1.722,0.574,446189099.000
0.062,-0.091,-0.160,2.583,1.760,0.601,446189199.000
0.061,-0.094,-0.160,2.609,1.784,0.593,446189299.000
0.066,-0.091,-0.162,2.584,1.750,0.602,446189399.000
0.066,-0.089,-0.165,2.613,1.742,0.611,446189499.000
0.070,-0.091,-0.162,2.598,1.700,0.602,446189599.000
0.068,-0.088,-0.162,2.634,1.738,0.575,446189699.000
0.068,-0.093,-0.157,2.590,1.730,0.611,446189799.000
0.066,-0.091,-0.164,2.626,1.742,0.602,446189899.000
0.066,-0.091,-0.162,2.598,1.774,0.602,446189999.000
0.068,-0.090,-0.162,2.619,1.738,0.593,446190099.000
0.066,-0.091,-0.157,2.625,1.743,0.602,446190199.000
0.066,-0.094,-0.167,2.583,1.758,0.593,446190299.000
0.068,-0.093,-0.167,2.604,1.770,0.556,446190400.000
0.066,-0.094,-0.164,2.597,1.766,0.593,446190500.000
0.068,-0.093,-0.160,2.604,1.722,0.611,446190600.000
0.066,-0.092,-0.159,2.625,1.759,0.575,446190699.000
0.068,-0.095,-0.162,2.603,1.762,0.603,446190800.000
0.068,-0.095,-0.157,2.589,1.754,0.602,446190900.000
0.068,-0.090,-0.159,2.605,1.746,0.593,446191000.000
0.068,-0.090,-0.162,2.619,1.738,0.593,446191099.000
0.070,-0.091,-0.162,2.640,1.725,0.630,446191199.000
0.066,-0.097,-0.167,2.582,1.782,0.584,446191300.000
0.064,-0.090,-0.157,2.605,1.755,0.592,446191399.000
0.064,-0.093,-0.159,2.617,1.772,0.584,446191500.000
0.068,-0.090,-0.162,2.633,1.762,0.593,446191599.000
0.068,-0.088,-0.162,2.634,1.738,0.575,446191699.000
0.064,-0.090,-0.162,2.632,1.788,0.565,446191799.000
0.068,-0.090,-0.162,2.633,1.762,0.593,446191899.000
0.066,-0.089,-0.167,2.613,1.758,0.583,446191999.000
0.064,-0.095,-0.165,2.589,1.779,0.602,446192100.000
0.068,-0.088,-0.167,2.663,1.770,0.603,446192199.000
0.068,-0.093,-0.162,2.590,1.762,0.584,446192299.000
0.070,-0.094,-0.162,2.611,1.749,0.594,446192400.000
0.068,-0.093,-0.162,2.604,1.738,0.611,446192499.000
0.068,-0.095,-0.159,2.602,1.746,0.575,446192599.000
0.068,-0.095,-0.157,2.561,1.754,0.602,446192700.000
0.070,-0.089,-0.157,2.655,1.742,0.612,446192799.000
0.068,-0.088,-0.162,2.648,1.762,0.575,446192899.000
0.066,-0.094,-0.164,2.597,1.766,0.593,446192999.000
0.070,-0.091,-0.162,2.626,1.749,0.603,446193099.000
0.064,-0.093,-0.159,2.631,1.747,0.583,446193199.000
0.064,-0.088,-0.160,2.634,1.747,0.602,446193299.000
0.064,-0.088,-0.157,2.620,1.755,0.602,446193400.000
0.066,-0.091,-0.155,2.611,1.751,0.602,446193500.000
0.068,-0.093,-0.164,2.591,1.778,0.584,446193599.000
0.070,-0.089,-0.162,2.641,1.749,0.584,446193699.000
0.068,-0.093,-0.162,2.618,1.762,0.584,446193799.000
0.066,-0.092,-0.157,2.625,1.743,0.574,446193900.000
0.066,-0.092,-0.162,2.639,1.799,0.575,446193999.000
0.070,-0.089,-0.159,2.627,1.758,0.584,446194099.000
0.068,-0.090,-0.162,2.633,1.762,0.593,446194199.000
0.064,-0.093,-0.160,2.590,1.771,0.611,446194299.000
0.068,-0.093,-0.164,2.604,1.754,0.584,446194399.000
0.068,-0.088,-0.164,2.621,1.729,0.574,446194498.000
0.068,-0.098,-0.162,2.574,1.738,0.593,446194599.000
0.070,-0.094,-0.162,2.597,1.725,0.593,446194698.000
0.066,-0.097,-0.162,2.595,1.775,0.584,446194799.000
0.068,-0.093,-0.159,2.618,1.746,0.584,446194899.000
0.064,-0.090,-0.157,2.646,1.780,0.593,446195000.000
0.066,-0.089,-0.155,2.626,1.751,0.584,446195099.000
0.068,-0.093,-0.155,2.604,1.738,0.584,446195199.000
0.068,-0.095,-0.167,2.575,1.745,0.574,446195299.000
0.066,-0.089,-0.162,2.640,1.775,0.584,446195400.000
0.068,-0.093,-0.164,2.604,1.754,0.584,446195499.000
0.068,-0.090,-0.164,2.620,1.754,0.593,446195599.000
0.066,-0.091,-0.167,2.612,1.782,0.602,446195699.000
0.068,-0.093,-0.167,2.618,1.745,0.584,446195799.000
0.070,-0.094,-0.162,2.597,1.725,0.593,446195899.000
0.064,-0.090,-0.157,2.632,1.756,0.593,446196000.000
0.068,-0.093,-0.164,2.590,1.729,0.584,446196098.000
0.064,-0.093,-0.162,2.617,1.788,0.584,446196198.000
0.066,-0.092,-0.159,2.625,1.759,0.575,446196299.000
0.066,-0.094,-0.162,2.596,1.750,0.593,446196398.000
0.068,-0.093,-0.162,2.618,1.762,0.584,446196498.000
0.066,-0.089,-0.157,2.627,1.767,0.611,446196598.000
0.066,-0.089,-0.160,2.627,1.734,0.611,446196698.000
0.066,-0.089,-0.164,2.640,1.742,0.556,446196798.000
0.066,-0.092,-0.157,2.639,1.767,0.602,446196898.000
0.068,-0.095,-0.160,2.589,1.770,0.603,446196999.000
0.068,-0.090,-0.162,2.633,1.762,0.593,446197099.000
0.066,-0.089,-0.167,2.641,1.758,0.584,446197199.000
0.066,-0.089,-0.164,2.627,1.766,0.584,446197298.000
0.064,-0.090,-0.159,2.618,1.747,0.565,446197399.000
0.066,-0.092,-0.162,2.625,1.775,0.602,446197499.000
0.068,-0.095,-0.155,2.602,1.763,0.603,446197599.000
0.068,-0.093,-0.164,2.591,1.778,0.584,446197699.000
0.070,-0.094,-0.160,2.597,1.709,0.621,446197798.000
0.064,-0.093,-0.162,2.604,1.763,0.583,446197899.000
0.066,-0.091,-0.165,2.612,1.766,0.602,446197999.000
0.068,-0.090,-0.162,2.592,1.737,0.593,446198099.000
0.068,-0.090,-0.157,2.619,1.754,0.593,446198199.000
0.068,-0.093,-0.165,2.605,1.753,0.612,446198298.000
0.064,-0.090,-0.160,2.605,1.771,0.593,446198399.000
0.066,-0.089,-0.159,2.599,1.734,0.583,446198499.000
0.066,-0.092,-0.154,2.611,1.751,0.574,446198598.000
0.066,-0.092,-0.157,2.639,1.767,0.602,446198699.000
0.068,-0.095,-0.157,2.603,1.779,0.603,446198798.000
0.070,-0.092,-0.157,2.611,1.742,0.575,446198899.000
0.064,-0.090,-0.162,2.591,1.763,0.592,446198999.000
0.070,-0.094,-0.159,2.611,1.733,0.593,446199099.000
0.066,-0.091,-0.165,2.584,1.766,0.602,446199199.000
0.066,-0.092,-0.162,2.625,1.775,0.575,446199299.000
0.064,-0.088,-0.155,2.661,1.813,0.602,446199398.000
0.068,-0.093,-0.162,2.577,1.786,0.584,446199498.000
0.068,-0.085,-0.167,2.636,1.745,0.584,446199599.000
0.066,-0.091,-0.160,2.625,1.759,0.602,446199698.000
0.070,-0.089,-0.162,2.627,1.773,0.584,446199798.000
0.066,-0.097,-0.164,2.609,1.767,0.584,446199898.000
0.068,-0.090,-0.162,2.592,1.786,0.593,446199998.000
0.066,-0.091,-0.152,2.625,1.760,0.602,446200098.000
0.068,-0.093,-0.162,2.618,1.762,0.584,446200199.000
0.070,-0.092,-0.162,2.612,1.773,0.575,446200298.000
0.068,-0.090,-0.162,2.619,1.786,0.593,446200398.000
0.070,-0.091,-0.160,2.598,1.782,0.603,446200499.000
0.068,-0.095,-0.164,2.589,1.754,0.575,446200599.000
0.068,-0.090,-0.160,2.537,1.769,0.593,446200699.000
0.066,-0.091,-0.169,2.543,1.725,0.573,446200798.000
0.066,-0.086,-0.162,2.545,1.725,0.564,446200899.000
0.062,-0.081,-0.145,2.422,1.613,0.580,446200999.000
0.060,-0.079,-0.152,2.402,1.480,0.569,446201098.000
0.055,-0.083,-0.160,2.309,1.201,0.565,446201198.000
0.043,-0.070,-0.153,2.314,0.865,0.606,446201298.000
0.038,-0.063,-0.155,2.282,0.313,0.582,446201398.000
0.022,-0.055,-0.156,2.242,-0.265,0.574,446201498.000
0.002,-0.041,-0.156,2.204,-0.915,0.639,446201599.000
-0.013,-0.033,-0.156,2.150,-1.663,0.602,446201698.000
-0.036,-0.021,-0.154,2.124,-2.400,0.628,446201799.000
-0.054,-0.012,-0.144,2.090,-3.223,0.609,446201899.000
-0.068,0.002,-0.155,2.040,-4.053,0.645,446201998.000
-0.088,0.016,-0.140,1.959,-4.823,0.653,446202099.000
-0.105,0.031,-0.138,1.916,-5.526,0.708,446202198.000
-0.129,0.047,-0.134,1.726,-6.280,0.696,446202299.000
-0.140,0.061,-0.129,1.689,-7.110,0.705,446202398.000
-0.161,0.081,-0.145,1.483,-7.823,0.748,446202498.000
-0.180,0.090,-0.133,1.414,-8.601,0.738,446202599.000
-0.193,0.110,-0.133,1.181,-9.364,0.810,446202700.000
-0.215,0.120,-0.134,1.023,-10.075,0.790,446202800.000
-0.234,0.134,-0.137,0.862,-10.783,0.853,446202900.000
-0.249,0.145,-0.132,0.671,-11.588,0.824,446202999.000
-0.275,0.173,-0.135,0.620,-12.355,0.922,446203099.000
-0.288,0.186,-0.118,0.436,-13.155,0.912,446203200.000
-0.309,0.201,-0.126,0.227,-13.916,0.964,446203299.000
-0.324,0.215,-0.117,0.051,-14.705,0.972,446203399.000
-0.348,0.239,-0.120,-0.091,-15.558,1.014,446203499.000
-0.365,0.254,-0.108,-0.287,-16.302,1.068,446203599.000
-0.393,0.273,-0.107,-0.502,-17.137,1.119,446203700.000
-0.403,0.292,-0.112,-0.674,-17.904,1.145,446203799.000
-0.429,0.305,-0.105,-0.900,-18.784,1.187,446203899.000
-0.448,0.327,-0.109,-1.098,-19.590,1.276,446203999.000
-0.471,0.346,-0.104,-1.396,-20.467,1.271,446204100.000
-0.487,0.363,-0.112,-1.596,-21.169,1.344,446204199.000
-0.514,0.382,-0.098,-1.785,-22.035,1.367,446204299.000
-0.531,0.405,-0.104,-1.989,-22.862,1.419,446204400.000
-0.559,0.424,-0.090,-2.178,-23.825,1.497,446204499.000
-0.582,0.449,-0.090,-2.417,-24.767,1.566,446204599.000
-0.605,0.473,-0.089,-2.698,-25.653,1.607,446204699.000
-0.628,0.493,-0.089,-2.981,-26.523,1.685,446204799.000
-0.655,0.512,-0.088,-3.307,-27.553,1.733,446204900.000
-0.672,0.538,-0.086,-3.579,-28.428,1.794,446204999.000
-0.704,0.562,-0.082,-3.847,-29.352,1.861,446205100.000
-0.725,0.583,-0.071,-4.124,-30.266,1.930,446205200.000
-0.744,0.610,-0.081,-4.389,-31.194,1.953,446205299.000
-0.774,0.633,-0.077,-4.719,-32.082,2.057,446205399.000
-0.792,0.653,-0.073,-5.002,-33.009,2.108,446205499.000
-0.820,0.680,-0.074,-5.295,-33.951,2.212,446205600.000
-0.841,0.698,-0.065,-5.504,-34.848,2.245,446205699.000
-0.868,0.728,-0.068,-5.781,-35.774,2.386,446205799.000
-0.892,0.747,-0.059,-6.079,-36.489,2.438,446205900.000
-0.906,0.765,-0.062,-6.272,-37.042,2.475,446205999.000
-0.911,0.782,-0.068,-6.863,-37.270,2.485,446206100.000
-0.909,0.808,-0.058,-7.534,-37.281,2.413,446206200.000
-0.896,0.829,-0.054,-8.239,-37.057,2.345,446206300.000
-0.882,0.851,-0.062,-9.074,-36.720,2.241,446206400.000
-0.872,0.884,-0.047,-9.795,-36.402,2.145,446206499.000
-0.857,0.909,-0.052,-10.560,-36.129,2.077,446206599.000
-0.847,0.936,-0.048,-11.366,-35.845,1.934,446206699.000
-0.832,0.956,-0.046,-12.230,-35.596,1.875,446206799.000
-0.822,0.981,-0.049,-12.996,-35.361,1.750,446206900.000
-0.809,1.005,-0.044,-13.728,-35.162,1.664,446206999.000
-0.803,1.035,-0.045,-14.519,-34.918,1.584,446207099.000
-0.788,1.060,-0.042,-15.284,-34.740,1.460,446207199.000
-0.780,1.084,-0.038,-16.113,-34.541,1.372,446207300.000
-0.769,1.114,-0.038,-16.862,-34.395,1.265,446207400.000
-0.763,1.139,-0.041,-17.642,-34.256,1.167,446207500.000
-0.759,1.168,-0.039,-18.469,-34.064,1.069,446207599.000
-0.744,1.198,-0.030,-19.205,-33.983,0.963,446207699.000
-0.740,1.222,-0.030,-19.965,-33.799,0.846,446207800.000
-0.733,1.252,-0.028,-20.785,-33.668,0.739,446207899.000
-0.720,1.278,-0.023,-21.584,-33.615,0.659,446207999.000
-0.714,1.306,-0.024,-22.280,-33.467,0.543,446208100.000
-0.708,1.336,-0.017,-23.155,-33.321,0.435,446208199.000
-0.705,1.364,-0.012,-23.824,-33.227,0.346,446208299.000
-0.692,1.393,-0.020,-24.608,-33.144,0.248,446208399.000
-0.682,1.418,-0.018,-25.332,-33.013,0.151,446208499.000
-0.680,1.440,-0.008,-25.977,-32.903,0.072,446208600.000
-0.667,1.467,-0.006,-26.804,-32.883,-0.063,446208700.000
-0.667,1.501,-0.007,-27.519,-32.746,-0.171,446208800.000
-0.654,1.522,0.003,-28.322,-32.676,-0.269,446208899.000
-0.647,1.557,0.002,-29.138,-32.627,-0.387,446208999.000
-0.641,1.587,0.005,-29.944,-32.520,-0.523,446209100.000
-0.632,1.609,0.002,-30.718,-32.442,-0.621,446209200.000
-0.630,1.641,0.006,-31.454,-32.374,-0.720,446209299.000
-0.623,1.669,0.018,-32.207,-32.306,-0.864,446209400.000
-0.612,1.702,0.013,-32.968,-32.274,-0.963,446209500.000
-0.610,1.729,0.020,-33.707,-32.221,-1.080,446209600.000
-0.601,1.758,0.025,-34.479,-32.119,-1.206,446209699.000
-0.599,1.786,0.029,-35.203,-32.075,-1.296,446209799.000
-0.592,1.816,0.026,-35.939,-32.057,-1.404,446209899.000
-0.586,1.844,0.026,-36.760,-31.983,-1.549,446209999.000
-0.577,1.878,0.038,-37.474,-31.976,-1.629,446210099.000
-0.572,1.904,0.040,-38.234,-31.929,-1.765,446210199.000
-0.566,1.932,0.040,-39.041,-31.927,-1.911,446210300.000
-0.559,1.965,0.049,-39.762,-31.892,-2.010,446210399.000
-0.552,2.000,0.044,-40.510,-31.835,-2.155,446210499.000
-0.550,2.025,0.049,-41.250,-31.790,-2.254,446210599.000
-0.546,2.057,0.056,-42.048,-31.800,-2.372,446210700.000
-0.539,2.084,0.053,-42.703,-31.708,-2.516,446210800.000
-0.537,2.117,0.055,-43.535,-31.698,-2.616,446210899.000
-0.525,2.150,0.067,-44.299,-31.728,-2.798,446210999.000
-0.521,2.184,0.067,-45.027,-31.690,-2.907,446211099.000
-0.512,2.213,0.064,-45.784,-31.709,-3.006,446211199.000
-0.514,2.241,0.078,-46.621,-31.704,-3.125,446211300.000
-0.507,2.273,0.078,-47.329,-31.678,-3.279,446211399.000
-0.496,2.301,0.083,-48.052,-31.684,-3.395,446211500.000
-0.498,2.339,0.075,-48.799,-31.681,-3.533,446211599.000
-0.496,2.367,0.089,-49.539,-31.676,-3.679,446211700.000
-0.487,2.398,0.092,-50.268,-31.703,-3.796,446211800.000
-0.484,2.428,0.096,-51.019,-31.732,-3.933,446211899.000
-0.484,2.465,0.101,-51.733,-31.748,-4.061,446211999.000
-0.473,2.490,0.101,-52.403,-31.746,-4.186,446212099.000
-0.470,2.518,0.110,-53.211,-31.783,-4.332,446212199.000
-0.468,2.556,0.107,-53.902,-31.788,-4.441,446212300.000
-0.463,2.587,0.114,-54.619,-31.797,-4.587,446212399.000
-0.461,2.604,0.117,-55.128,-31.782,-4.684,446212500.000
-0.452,2.607,0.114,-55.388,-31.723,-4.730,446212600.000
-0.459,2.618,0.122,-55.362,-31.612,-4.731,446212700.000
-0.451,2.616,0.117,-55.141,-31.556,-4.709,446212799.000
-0.449,2.593,0.115,-54.856,-31.452,-4.686,446212899.000
-0.454,2.580,0.115,-54.476,-31.301,-4.617,446212999.000
-0.456,2.563,0.110,-54.174,-31.180,-4.576,446213099.000
-0.457,2.555,0.105,-53.860,-31.096,-4.544,446213199.000
-0.450,2.543,0.110,-53.582,-31.042,-4.485,446213300.000
-0.451,2.530,0.106,-53.340,-30.982,-4.472,446213400.000
-0.453,2.515,0.106,-53.120,-30.870,-4.423,446213500.000
-0.449,2.512,0.106,-52.830,-30.796,-4.373,446213599.000
-0.449,2.502,0.104,-52.628,-30.753,-4.352,446213699.000
-0.448,2.490,0.101,-52.406,-30.675,-4.293,446213800.000
-0.448,2.482,0.094,-52.216,-30.600,-4.291,446213900.000
-0.448,2.472,0.102,-52.028,-30.549,-4.242,446214000.000
-0.448,2.466,0.102,-51.797,-30.474,-4.230,446214099.000
-0.449,2.458,0.099,-51.621,-30.407,-4.200,446214200.000
-0.447,2.452,0.095,-51.437,-30.337,-4.179,446214300.000
-0.447,2.444,0.095,-51.261,-30.287,-4.149,446214399.000
-0.443,2.431,0.092,-51.143,-30.198,-4.137,446214499.000
-0.447,2.433,0.100,-50.949,-30.146,-4.071,446214599.000
-0.443,2.422,0.095,-50.816,-30.089,-4.105,446214700.000
-0.441,2.418,0.088,-50.631,-30.076,-4.075,446214800.000
-0.444,2.407,0.098,-50.520,-29.956,-4.045,446214899.000
-0.440,2.404,0.093,-50.341,-29.948,-4.025,446214999.000
-0.442,2.397,0.093,-50.200,-29.860,-4.004,446215099.000
-0.440,2.391,0.088,-50.058,-29.815,-4.011,446215200.000
-0.440,2.385,0.091,-49.909,-29.757,-4.000,446215299.000
-0.445,2.377,0.096,-49.803,-29.689,-3.944,446215399.000
-0.443,2.373,0.093,-49.701,-29.660,-3.970,446215499.000
-0.439,2.363,0.086,-49.581,-29.612,-3.921,446215599.000
-0.441,2.356,0.084,-49.467,-29.558,-3.929,446215699.000
-0.435,2.352,0.091,-49.365,-29.522,-3.899,446215799.000
-0.437,2.348,0.084,-49.194,-29.459,-3.897,446215900.000
-0.433,2.348,0.086,-49.042,-29.426,-3.867,446215999.000
-0.433,2.345,0.089,-48.919,-29.344,-3.847,446216099.000
-0.433,2.332,0.089,-48.843,-29.318,-3.836,446216200.000
-0.429,2.330,0.087,-48.719,-29.327,-3.816,446216299.000
-0.436,2.328,0.084,-48.631,-29.199,-3.834,446216399.000
-0.434,2.322,0.084,-48.503,-29.162,-3.813,446216499.000
-0.434,2.319,0.084,-48.408,-29.112,-3.793,446216599.000
-0.432,2.310,0.084,-48.322,-29.075,-3.782,446216699.000
-0.434,2.308,0.077,-48.191,-29.013,-3.772,446216800.000
-0.430,2.303,0.080,-48.097,-28.981,-3.733,446216900.000
-0.428,2.299,0.082,-47.982,-28.960,-3.731,446216999.000
-0.431,2.292,0.077,-47.895,-28.890,-3.739,446217100.000
-0.429,2.289,0.082,-47.821,-28.861,-3.710,446217199.000
-0.431,2.290,0.078,-47.689,-28.790,-3.718,446217300.000
-0.427,2.282,0.078,-47.638,-28.791,-3.717,446217400.000
-0.429,2.275,0.078,-47.537,-28.728,-3.669,446217499.000
-0.425,2.275,0.080,-47.413,-28.744,-3.668,446217600.000
-0.425,2.262,0.073,-47.364,-28.671,-3.657,446217699.000
-0.425,2.265,0.080,-47.239,-28.621,-3.646,446217799.000
-0.423,2.261,0.078,-47.192,-28.593,-3.645,446217899.000
-0.425,2.257,0.073,-47.091,-28.571,-3.644,446217999.000
-0.423,2.253,0.078,-46.989,-28.493,-3.615,446218099.000
-0.423,2.247,0.071,-46.936,-28.493,-3.632,446218199.000
-0.421,2.246,0.073,-46.819,-28.448,-3.621,446218299.000
-0.417,2.246,0.073,-46.736,-28.424,-3.592,446218399.000
-0.420,2.239,0.073,-46.650,-28.386,-3.600,446218499.000
-0.420,2.232,0.078,-46.626,-28.345,-3.572,446218600.000
-0.422,2.228,0.076,-46.538,-28.267,-3.543,446218700.000
-0.420,2.231,0.076,-46.419,-28.254,-3.569,446218800.000
-0.422,2.225,0.076,-46.346,-28.192,-3.522,446218899.000
-0.420,2.221,0.071,-46.286,-28.172,-3.549,446219000.000
-0.418,2.217,0.071,-46.198,-28.135,-3.547,446219099.000
-0.416,2.215,0.066,-46.122,-28.115,-3.537,446219199.000
-0.421,2.210,0.071,-46.029,-28.048,-3.499,446219299.000
-0.414,2.206,0.069,-46.009,-28.045,-3.498,446219399.000
-0.417,2.202,0.076,-45.922,-27.982,-3.496,446219500.000
-0.419,2.196,0.072,-45.877,-27.937,-3.505,446219600.000
-0.415,2.196,0.064,-45.807,-27.938,-3.476,446219699.000
-0.419,2.193,0.072,-45.713,-27.863,-3.457,446219799.000
-0.415,2.193,0.074,-45.629,-27.855,-3.455,446219899.000
-0.413,2.186,0.074,-45.571,-27.842,-3.463,446220000.000
-0.413,2.184,0.069,-45.502,-27.761,-3.443,446220100.000
-0.413,2.184,0.065,-45.405,-27.753,-3.443,446220201.000
-0.411,2.177,0.065,-45.347,-27.740,-3.451,446220301.000
-0.413,2.178,0.067,-45.257,-27.694,-3.431,446220401.000
-0.411,2.169,0.072,-45.268,-27.666,-3.421,446220501.000
-0.411,2.172,0.065,-45.156,-27.641,-3.439,446220601.000
-0.412,2.166,0.065,-45.104,-27.592,-3.428,446220701.000
-0.410,2.157,0.067,-45.074,-27.571,-3.418,446220799.000
-0.414,2.160,0.072,-44.962,-27.504,-3.380,446220900.000
-0.414,2.160,0.070,-44.907,-27.488,-3.380,446221000.000
-0.414,2.154,0.070,-44.841,-27.462,-3.369,446221101.000
-0.412,2.148,0.070,-44.796,-27.426,-3.377,446221201.000
-0.408,2.153,0.060,-44.708,-27.436,-3.358,446221300.000
-0.412,2.142,0.068,-44.674,-27.336,-3.366,446221400.000
-0.413,2.142,0.070,-44.605,-27.327,-3.365,446221499.000
-0.410,2.139,0.070,-44.558,-27.315,-3.337,446221600.000
-0.406,2.136,0.073,-44.490,-27.307,-3.317,446221701.000
-0.406,2.131,0.065,-44.451,-27.234,-3.334,446221800.000
-0.404,2.134,0.063,-44.359,-27.254,-3.334,446221899.000
-0.407,2.133,0.065,-44.297,-27.184,-3.296,446221999.000
-0.409,2.126,0.061,-44.267,-27.163,-3.332,446222099.000
-0.407,2.130,0.063,-44.147,-27.118,-3.303,446222199.000
-0.405,2.121,0.066,-44.158,-27.122,-3.293,446222300.000
-0.407,2.122,0.066,-44.082,-27.085,-3.274,446222399.000
-0.403,2.117,0.058,-44.043,-27.037,-3.319,446222499.000
-0.401,2.116,0.061,-43.953,-27.041,-3.309,446222599.000
-0.405,2.111,0.056,-43.914,-27.007,-3.271,446222700.000
-0.403,2.112,0.063,-43.838,-26.994,-3.280,446222800.000
-0.403,2.112,0.063,-43.769,-26.970,-3.251,446222899.000
-0.405,2.105,0.063,-43.766,-26.884,-3.260,446223000.000
-0.399,2.104,0.056,-43.703,-26.898,-3.249,446223099.000
-0.401,2.100,0.056,-43.630,-26.860,-3.276,446223200.000
-0.401,2.097,0.066,-43.618,-26.826,-3.257,446223300.000
-0.401,2.095,0.061,-43.577,-26.794,-3.238,446223400.000
-0.402,2.092,0.059,-43.509,-26.777,-3.246,446223500.000
-0.404,2.088,0.059,-43.463,-26.740,-3.218,446223599.000
-0.397,2.089,0.051,-43.385,-26.754,-3.226,446223699.000
-0.400,2.093,0.059,-43.322,-26.667,-3.225,446223799.000
-0.400,2.083,0.061,-43.286,-26.658,-3.206,446223899.000
-0.400,2.083,0.066,-43.245,-26.665,-3.205,446224000.000
-0.396,2.080,0.049,-43.203,-26.627,-3.213,446224099.000
-0.402,2.076,0.061,-43.172,-26.571,-3.186,446224200.000
-0.398,2.071,0.052,-43.132,-26.556,-3.203,446224299.000
-0.398,2.073,0.059,-43.049,-26.531,-3.193,446224400.000
-0.398,2.073,0.059,-42.980,-26.506,-3.192,446224499.000
-0.396,2.074,0.054,-42.930,-26.510,-3.201,446224600.000
-0.396,2.069,0.059,-42.892,-26.469,-3.190,446224700.000
-0.398,2.063,0.062,-42.861,-26.447,-3.171,446224799.000
-0.394,2.063,0.052,-42.832,-26.409,-3.170,446224900.000
-0.394,2.057,0.054,-42.794,-26.400,-3.160,446224999.000
-0.396,2.056,0.047,-42.732,-26.363,-3.178,446225099.000
-0.392,2.056,0.054,-42.690,-26.363,-3.150,446225200.000
-0.392,2.051,0.052,-42.651,-26.322,-3.140,446225299.000
-0.392,2.048,0.052,-42.625,-26.297,-3.148,446225400.000
-0.393,2.051,0.060,-42.569,-26.272,-3.138,446225500.000
-0.393,2.045,0.055,-42.530,-26.264,-3.156,446225600.000
-0.393,2.043,0.057,-42.490,-26.231,-3.137,446225700.000
-0.393,2.045,0.047,-42.433,-26.191,-3.155,446225799.000
-0.388,2.043,0.052,-42.365,-26.247,-3.136,446225899.000
-0.391,2.039,0.057,-42.347,-26.193,-3.107,446225999.000
-0.393,2.037,0.050,-42.327,-26.133,-3.125,446226099.000
-0.389,2.032,0.050,-42.287,-26.133,-3.115,446226199.000
-0.389,2.032,0.050,-42.246,-26.109,-3.087,446226299.000
-0.389,2.032,0.055,-42.164,-26.091,-3.114,446226400.000
-0.391,2.028,0.048,-42.158,-26.030,-3.113,446226499.000
-0.387,2.025,0.045,-42.104,-26.015,-3.121,446226600.000
-0.389,2.029,0.048,-42.040,-25.994,-3.093,446226699.000
-0.389,2.027,0.053,-41.987,-26.000,-3.102,446226800.000
-0.391,2.025,0.045,-41.952,-25.964,-3.092,446226899.000
-0.389,2.019,0.053,-41.936,-25.927,-3.100,446226999.000
-0.389,2.013,0.048,-41.924,-25.919,-3.091,446227099.000
-0.387,2.015,0.055,-41.875,-25.906,-3.072,446227199.000
-0.387,2.012,0.048,-41.848,-25.882,-3.080,446227300.000
-0.385,2.013,0.053,-41.786,-25.878,-3.061,446227399.000
-0.385,2.011,0.053,-41.759,-25.853,-3.070,446227499.000
-0.383,2.009,0.050,-41.684,-25.849,-3.059,446227599.000
-0.388,2.009,0.048,-41.643,-25.783,-3.059,446227699.000
-0.383,2.007,0.048,-41.588,-25.784,-3.067,446227800.000
-0.388,2.004,0.048,-41.576,-25.758,-3.049,446227900.000
-0.386,2.003,0.053,-41.542,-25.730,-3.039,446227999.000
-0.388,2.001,0.043,-41.508,-25.725,-3.057,446228099.000
-0.381,1.998,0.043,-41.475,-25.763,-3.028,446228199.000
-0.386,2.000,0.051,-41.419,-25.664,-3.019,446228299.000
-0.386,1.995,0.051,-41.408,-25.639,-3.037,446228400.000
-0.382,1.992,0.051,-41.354,-25.640,-3.017,446228499.000
-0.382,1.992,0.041,-41.326,-25.624,-3.044,446228600.000
-0.384,1.988,0.041,-41.294,-25.562,-3.044,446228699.000
-0.382,1.989,0.041,-41.258,-25.575,-3.025,446228799.000
-0.382,1.989,0.043,-41.189,-25.566,-3.024,446228899.000
-0.382,1.984,0.048,-41.192,-25.549,-3.014,446229000.000
-0.380,1.983,0.046,-41.158,-25.521,-3.004,446229099.000
-0.382,1.984,0.046,-41.095,-25.508,-3.013,446229200.000
-0.380,1.980,0.041,-41.063,-25.488,-3.040,446229300.000
-0.385,1.980,0.051,-41.036,-25.429,-2.985,446229400.000
-0.380,1.980,0.046,-41.021,-25.447,-3.012,446229500.000
-0.374,1.979,0.044,-40.958,-25.445,-2.973,446229599.000
-0.380,1.975,0.044,-40.955,-25.406,-3.001,446229699.000
-0.376,1.972,0.041,-40.914,-25.415,-2.982,446229799.000
-0.381,1.969,0.044,-40.902,-25.357,-2.991,446229899.000
-0.381,1.970,0.046,-40.860,-25.348,-2.963,446230000.000
-0.383,1.971,0.049,-40.826,-25.303,-2.972,446230100.000
-0.374,1.966,0.046,-40.800,-25.337,-2.961,446230200.000
-0.381,1.967,0.046,-40.738,-25.298,-2.971,446230299.000
-0.379,1.963,0.046,-40.719,-25.286,-2.970,446230399.000
-0.377,1.962,0.049,-40.657,-25.290,-2.960,446230499.000
-0.375,1.958,0.041,-40.665,-25.279,-2.959,446230599.000
-0.379,1.963,0.049,-40.595,-25.228,-2.968,446230699.000
-0.375,1.958,0.046,-40.569,-25.237,-2.930,446230799.000
-0.379,1.952,0.044,-40.600,-25.196,-2.949,446230899.000
-0.375,1.955,0.046,-40.529,-25.188,-2.939,446231000.000
-0.379,1.955,0.044,-40.460,-25.171,-2.939,446231100.000
-0.377,1.951,0.047,-40.469,-25.126,-2.938,446231200.000
-0.375,1.947,0.039,-40.436,-25.139,-2.937,446231299.000
-0.377,1.951,0.042,-40.372,-25.118,-2.937,446231399.000
-0.375,1.942,0.047,-40.411,-25.090,-2.927,446231500.000
-0.373,1.946,0.042,-40.347,-25.094,-2.927,446231600.000
-0.375,1.944,0.039,-40.299,-25.065,-2.917,446231699.000
-0.375,1.944,0.044,-40.272,-25.048,-2.917,446231799.000
-0.373,1.938,0.044,-40.268,-25.036,-2.897,446231899.000
-0.373,1.938,0.044,-40.226,-25.012,-2.897,446232000.000
-0.378,1.938,0.042,-40.213,-24.994,-2.925,446232099.000
-0.376,1.941,0.042,-40.135,-24.958,-2.924,446232199.000
-0.378,1.940,0.039,-40.101,-24.953,-2.887,446232299.000
-0.369,1.932,0.040,-40.105,-24.980,-2.941,446232399.000
-0.374,1.935,0.042,-40.062,-24.921,-2.904,446232500.000
-0.371,1.934,0.044,-40.014,-24.949,-2.894,446232600.000
-0.371,1.934,0.037,-40.000,-24.926,-2.894,446232700.000
-0.374,1.930,0.039,-39.996,-24.880,-2.893,446232800.000
-0.374,1.932,0.040,-39.939,-24.856,-2.911,446232900.000
-0.372,1.923,0.042,-39.965,-24.835,-2.929,446232999.000
-0.370,1.927,0.042,-39.913,-24.848,-2.873,446233099.000
-0.372,1.923,0.035,-39.895,-24.811,-2.901,446233199.000
-0.367,1.923,0.040,-39.853,-24.844,-2.872,446233299.000
-0.372,1.926,0.042,-39.811,-24.786,-2.863,446233399.000
-0.370,1.924,0.040,-39.763,-24.782,-2.881,446233500.000
-0.365,1.919,0.037,-39.765,-24.791,-2.871,446233599.000
-0.368,1.915,0.045,-39.789,-24.778,-2.871,446233700.000
-0.370,1.916,0.042,-39.698,-24.748,-2.852,446233799.000
-0.368,1.912,0.040,-39.707,-24.721,-2.879,446233900.000
-0.370,1.916,0.042,-39.657,-24.675,-2.851,446233999.000
-0.366,1.911,0.040,-39.631,-24.733,-2.869,446234100.000
-0.368,1.912,0.042,-39.624,-24.687,-2.878,446234200.000
-0.370,1.906,0.040,-39.607,-24.658,-2.859,446234299.000
-0.368,1.910,0.040,-39.570,-24.647,-2.858,446234400.000
-0.368,1.907,0.037,-39.530,-24.630,-2.839,446234499.000
-0.366,1.906,0.037,-39.523,-24.619,-2.830,446234599.000
-0.370,1.903,0.033,-39.497,-24.585,-2.866,446234699.000
-0.368,1.899,0.037,-39.465,-24.581,-2.838,446234800.000
-0.366,1.903,0.040,-39.428,-24.585,-2.838,446234900.000
-0.364,1.899,0.038,-39.381,-24.605,-2.837,446235000.000
-0.366,1.900,0.043,-39.375,-24.576,-2.846,446235099.000
-0.364,1.896,0.040,-39.355,-24.548,-2.845,446235200.000
-0.368,1.899,0.033,-39.354,-24.499,-2.836,446235299.000
-0.369,1.896,0.038,-39.300,-24.506,-2.817,446235399.000
-0.362,1.895,0.038,-39.252,-24.544,-2.835,446235499.000
-0.369,1.896,0.038,-39.259,-24.482,-2.817,446235600.000
-0.367,1.895,0.035,-39.224,-24.454,-2.807,446235699.000
-0.367,1.892,0.038,-39.185,-24.469,-2.816,446235799.000
-0.367,1.890,0.040,-39.173,-24.436,-2.824,446235900.000
-0.362,1.887,0.033,-39.173,-24.438,-2.805,446235999.000
-0.367,1.887,0.035,-39.118,-24.428,-2.805,446236100.000
-0.365,1.891,0.040,-39.068,-24.424,-2.805,446236199.000
-0.363,1.890,0.040,-39.047,-24.388,-2.795,446236299.000
-0.365,1.886,0.035,-39.070,-24.392,-2.795,446236400.000
-0.360,1.883,0.038,-39.030,-24.384,-2.803,446236499.000
-0.363,1.884,0.036,-38.995,-24.355,-2.812,446236599.000
-0.363,1.882,0.038,-38.969,-24.347,-2.793,446236699.000
-0.360,1.878,0.033,-38.991,-24.376,-2.793,446236800.000
-0.363,1.882,0.040,-38.955,-24.338,-2.793,446236899.000
-0.367,1.876,0.036,-38.944,-24.305,-2.811,446236999.000
-0.363,1.874,0.043,-38.877,-24.280,-2.791,446237100.000
-0.359,1.874,0.041,-38.793,-24.240,-2.762,446237199.000
-0.359,1.874,0.033,-38.779,-24.265,-2.790,446237299.000
-0.363,1.871,0.038,-38.753,-24.199,-2.771,446237400.000
-0.363,1.868,0.033,-38.740,-24.166,-2.752,446237500.000
-0.361,1.867,0.031,-38.693,-24.163,-2.798,446237600.000
-0.361,1.864,0.038,-38.708,-24.162,-2.779,446237700.000
-0.363,1.866,0.031,-38.686,-24.126,-2.761,446237800.000
-0.357,1.867,0.038,-38.623,-24.163,-2.741,446237900.000
-0.361,1.867,0.036,-38.596,-24.121,-2.769,446238000.000
-0.357,1.862,0.036,-38.598,-24.098,-2.759,446238100.000
-0.359,1.860,0.033,-38.578,-24.117,-2.777,446238200.000
-0.361,1.862,0.033,-38.543,-24.056,-2.758,446238301.000
-0.357,1.862,0.036,-38.515,-24.097,-2.758,446238401.000
-0.357,1.859,0.038,-38.489,-24.088,-2.767,446238500.000
-0.357,1.856,0.033,-38.476,-24.056,-2.748,446238601.000
-0.359,1.855,0.033,-38.470,-24.067,-2.739,446238701.000
-0.353,1.856,0.026,-38.420,-24.082,-2.747,446238800.000
-0.362,1.856,0.033,-38.407,-24.006,-2.720,446238900.000
-0.357,1.854,0.029,-38.395,-23.999,-2.756,446239000.000
-0.355,1.852,0.036,-38.361,-24.035,-2.746,446239101.000
-0.355,1.852,0.034,-38.333,-24.019,-2.746,446239200.000
-0.355,1.850,0.033,-38.334,-23.994,-2.699,446239301.000
-0.360,1.850,0.041,-38.307,-23.968,-2.699,446239401.000
-0.353,1.849,0.031,-38.286,-23.991,-2.717,446239501.000
-0.353,1.846,0.034,-38.274,-23.958,-2.726,446239601.000
-0.360,1.844,0.031,-38.227,-23.903,-2.716,446239701.000
-0.356,1.845,0.031,-38.226,-23.929,-2.716,446239800.000
-0.358,1.846,0.031,-38.192,-23.916,-2.725,446239900.000
-0.353,1.843,0.029,-38.179,-23.925,-2.734,446240000.000
-0.356,1.842,0.036,-38.159,-23.911,-2.724,446240101.000
-0.356,1.839,0.034,-38.119,-23.895,-2.733,446240201.000
-0.356,1.844,0.036,-38.116,-23.862,-2.715,446240300.000
-0.351,1.842,0.026,-38.089,-23.896,-2.723,446240401.000
-0.356,1.839,0.036,-38.078,-23.837,-2.705,446240500.000
-0.356,1.839,0.029,-38.022,-23.838,-2.704,446240600.000
-0.352,1.842,0.034,-38.006,-23.847,-2.694,446240700.000
-0.358,1.840,0.026,-37.959,-23.809,-2.685,446240800.000
-0.356,1.836,0.029,-37.982,-23.837,-2.713,446240900.000
-0.352,1.839,0.032,-37.925,-23.805,-2.702,446241000.000
-0.354,1.838,0.034,-37.919,-23.833,-2.721,446241101.000
-0.356,1.836,0.034,-37.899,-23.771,-2.684,446241201.000
-0.356,1.829,0.034,-37.945,-23.771,-2.684,446241300.000
-0.352,1.834,0.027,-37.872,-23.773,-2.692,446241400.000
-0.354,1.832,0.027,-37.880,-23.760,-2.711,446241500.000
-0.358,1.830,0.024,-37.868,-23.718,-2.693,446241601.000
-0.352,1.826,0.027,-37.848,-23.748,-2.691,446241701.000
-0.354,1.827,0.032,-37.814,-23.718,-2.673,446241800.000
-0.358,1.827,0.029,-37.773,-23.701,-2.673,446241901.000
-0.350,1.825,0.034,-37.773,-23.711,-2.653,446242001.000
-0.359,1.824,0.027,-37.746,-23.660,-2.682,446242101.000
-0.350,1.825,0.032,-37.746,-23.694,-2.681,446242200.000
-0.356,1.826,0.029,-37.683,-23.640,-2.662,446242300.000
-0.350,1.822,0.027,-37.691,-23.686,-2.661,446242401.000
-0.354,1.824,0.032,-37.677,-23.644,-2.680,446242500.000
-0.350,1.822,0.032,-37.678,-23.645,-2.661,446242600.000
-0.348,1.820,0.022,-37.643,-23.666,-2.679,446242701.000
-0.352,1.821,0.027,-37.657,-23.600,-2.652,446242801.000
-0.352,1.818,0.027,-37.618,-23.600,-2.660,446242900.000
-0.350,1.819,0.032,-37.583,-23.644,-2.669,446243000.000
-0.355,1.822,0.029,-37.554,-23.578,-2.660,446243100.000
-0.352,1.815,0.029,-37.537,-23.591,-2.669,446243200.000
-0.352,1.815,0.027,-37.550,-23.551,-2.641,446243301.000
-0.350,1.814,0.024,-37.502,-23.547,-2.658,446243400.000
-0.353,1.815,0.029,-37.453,-23.493,-2.639,446243500.000
-0.350,1.811,0.032,-37.462,-23.546,-2.639,446243601.000
-0.348,1.810,0.034,-37.470,-23.526,-2.630,446243700.000
-0.353,1.812,0.024,-37.413,-23.509,-2.621,446243801.000
-0.351,1.811,0.029,-37.421,-23.505,-2.639,446243901.000
-0.355,1.806,0.032,-37.438,-23.471,-2.630,446244001.000
-0.350,1.808,0.022,-37.380,-23.505,-2.648,446244100.000
-0.351,1.811,0.029,-37.352,-23.480,-2.638,446244201.000
-0.351,1.809,0.032,-37.381,-23.472,-2.620,446244300.000
-0.346,1.806,0.032,-37.341,-23.497,-2.656,446244400.000
-0.349,1.807,0.029,-37.305,-23.468,-2.609,446244501.000
-0.351,1.803,0.025,-37.314,-23.447,-2.637,446244600.000
-0.351,1.801,0.027,-37.316,-23.439,-2.646,446244701.000
-0.351,1.801,0.025,-37.288,-23.423,-2.618,446244800.000
-0.346,1.801,0.027,-37.273,-23.440,-2.617,446244901.000
-0.349,1.804,0.030,-37.210,-23.418,-2.645,446245001.000
-0.349,1.797,0.027,-37.255,-23.403,-2.617,446245100.000
-0.351,1.798,0.025,-37.206,-23.398,-2.626,446245201.000
-0.349,1.799,0.027,-37.185,-23.402,-2.607,446245301.000
-0.349,1.799,0.027,-37.171,-23.378,-2.607,446245400.000
-0.347,1.800,0.025,-37.135,-23.374,-2.616,446245501.000
-0.345,1.794,0.022,-37.145,-23.371,-2.597,446245600.000
-0.344,1.794,0.027,-37.118,-23.402,-2.624,446245701.000
-0.345,1.797,0.030,-37.075,-23.369,-2.615,446245801.000
-0.349,1.797,0.022,-37.089,-23.321,-2.587,446245900.000
-0.347,1.790,0.027,-37.072,-23.316,-2.596,446246001.000
-0.349,1.791,0.030,-37.065,-23.319,-2.605,446246100.000
-0.349,1.791,0.025,-37.023,-23.311,-2.605,446246200.000
-0.349,1.789,0.027,-37.024,-23.254,-2.586,446246300.000
-0.343,1.798,0.027,-36.956,-23.317,-2.567,446246400.000
-0.345,1.786,0.022,-37.011,-23.296,-2.595,446246500.000
-0.343,1.790,0.030,-36.988,-23.308,-2.594,446246600.000
-0.347,1.790,0.027,-36.920,-23.242,-2.594,446246701.000
-0.347,1.787,0.025,-36.907,-23.274,-2.575,446246800.000
-0.345,1.786,0.020,-36.914,-23.255,-2.593,446246900.000
-0.345,1.789,0.030,-36.886,-23.246,-2.584,446247001.000
-0.345,1.791,0.032,-36.857,-23.238,-2.575,446247101.000
-0.345,1.783,0.030,-36.875,-23.221,-2.574,446247200.000
-0.345,1.781,0.028,-36.849,-23.229,-2.611,446247299.000
-0.343,1.782,0.030,-36.813,-23.209,-2.564,446247400.000
-0.345,1.781,0.025,-36.834,-23.237,-2.583,446247500.000
-0.345,1.778,0.032,-36.822,-23.188,-2.564,446247600.000
-0.345,1.775,0.025,-36.796,-23.213,-2.573,446247699.000
-0.345,1.778,0.018,-36.794,-23.189,-2.564,446247799.000
-0.343,1.777,0.020,-36.746,-23.169,-2.581,446247899.000
-0.348,1.777,0.030,-36.733,-23.134,-2.554,446248000.000
-0.343,1.777,0.025,-36.746,-23.152,-2.554,446248100.000
-0.345,1.773,0.018,-36.714,-23.140,-2.581,446248199.000
-0.348,1.779,0.025,-36.690,-23.102,-2.544,446248299.000
-0.343,1.774,0.025,-36.665,-23.127,-2.562,446248400.000
-0.348,1.771,0.023,-36.666,-23.110,-2.544,446248500.000
-0.339,1.772,0.025,-36.652,-23.152,-2.543,446248599.000
-0.343,1.771,0.028,-36.639,-23.118,-2.543,446248700.000
-0.341,1.773,0.023,-36.575,-23.099,-2.524,446248799.000
-0.343,1.769,0.023,-36.626,-23.086,-2.552,446248899.000
-0.343,1.771,0.028,-36.542,-23.093,-2.542,446248999.000
-0.341,1.767,0.020,-36.564,-23.107,-2.542,446249099.000
-0.341,1.773,0.025,-36.534,-23.090,-2.551,446249199.000
-0.341,1.767,0.025,-36.537,-23.041,-2.541,446249300.000
-0.341,1.765,0.025,-36.524,-23.089,-2.550,446249399.000
-0.344,1.763,0.020,-36.518,-23.021,-2.541,446249499.000
-0.341,1.762,0.025,-36.512,-23.041,-2.531,446249600.000
-0.339,1.771,0.025,-36.445,-23.029,-2.540,446249700.000
-0.344,1.761,0.023,-36.492,-23.012,-2.522,446249800.000
-0.346,1.770,0.020,-36.397,-23.007,-2.531,446249899.000
-0.337,1.765,0.020,-36.385,-23.033,-2.520,446249999.000
-0.342,1.760,0.025,-36.430,-23.016,-2.512,446250100.000
-0.339,1.761,0.023,-36.394,-23.012,-2.520,446250200.000
-0.342,1.764,0.023,-36.331,-22.975,-2.548,446250300.000
-0.342,1.759,0.025,-36.375,-22.967,-2.511,446250399.000
-0.344,1.761,0.030,-36.354,-22.961,-2.520,446250500.000
-0.342,1.757,0.023,-36.362,-22.950,-2.520,446250600.000
-0.340,1.755,0.025,-36.343,-22.979,-2.538,446250699.000
-0.342,1.757,0.023,-36.293,-22.974,-2.519,446250799.000
-0.342,1.757,0.025,-36.307,-22.917,-2.519,446250900.000
-0.342,1.754,0.030,-36.281,-22.925,-2.500,446251000.000
-0.342,1.757,0.025,-36.252,-22.917,-2.491,446251099.000
-0.342,1.752,0.020,-36.268,-22.909,-2.509,446251200.000
-0.338,1.754,0.021,-36.238,-22.910,-2.499,446251299.000
-0.342,1.757,0.023,-36.238,-22.925,-2.518,446251399.000
-0.342,1.751,0.023,-36.241,-22.876,-2.509,446251499.000
-0.340,1.753,0.028,-36.178,-22.872,-2.489,446251600.000
-0.338,1.751,0.018,-36.157,-22.918,-2.508,446251700.000
-0.338,1.751,0.023,-36.171,-22.877,-2.507,446251799.000
-0.338,1.749,0.016,-36.145,-22.901,-2.517,446251899.000
-0.340,1.750,0.023,-36.151,-22.864,-2.498,446252000.000
-0.338,1.746,0.023,-36.160,-22.852,-2.498,446252099.000
-0.340,1.747,0.021,-36.084,-22.847,-2.507,446252199.000
-0.338,1.746,0.023,-36.077,-22.851,-2.497,446252299.000
-0.340,1.747,0.018,-36.070,-22.807,-2.506,446252399.000
-0.340,1.745,0.023,-36.099,-22.815,-2.488,446252499.000
-0.340,1.747,0.023,-36.028,-22.814,-2.478,446252600.000
-0.338,1.746,0.023,-36.022,-22.802,-2.468,446252699.000
-0.338,1.744,0.023,-36.009,-22.802,-2.477,446252799.000
-0.338,1.743,0.026,-36.010,-22.818,-2.505,446252899.000
-0.340,1.742,0.026,-36.031,-22.781,-2.496,446252999.000
-0.340,1.740,0.031,-35.992,-22.764,-2.477,446253099.000
-0.334,1.743,0.023,-35.954,-22.827,-2.477,446253199.000
-0.338,1.743,0.018,-35.926,-22.769,-2.477,446253299.000
-0.336,1.739,0.018,-35.949,-22.782,-2.504,446253399.000
-0.336,1.740,0.021,-35.935,-22.774,-2.476,446253499.000
-0.340,1.742,0.021,-35.893,-22.748,-2.467,446253599.000
-0.336,1.737,0.016,-35.922,-22.742,-2.485,446253700.000
-0.336,1.739,0.018,-35.893,-22.733,-2.475,446253799.000
-0.332,1.737,0.016,-35.880,-22.743,-2.456,446253900.000
-0.341,1.739,0.023,-35.853,-22.666,-2.475,446253999.000
-0.340,1.737,0.018,-35.868,-22.683,-2.484,446254099.000
-0.336,1.734,0.021,-35.841,-22.700,-2.465,446254199.000
-0.336,1.734,0.018,-35.827,-22.708,-2.465,446254300.000
-0.336,1.739,0.023,-35.769,-22.691,-2.446,446254399.000
-0.336,1.734,0.026,-35.800,-22.659,-2.437,446254499.000
-0.338,1.730,0.023,-35.809,-22.654,-2.437,446254599.000
-0.338,1.733,0.021,-35.766,-22.638,-2.455,446254700.000
-0.338,1.733,0.028,-35.753,-22.661,-2.455,446254799.000
-0.336,1.731,0.019,-35.718,-22.634,-2.473,446254900.000
-0.336,1.729,0.018,-35.761,-22.634,-2.455,446255000.000
-0.336,1.726,0.019,-35.735,-22.658,-2.491,446255100.000
-0.334,1.730,0.021,-35.684,-22.638,-2.463,446255200.000
-0.334,1.730,0.024,-35.643,-22.629,-2.462,446255300.000
-0.336,1.726,0.019,-35.666,-22.633,-2.463,446255400.000
-0.334,1.727,0.019,-35.644,-22.622,-2.471,446255501.000
-0.337,1.726,0.019,-35.666,-22.585,-2.462,446255600.000
-0.334,1.725,0.018,-35.631,-22.622,-2.425,446255701.000
-0.337,1.726,0.023,-35.638,-22.568,-2.434,446255800.000
-0.337,1.724,0.023,-35.584,-22.543,-2.415,446255901.000
-0.334,1.725,0.026,-35.576,-22.572,-2.424,446256001.000
-0.335,1.717,0.024,-35.608,-22.531,-2.451,446256101.000
-0.334,1.725,0.016,-35.548,-22.556,-2.452,446256200.000
-0.337,1.726,0.024,-35.542,-22.543,-2.433,446256300.000
-0.335,1.717,0.016,-35.566,-22.556,-2.451,446256401.000
-0.335,1.722,0.024,-35.481,-22.555,-2.432,446256500.000
-0.337,1.721,0.029,-35.503,-22.501,-2.423,446256600.000
-0.333,1.718,0.014,-35.503,-22.504,-2.432,446256701.000
-0.335,1.719,0.016,-35.482,-22.531,-2.441,446256800.000
-0.333,1.718,0.019,-35.461,-22.511,-2.404,446256901.000
-0.330,1.714,0.019,-35.484,-22.524,-2.431,446257000.000
-0.335,1.717,0.024,-35.442,-22.481,-2.422,446257101.000
-0.337,1.721,0.021,-35.406,-22.477,-2.422,446257200.000
-0.330,1.712,0.016,-35.430,-22.483,-2.412,446257301.000
-0.333,1.716,0.021,-35.394,-22.478,-2.412,446257400.000
-0.333,1.713,0.019,-35.409,-22.462,-2.393,446257500.000
-0.335,1.717,0.024,-35.318,-22.407,-2.420,446257600.000
-0.337,1.713,0.024,-35.383,-22.419,-2.421,446257700.000
-0.331,1.714,0.021,-35.347,-22.441,-2.429,446257800.000
-0.335,1.717,0.019,-35.304,-22.400,-2.420,446257901.000
-0.333,1.715,0.016,-35.297,-22.421,-2.411,446258001.000
-0.335,1.712,0.019,-35.307,-22.399,-2.411,446258100.000
-0.333,1.713,0.021,-35.272,-22.428,-2.420,446258200.000
-0.333,1.710,0.016,-35.286,-22.396,-2.401,446258300.000
-0.333,1.710,0.014,-35.272,-22.404,-2.429,446258401.000
-0.331,1.709,0.021,-35.253,-22.416,-2.419,446258501.000
-0.331,1.706,0.016,-35.267,-22.384,-2.400,446258600.000
-0.331,1.704,0.011,-35.254,-22.352,-2.409,446258701.000
-0.329,1.705,0.014,-35.247,-22.381,-2.418,446258801.000
-0.331,1.711,0.019,-35.154,-22.351,-2.381,446258901.000
-0.333,1.705,0.024,-35.206,-22.346,-2.390,446259001.000
-0.333,1.705,0.019,-35.192,-22.338,-2.390,446259100.000
-0.333,1.707,0.021,-35.136,-22.329,-2.381,446259201.000
-0.335,1.704,0.021,-35.173,-22.293,-2.381,446259301.000
-0.327,1.706,0.022,-35.115,-22.319,-2.398,446259401.000
-0.331,1.701,0.021,-35.132,-22.317,-2.389,446259500.000
-0.331,1.706,0.021,-35.088,-22.342,-2.371,446259601.000
-0.329,1.702,0.024,-35.111,-22.322,-2.398,446259700.000
-0.333,1.705,0.019,-35.068,-22.313,-2.389,446259801.000
-0.331,1.701,0.021,-35.063,-22.293,-2.361,446259901.000
-0.333,1.697,0.017,-35.100,-22.272,-2.416,446260001.000
-0.331,1.701,0.024,-35.050,-22.284,-2.388,446260101.000
-0.329,1.700,0.019,-35.043,-22.289,-2.378,446260201.000
-0.333,1.700,0.017,-35.015,-22.247,-2.379,446260301.000
-0.331,1.696,0.017,-35.024,-22.284,-2.406,446260401.000
-0.329,1.697,0.019,-35.002,-22.240,-2.359,446260500.000
-0.329,1.694,0.022,-35.004,-22.280,-2.396,446260601.000
-0.331,1.696,0.019,-34.983,-22.227,-2.378,446260701.000
-0.329,1.699,0.014,-34.904,-22.256,-2.377,446260801.000
-0.334,1.692,0.019,-34.978,-22.214,-2.350,446260901.000
-0.331,1.693,0.019,-34.929,-22.202,-2.358,446261001.000
-0.327,1.690,0.014,-34.971,-22.245,-2.368,446261101.000
-0.329,1.692,0.019,-34.950,-22.191,-2.376,446261201.000
-0.331,1.693,0.022,-34.915,-22.194,-2.358,446261301.000
-0.329,1.692,0.024,-34.882,-22.198,-2.376,446261401.000
-0.329,1.692,0.017,-34.881,-22.198,-2.376,446261500.000
-0.331,1.693,0.017,-34.860,-22.210,-2.385,446261601.000
-0.338,1.691,0.019,-34.855,-22.115,-2.376,446261700.000
-0.329,1.689,0.014,-34.868,-22.182,-2.357,446261800.000
-0.329,1.692,0.017,-34.812,-22.174,-2.348,446261900.000
-0.329,1.686,0.014,-34.828,-22.133,-2.366,446262000.000
-0.329,1.692,0.022,-34.784,-22.157,-2.347,446262101.000
-0.332,1.688,0.027,-34.781,-22.127,-2.375,446262200.000
-0.329,1.686,0.014,-34.801,-22.133,-2.365,446262300.000
-0.332,1.688,0.017,-34.779,-22.112,-2.347,446262401.000
-0.327,1.688,0.019,-34.765,-22.129,-2.346,446262501.000
-0.332,1.688,0.019,-34.738,-22.103,-2.346,446262601.000
-0.330,1.684,0.019,-34.775,-22.140,-2.374,446262701.000
-0.330,1.686,0.017,-34.718,-22.100,-2.364,446262800.000
-0.327,1.687,0.015,-34.669,-22.120,-2.373,446262901.000
-0.332,1.682,0.014,-34.699,-22.095,-2.337,446263001.000
-0.325,1.681,0.019,-34.720,-22.141,-2.327,446263101.000
-0.328,1.680,0.017,-34.686,-22.087,-2.345,446263200.000
-0.328,1.682,0.015,-34.644,-22.071,-2.363,446263301.000
-0.328,1.682,0.024,-34.617,-22.086,-2.335,446263401.000
-0.325,1.681,0.017,-34.651,-22.100,-2.354,446263501.000
-0.325,1.678,0.015,-34.652,-22.060,-2.362,446263600.000
-0.325,1.684,0.017,-34.594,-22.075,-2.344,446263700.000
-0.328,1.677,0.022,-34.605,-22.046,-2.325,446263801.000
-0.328,1.677,0.015,-34.605,-22.046,-2.353,446263900.000
-0.330,1.678,0.012,-34.625,-22.018,-2.335,446264000.000
-0.328,1.677,0.015,-34.577,-22.046,-2.353,446264101.000
-0.326,1.678,0.022,-34.542,-22.058,-2.334,446264200.000
-0.328,1.672,0.015,-34.566,-22.021,-2.343,446264301.000
-0.326,1.676,0.014,-34.556,-22.010,-2.315,446264400.000
-0.323,1.674,0.017,-34.537,-22.038,-2.333,446264501.000
-0.326,1.673,0.015,-34.517,-22.010,-2.351,446264601.000
-0.328,1.674,0.014,-34.523,-22.021,-2.306,446264701.000
-0.330,1.675,0.015,-34.475,-21.984,-2.342,446264801.000
-0.330,1.673,0.015,-34.490,-21.984,-2.324,446264900.000
-0.328,1.674,0.015,-34.496,-21.972,-2.333,446265001.000
-0.324,1.672,0.015,-34.510,-21.998,-2.314,446265100.000
-0.326,1.676,0.020,-34.433,-21.968,-2.314,446265201.000
-0.328,1.672,0.017,-34.442,-21.964,-2.314,446265301.000
-0.328,1.674,0.010,-34.413,-21.988,-2.332,446265400.000
-0.326,1.670,0.015,-34.449,-21.960,-2.332,446265500.000
-0.328,1.664,0.017,-34.460,-21.963,-2.313,446265600.000
-0.326,1.670,0.015,-34.421,-21.912,-2.331,446265701.000
-0.326,1.665,0.015,-34.410,-21.935,-2.322,446265800.000
-0.328,1.666,0.022,-34.403,-21.922,-2.304,446265901.000
-0.328,1.669,0.012,-34.360,-21.906,-2.322,446266000.000
-0.326,1.665,0.017,-34.397,-21.927,-2.322,446266100.000
-0.326,1.665,0.015,-34.369,-21.911,-2.294,446266200.000
-0.324,1.669,0.017,-34.332,-21.915,-2.321,446266300.000
-0.326,1.665,0.020,-34.341,-21.894,-2.293,446266400.000
-0.328,1.664,0.015,-34.335,-21.873,-2.312,446266500.000
-0.326,1.662,0.012,-34.356,-21.895,-2.303,446266601.000
-0.328,1.666,0.012,-34.292,-21.857,-2.302,446266700.000
-0.324,1.669,0.010,-34.249,-21.915,-2.320,446266800.000
-0.328,1.664,0.007,-34.252,-21.873,-2.311,446266900.000
-0.326,1.660,0.017,-34.317,-21.877,-2.311,446267000.000
-0.324,1.661,0.012,-34.240,-21.882,-2.320,446267100.000
-0.322,1.660,0.015,-34.261,-21.886,-2.310,446267201.000
-0.326,1.662,0.020,-34.219,-21.844,-2.301,446267301.000
-0.324,1.661,0.007,-34.212,-21.850,-2.319,446267400.000
-0.324,1.661,0.015,-34.226,-21.873,-2.292,446267500.000
-0.326,1.660,0.017,-34.206,-21.828,-2.282,446267600.000
-0.326,1.657,0.012,-34.207,-21.820,-2.291,446267701.000
-0.324,1.658,0.015,-34.186,-21.824,-2.300,446267801.000
-0.320,1.661,0.012,-34.183,-21.858,-2.291,446267901.000
-0.322,1.662,0.010,-34.121,-21.829,-2.327,446268001.000
-0.324,1.653,0.017,-34.202,-21.816,-2.291,446268100.000
-0.324,1.658,0.015,-34.158,-21.776,-2.299,446268201.000
-0.324,1.658,0.012,-34.116,-21.784,-2.299,446268301.000
-0.324,1.651,0.017,-34.176,-21.791,-2.272,446268401.000
-0.326,1.654,0.017,-34.126,-21.778,-2.272,446268500.000
-0.324,1.661,0.010,-34.060,-21.792,-2.290,446268601.000
-0.326,1.657,0.015,-34.083,-21.762,-2.262,446268701.000
-0.324,1.656,0.013,-34.077,-21.783,-2.308,446268800.000
-0.327,1.652,0.017,-34.086,-21.729,-2.280,446268901.000
-0.322,1.649,0.015,-34.087,-21.763,-2.289,446269001.000
-0.322,1.652,0.013,-34.030,-21.771,-2.279,446269100.000
-0.322,1.652,0.010,-34.071,-21.780,-2.280,446269200.000
-0.320,1.658,0.018,-34.006,-21.743,-2.297,446269301.000
-0.322,1.652,0.017,-34.044,-21.730,-2.279,446269401.000
-0.320,1.656,0.010,-33.965,-21.743,-2.278,446269501.000
-0.325,1.650,0.017,-34.010,-21.693,-2.269,446269601.000
-0.325,1.650,0.020,-33.983,-21.709,-2.269,446269700.000
-0.324,1.650,0.015,-33.982,-21.725,-2.269,446269800.000
-0.322,1.649,0.015,-33.935,-21.737,-2.287,446269900.000
-0.325,1.650,0.018,-33.941,-21.668,-2.269,446270001.000
-0.322,1.652,0.015,-33.906,-21.713,-2.278,446270101.000
-0.325,1.648,0.013,-33.928,-21.684,-2.278,446270201.000
-0.322,1.649,0.013,-33.935,-21.673,-2.287,446270301.000
-0.322,1.646,0.015,-33.922,-21.689,-2.268,446270400.000
-0.320,1.645,0.008,-33.915,-21.726,-2.286,446270501.000
-0.320,1.643,0.018,-33.931,-21.693,-2.268,446270601.000
-0.325,1.648,0.015,-33.873,-21.651,-2.277,446270701.000
-0.320,1.645,0.008,-33.915,-21.678,-2.286,446270800.000
-0.323,1.644,0.005,-33.868,-21.648,-2.277,446270899.000
-0.323,1.644,0.013,-33.840,-21.648,-2.249,446271000.000
-0.323,1.649,0.013,-33.810,-21.647,-2.258,446271100.000
-0.325,1.648,0.018,-33.791,-21.666,-2.276,446271201.000
-0.318,1.641,0.010,-33.828,-21.657,-2.285,446271300.000
-0.323,1.641,0.013,-33.787,-21.623,-2.257,446271400.000
-0.320,1.645,0.013,-33.791,-21.636,-2.257,446271499.000
-0.323,1.638,0.010,-33.774,-21.606,-2.266,446271601.000
-0.323,1.641,0.010,-33.800,-21.583,-2.257,446271700.000
-0.323,1.638,0.015,-33.788,-21.614,-2.266,446271800.000
-0.321,1.642,0.015,-33.765,-21.627,-2.238,446271900.000
-0.323,1.641,0.008,-33.758,-21.591,-2.229,446272000.000
-0.321,1.635,0.015,-33.769,-21.602,-2.238,446272100.000
-0.321,1.637,0.013,-33.726,-21.586,-2.256,446272200.000
-0.318,1.641,0.010,-33.689,-21.607,-2.255,446272300.000
-0.321,1.640,0.013,-33.711,-21.586,-2.246,446272400.000
-0.327,1.643,0.018,-33.676,-21.555,-2.247,446272501.000
-0.321,1.632,0.018,-33.702,-21.569,-2.246,446272601.000
-0.323,1.638,0.013,-33.663,-21.573,-2.237,446272701.000
-0.319,1.636,0.018,-33.679,-21.582,-2.246,446272801.000
-0.323,1.631,0.010,-33.681,-21.557,-2.237,446272900.000
-0.323,1.636,0.015,-33.651,-21.540,-2.246,446273001.000
-0.319,1.633,0.005,-33.665,-21.550,-2.227,446273101.000
-0.319,1.631,0.013,-33.639,-21.525,-2.235,446273201.000
-0.321,1.632,0.005,-33.632,-21.513,-2.245,446273301.000
-0.319,1.633,0.008,-33.624,-21.541,-2.254,446273401.000
-0.321,1.629,0.010,-33.633,-21.520,-2.226,446273501.000
-0.323,1.633,0.013,-33.597,-21.499,-2.226,446273600.000
-0.323,1.630,0.013,-33.571,-21.475,-2.235,446273701.000
-0.317,1.632,0.010,-33.576,-21.521,-2.244,446273801.000
-0.319,1.625,0.015,-33.587,-21.492,-2.225,446273901.000
-0.319,1.625,0.008,-33.587,-21.492,-2.253,446274001.000
-0.323,1.630,0.013,-33.543,-21.474,-2.235,446274100.000
-0.319,1.628,0.013,-33.558,-21.500,-2.244,446274201.000
-0.315,1.630,0.013,-33.528,-21.501,-2.234,446274300.000
-0.319,1.630,0.013,-33.501,-21.475,-2.206,446274401.000
-0.319,1.630,0.011,-33.515,-21.484,-2.234,446274501.000
-0.319,1.625,0.003,-33.503,-21.460,-2.224,446274600.000
-0.317,1.627,0.018,-33.510,-21.447,-2.205,446274701.000
-0.319,1.623,0.015,-33.520,-21.442,-2.233,446274800.000
-0.323,1.628,0.018,-33.463,-21.432,-2.243,446274901.000
-0.317,1.626,0.013,-33.469,-21.439,-2.233,446275000.000
-0.321,1.626,0.013,-33.469,-21.413,-2.206,446275100.000
-0.321,1.624,0.013,-33.429,-21.413,-2.214,446275200.000
-0.319,1.628,0.008,-33.420,-21.418,-2.242,446275301.000
-0.317,1.629,0.006,-33.398,-21.439,-2.223,446275400.000
-0.317,1.624,0.006,-33.414,-21.415,-2.214,446275501.000
-0.315,1.625,0.013,-33.407,-21.427,-2.223,446275601.000
-0.319,1.623,0.013,-33.422,-21.401,-2.204,446275701.000
-0.321,1.624,0.006,-33.415,-21.389,-2.214,446275801.000
-0.319,1.620,0.011,-33.397,-21.409,-2.241,446275900.000
-0.317,1.626,0.006,-33.372,-21.414,-2.232,446276001.000
-0.317,1.621,0.006,-33.360,-21.390,-2.222,446276100.000
-0.317,1.621,0.013,-33.361,-21.389,-2.222,446276201.000
-0.317,1.621,0.013,-33.375,-21.365,-2.250,446276300.000
-0.321,1.621,0.013,-33.362,-21.364,-2.222,446276400.000
-0.317,1.616,0.018,-33.377,-21.348,-2.185,446276500.000
-0.319,1.620,0.008,-33.313,-21.344,-2.185,446276601.000
-0.315,1.622,0.011,-33.297,-21.385,-2.203,446276701.000
-0.319,1.617,0.011,-33.314,-21.336,-2.194,446276801.000
-0.317,1.618,0.011,-33.307,-21.348,-2.203,446276901.000
-0.317,1.618,0.011,-33.320,-21.373,-2.203,446277001.000
-0.317,1.616,0.013,-33.280,-21.340,-2.184,446277100.000
-0.319,1.617,0.008,-33.300,-21.344,-2.194,446277200.000
-0.319,1.617,0.008,-33.259,-21.319,-2.193,446277301.000
-0.317,1.616,0.008,-33.266,-21.332,-2.184,446277401.000
-0.317,1.616,0.006,-33.267,-21.316,-2.239,446277501.000
-0.317,1.618,0.011,-33.224,-21.299,-2.202,446277601.000
-0.317,1.613,0.011,-33.240,-21.323,-2.192,446277700.000
-0.313,1.618,0.011,-33.182,-21.348,-2.201,446277801.000
-0.317,1.616,0.011,-33.197,-21.274,-2.183,446277901.000
-0.317,1.616,0.008,-33.197,-21.307,-2.183,446278000.000
-0.315,1.614,0.006,-33.218,-21.280,-2.201,446278100.000
-0.320,1.614,0.018,-33.164,-21.285,-2.173,446278200.000
-0.315,1.612,0.008,-33.179,-21.295,-2.210,446278300.000
-0.315,1.609,0.008,-33.152,-21.270,-2.191,446278400.000
-0.317,1.611,0.011,-33.172,-21.274,-2.173,446278501.000
-0.320,1.614,0.011,-33.136,-21.285,-2.173,446278601.000
-0.317,1.610,0.011,-33.145,-21.273,-2.200,446278700.000
-0.315,1.609,0.003,-33.138,-21.262,-2.218,446278801.000
-0.318,1.611,0.011,-33.131,-21.249,-2.172,446278900.000
-0.315,1.609,0.011,-33.139,-21.262,-2.190,446279000.000
-0.318,1.610,0.008,-33.104,-21.233,-2.200,446279101.000
-0.318,1.610,0.011,-33.118,-21.225,-2.200,446279201.000
-0.315,1.612,0.013,-33.082,-21.253,-2.181,446279300.000
-0.313,1.608,0.011,-33.105,-21.250,-2.208,446279400.000
-0.320,1.609,0.011,-33.070,-21.211,-2.190,446279500.000
-0.315,1.609,0.008,-33.069,-21.221,-2.190,446279600.000
-0.318,1.605,0.006,-33.065,-21.192,-2.189,446279700.000
-0.313,1.608,0.011,-33.022,-21.249,-2.180,446279800.000
-0.316,1.609,0.001,-33.041,-21.173,-2.189,446279900.000
-0.311,1.604,0.006,-33.057,-21.206,-2.179,446280001.000
-0.316,1.604,0.008,-33.031,-21.196,-2.180,446280100.000
-0.316,1.609,0.006,-33.000,-21.180,-2.189,446280201.000
-0.313,1.605,0.011,-33.023,-21.176,-2.161,446280300.000
-0.318,1.608,0.011,-32.995,-21.175,-2.180,446280400.000
-0.316,1.604,0.004,-32.989,-21.188,-2.179,446280500.000
-0.314,1.603,0.011,-33.010,-21.176,-2.170,446280600.000
-0.314,1.605,0.009,-32.968,-21.160,-2.188,446280700.000
-0.316,1.601,0.011,-32.963,-21.163,-2.188,446280800.000
-0.311,1.604,0.011,-32.934,-21.164,-2.178,446280900.000
-0.314,1.600,0.006,-32.984,-21.168,-2.178,446281001.000
-0.316,1.601,0.011,-32.935,-21.163,-2.160,446281101.000
-0.318,1.600,0.004,-32.943,-21.150,-2.179,446281201.000
-0.314,1.600,0.004,-32.942,-21.127,-2.178,446281300.000
-0.314,1.600,0.006,-32.915,-21.143,-2.178,446281401.000
-0.311,1.601,0.006,-32.893,-21.131,-2.186,446281501.000
-0.314,1.600,0.006,-32.887,-21.143,-2.177,446281601.000
-0.316,1.593,0.006,-32.939,-21.106,-2.159,446281700.000
-0.316,1.599,0.011,-32.909,-21.089,-2.141,446281800.000
-0.314,1.600,0.014,-32.860,-21.142,-2.177,446281901.000
-0.314,1.600,0.004,-32.845,-21.102,-2.149,446282001.000
-0.312,1.598,0.006,-32.867,-21.107,-2.167,446282101.000
-0.312,1.596,0.011,-32.869,-21.114,-2.177,446282200.000
-0.318,1.595,0.006,-32.863,-21.068,-2.168,446282301.000
-0.316,1.596,0.009,-32.842,-21.073,-2.177,446282400.000
-0.314,1.597,0.006,-32.806,-21.069,-2.158,446282501.000
-0.314,1.597,0.004,-32.819,-21.078,-2.158,446282600.000
-0.307,1.596,0.011,-32.799,-21.115,-2.148,446282701.000
-0.307,1.593,0.006,-32.786,-21.083,-2.156,446282800.000
-0.312,1.596,0.006,-32.786,-21.082,-2.176,446282901.000
-0.314,1.592,0.004,-32.781,-21.053,-2.148,446283001.000
-0.314,1.595,0.006,-32.765,-21.069,-2.139,446283100.000
-0.316,1.593,0.004,-32.732,-21.015,-2.157,446283201.000
-0.312,1.591,0.006,-32.761,-21.033,-2.166,446283301.000
-0.316,1.591,0.011,-32.761,-20.991,-2.138,446283400.000
-0.314,1.594,0.014,-32.725,-21.043,-2.138,446283501.000
-0.316,1.593,0.006,-32.718,-21.007,-2.157,446283601.000
-0.312,1.596,0.014,-32.675,-21.031,-2.147,446283700.000
-0.312,1.593,0.006,-32.676,-21.008,-2.156,446283800.000
-0.310,1.592,0.014,-32.711,-21.020,-2.119,446283900.000
-0.312,1.590,0.006,-32.664,-21.008,-2.137,446284001.000
-0.308,1.593,0.006,-32.648,-21.033,-2.155,446284100.000
-0.312,1.588,0.009,-32.638,-20.999,-2.146,446284200.000
-0.310,1.587,0.014,-32.673,-20.995,-2.136,446284301.000
-0.310,1.592,0.001,-32.628,-20.988,-2.145,446284400.000
-0.312,1.588,0.004,-32.651,-20.991,-2.146,446284500.000
-0.312,1.588,0.006,-32.638,-20.983,-2.146,446284600.000
-0.312,1.590,0.004,-32.595,-20.967,-2.136,446284700.000
-0.310,1.587,0.009,-32.617,-20.963,-2.136,446284800.000
-0.314,1.586,0.009,-32.604,-20.961,-2.136,446284900.000
-0.312,1.588,0.006,-32.596,-20.958,-2.117,446285001.000
-0.310,1.586,0.006,-32.576,-20.971,-2.135,446285101.000
-0.314,1.587,0.009,-32.590,-20.937,-2.108,446285201.000
-0.310,1.586,0.011,-32.549,-20.954,-2.135,446285300.000
-0.314,1.581,0.009,-32.565,-20.888,-2.126,446285400.000
-0.310,1.589,0.014,-32.492,-20.945,-2.125,446285501.000
-0.310,1.586,0.004,-32.534,-20.930,-2.135,446285601.000
-0.312,1.588,0.011,-32.500,-20.916,-2.116,446285701.000
-0.312,1.582,0.014,-32.517,-20.908,-2.134,446285800.000
-0.308,1.582,0.002,-32.516,-20.951,-2.162,446285900.000
-0.312,1.582,0.006,-32.516,-20.909,-2.134,446286000.000
-0.312,1.585,0.004,-32.473,-20.941,-2.125,446286100.000
-0.312,1.580,0.006,-32.504,-20.908,-2.143,446286200.000
-0.310,1.584,0.006,-32.495,-20.897,-2.143,446286300.000
-0.314,1.579,0.001,-32.511,-20.864,-2.134,446286401.000
-0.308,1.582,0.009,-32.474,-20.925,-2.134,446286500.000
-0.306,1.576,0.007,-32.484,-20.922,-2.142,446286601.000
-0.306,1.581,0.007,-32.454,-20.874,-2.123,446286700.000
-0.312,1.582,0.004,-32.434,-20.892,-2.161,446286800.000
-0.308,1.582,0.011,-32.405,-20.868,-2.105,446286900.000
-0.310,1.578,0.009,-32.428,-20.839,-2.133,446287001.000
-0.308,1.577,0.009,-32.394,-20.876,-2.123,446287101.000
-0.306,1.578,0.012,-32.400,-20.880,-2.132,446287200.000
-0.308,1.575,0.007,-32.395,-20.836,-2.132,446287300.000
-0.308,1.577,0.007,-32.380,-20.884,-2.123,446287400.000
-0.310,1.576,0.007,-32.388,-20.823,-2.114,446287500.000
-0.306,1.576,-0.001,-32.387,-20.849,-2.141,446287600.000
-0.310,1.576,0.012,-32.361,-20.806,-2.113,446287701.000
-0.304,1.575,0.007,-32.367,-20.861,-2.103,446287801.000
-0.306,1.578,0.014,-32.317,-20.847,-2.103,446287900.000
-0.310,1.578,0.009,-32.304,-20.814,-2.104,446288000.000
-0.306,1.576,0.004,-32.332,-20.832,-2.113,446288100.000
-0.310,1.576,0.004,-32.305,-20.806,-2.140,446288200.000
-0.310,1.576,0.009,-32.305,-20.790,-2.113,446288300.000
-0.313,1.572,0.002,-32.314,-20.802,-2.113,446288401.000
-0.304,1.572,0.009,-32.300,-20.827,-2.112,446288500.000
-0.306,1.571,-0.001,-32.307,-20.800,-2.103,446288600.000
-0.308,1.574,-0.001,-32.270,-20.811,-2.103,446288700.000
-0.308,1.577,0.002,-32.242,-20.802,-2.121,446288800.000
-0.308,1.572,0.012,-32.259,-20.793,-2.084,446288901.000
-0.308,1.569,0.009,-32.246,-20.777,-2.093,446289000.000
-0.311,1.568,0.004,-32.268,-20.757,-2.112,446289100.000
-0.306,1.565,0.002,-32.268,-20.791,-2.120,446289200.000
-0.309,1.566,0.009,-32.234,-20.728,-2.129,446289301.000
-0.308,1.569,0.002,-32.232,-20.753,-2.093,446289401.000
-0.306,1.565,0.012,-32.255,-20.733,-2.092,446289500.000
-0.306,1.570,0.007,-32.183,-20.773,-2.101,446289600.000
-0.304,1.567,0.002,-32.205,-20.754,-2.129,446289700.000
-0.306,1.568,0.004,-32.198,-20.757,-2.110,446289801.000
-0.306,1.565,0.004,-32.199,-20.733,-2.092,446289900.000
-0.306,1.568,0.004,-32.171,-20.757,-2.110,446290002.000
-0.313,1.569,0.007,-32.177,-20.711,-2.092,446290101.000
-0.306,1.565,0.002,-32.158,-20.741,-2.091,446290202.000
-0.309,1.569,0.002,-32.149,-20.704,-2.119,446290301.000
-0.309,1.566,0.002,-32.164,-20.704,-2.101,446290402.000
-0.302,1.563,0.012,-32.146,-20.733,-2.127,446290502.000
-0.304,1.561,0.004,-32.180,-20.721,-2.091,446290602.000
-0.307,1.568,0.007,-32.074,-20.699,-2.109,446290701.000
-0.311,1.563,0.004,-32.132,-20.658,-2.073,446290802.000
-0.306,1.563,-0.001,-32.131,-20.700,-2.100,446290902.000
-0.307,1.563,0.004,-32.132,-20.684,-2.100,446291001.000
-0.306,1.565,0.004,-32.103,-20.708,-2.091,446291102.000
-0.302,1.565,0.004,-32.061,-20.709,-2.090,446291201.000
-0.307,1.565,0.004,-32.089,-20.684,-2.090,446291302.000
-0.309,1.561,0.007,-32.084,-20.638,-2.090,446291402.000
-0.304,1.566,0.004,-32.040,-20.672,-2.099,446291501.000
-0.307,1.562,0.007,-32.063,-20.675,-2.099,446291602.000
-0.302,1.565,0.002,-32.047,-20.668,-2.117,446291701.000
-0.302,1.562,0.004,-32.035,-20.684,-2.098,446291802.000
-0.307,1.560,0.004,-32.064,-20.634,-2.108,446291902.000
-0.307,1.560,0.002,-32.036,-20.667,-2.108,446292001.000
-0.311,1.560,0.007,-32.037,-20.625,-2.081,446292102.000
-0.304,1.561,0.004,-32.042,-20.671,-2.089,446292202.000
-0.307,1.557,0.004,-32.051,-20.634,-2.089,446292302.000
-0.307,1.560,0.004,-32.009,-20.634,-2.107,446292402.000
-0.305,1.559,0.002,-32.030,-20.655,-2.098,446292502.000
-0.307,1.557,0.007,-31.997,-20.601,-2.088,446292601.000
-0.305,1.559,0.004,-31.974,-20.622,-2.070,446292701.000
-0.307,1.557,0.009,-31.969,-20.617,-2.061,446292802.000
-0.309,1.561,0.007,-31.933,-20.612,-2.089,446292901.000
-0.307,1.557,0.004,-31.955,-20.609,-2.088,446293001.000
-0.307,1.560,0.009,-31.940,-20.592,-2.079,446293101.000
-0.305,1.553,0.004,-31.991,-20.598,-2.088,446293202.000
-0.305,1.556,0.004,-31.934,-20.573,-2.078,446293301.000
-0.307,1.557,0.004,-31.927,-20.560,-2.060,446293401.000
-0.307,1.555,0.004,-31.942,-20.560,-2.069,446293501.000
-0.307,1.557,0.007,-31.914,-20.552,-2.087,446293601.000
-0.305,1.558,0.009,-31.878,-20.580,-2.069,446293702.000
-0.307,1.555,0.007,-31.901,-20.552,-2.069,446293801.000
-0.307,1.557,0.005,-31.872,-20.560,-2.087,446293901.000
-0.305,1.551,0.004,-31.923,-20.548,-2.068,446294002.000
-0.305,1.551,0.007,-31.896,-20.564,-2.068,446294101.000
-0.307,1.552,0.007,-31.875,-20.527,-2.077,446294202.000
-0.305,1.551,0.002,-31.882,-20.556,-2.096,446294301.000
-0.305,1.553,0.005,-31.853,-20.548,-2.086,446294401.000
-0.303,1.552,0.005,-31.860,-20.561,-2.077,446294501.000
-0.305,1.553,0.002,-31.825,-20.532,-2.058,446294601.000
-0.303,1.552,0.005,-31.847,-20.536,-2.077,446294702.000
-0.307,1.552,0.005,-31.833,-20.535,-2.077,446294801.000
-0.303,1.554,0.005,-31.776,-20.536,-2.067,446294902.000
-0.301,1.551,-0.003,-31.798,-20.549,-2.067,446295001.000
-0.301,1.548,0.005,-31.814,-20.548,-2.076,446295101.000
-0.303,1.549,-0.000,-31.793,-20.528,-2.085,446295202.000
-0.303,1.549,0.007,-31.806,-20.503,-2.057,446295301.000
-0.303,1.549,0.002,-31.779,-20.520,-2.085,446295402.000
-0.305,1.550,0.005,-31.785,-20.499,-2.067,446295501.000
-0.305,1.550,0.005,-31.758,-20.450,-2.066,446295602.000
-0.303,1.549,-0.000,-31.751,-20.503,-2.057,446295701.000
-0.303,1.547,0.002,-31.752,-20.495,-2.066,446295802.000
-0.307,1.547,0.005,-31.767,-20.461,-2.066,446295902.000
-0.303,1.549,0.007,-31.724,-20.502,-2.057,446296001.000
-0.305,1.548,0.002,-31.718,-20.482,-2.075,446296102.000
-0.305,1.548,0.007,-31.718,-20.465,-2.047,446296201.000
-0.307,1.544,0.002,-31.741,-20.469,-2.075,446296301.000
-0.303,1.544,0.002,-31.726,-20.470,-2.075,446296401.000
-0.303,1.547,0.005,-31.711,-20.486,-2.066,446296501.000
-0.305,1.545,0.005,-31.705,-20.449,-2.056,446296601.000
-0.305,1.543,-0.003,-31.692,-20.450,-2.065,446296701.000
-0.301,1.543,0.007,-31.706,-20.466,-2.037,446296801.000
-0.305,1.545,0.002,-31.664,-20.457,-2.056,446296902.000
-0.305,1.543,-0.003,-31.720,-20.450,-2.066,446297002.000
-0.303,1.541,0.005,-31.686,-20.437,-2.055,446297101.000
-0.299,1.544,0.002,-31.684,-20.471,-2.046,446297202.000
-0.303,1.544,0.005,-31.658,-20.461,-2.074,446297301.000
-0.299,1.544,0.007,-31.657,-20.454,-2.046,446297401.000
-0.303,1.539,0.007,-31.674,-20.404,-2.064,446297501.000
-0.303,1.544,-0.000,-31.643,-20.454,-2.046,446297602.000
-0.294,1.544,0.005,-31.642,-20.488,-2.045,446297702.000
-0.299,1.544,0.002,-31.602,-20.422,-2.073,446297802.000
-0.301,1.543,0.005,-31.637,-20.425,-2.036,446297901.000
-0.303,1.541,-0.000,-31.603,-20.404,-2.082,446298001.000
-0.303,1.539,0.002,-31.619,-20.420,-2.064,446298101.000
-0.301,1.537,-0.003,-31.612,-20.425,-2.054,446298201.000
-0.303,1.541,-0.000,-31.603,-20.405,-2.055,446298301.000
-0.301,1.543,0.007,-31.582,-20.441,-2.036,446298401.000
-0.299,1.539,0.007,-31.604,-20.405,-2.035,446298501.000
-0.303,1.539,-0.000,-31.605,-20.380,-2.063,446298600.000
-0.301,1.535,0.007,-31.600,-20.392,-2.035,446298700.000
-0.301,1.540,0.005,-31.569,-20.376,-2.044,446298800.000
-0.305,1.540,0.007,-31.542,-20.366,-2.045,446298901.000
-0.299,1.538,0.002,-31.549,-20.372,-2.062,446299000.000
-0.306,1.537,0.002,-31.557,-20.334,-2.054,446299100.000
-0.299,1.539,0.002,-31.577,-20.373,-2.063,446299201.000
-0.299,1.539,0.005,-31.507,-20.364,-2.034,446299301.000
-0.299,1.538,0.002,-31.521,-20.372,-2.062,446299400.000
-0.301,1.537,-0.000,-31.529,-20.344,-2.053,446299500.000
-0.299,1.536,0.002,-31.536,-20.372,-2.044,446299600.000
-0.301,1.535,0.002,-31.544,-20.360,-2.035,446299701.000
-0.301,1.540,-0.003,-31.500,-20.352,-2.044,446299800.000
-0.299,1.533,-0.003,-31.537,-20.365,-2.053,446299901.000
-0.304,1.533,0.007,-31.525,-20.330,-2.025,446300001.000
-0.303,1.536,-0.005,-31.495,-20.323,-2.071,446300100.000
-0.304,1.533,0.010,-31.483,-20.321,-2.025,446300201.000
-0.301,1.532,0.002,-31.531,-20.311,-2.016,446300300.000
-0.299,1.536,0.002,-31.454,-20.323,-2.043,446300400.000
-0.299,1.531,0.002,-31.484,-20.323,-2.033,446300500.000
-0.301,1.537,0.003,-31.446,-20.310,-2.052,446300600.000
-0.301,1.535,0.007,-31.448,-20.318,-2.033,446300700.000
-0.301,1.534,0.003,-31.462,-20.310,-2.061,446300801.000
-0.299,1.531,0.000,-31.456,-20.307,-2.061,446300900.000
-0.299,1.533,0.005,-31.441,-20.290,-2.024,446301001.000
-0.297,1.534,0.003,-31.420,-20.311,-2.060,446301101.000
-0.299,1.531,0.003,-31.443,-20.298,-2.060,446301200.000
-0.299,1.531,0.002,-31.429,-20.274,-2.032,446301300.000
-0.299,1.528,0.000,-31.416,-20.258,-2.041,446301400.000
-0.304,1.533,-0.002,-31.386,-20.265,-2.024,446301500.000
-0.299,1.531,0.003,-31.401,-20.274,-2.032,446301600.000
-0.295,1.528,0.000,-31.388,-20.283,-2.013,446301700.000
-0.299,1.530,-0.002,-31.373,-20.242,-2.032,446301801.000
-0.302,1.529,0.005,-31.368,-20.252,-2.023,446301901.000
-0.302,1.524,0.003,-31.398,-20.236,-2.041,446302001.000
-0.302,1.529,0.007,-31.354,-20.244,-2.023,446302100.000
-0.297,1.529,-0.002,-31.380,-20.254,-2.022,446302200.000
-0.297,1.527,-0.002,-31.368,-20.254,-2.031,446302301.000
-0.306,1.527,0.000,-31.369,-20.219,-2.032,446302400.000
-0.300,1.528,0.008,-31.333,-20.208,-2.013,446302501.000
-0.302,1.529,0.002,-31.339,-20.236,-1.995,446302601.000
-0.300,1.528,0.003,-31.333,-20.224,-2.040,446302701.000
-0.300,1.525,0.000,-31.321,-20.208,-2.049,446302801.000
-0.300,1.525,0.003,-31.294,-20.224,-2.049,446302900.000
-0.304,1.528,0.005,-31.306,-20.215,-2.013,446303001.000
-0.297,1.529,0.005,-31.257,-20.228,-2.021,446303100.000
-0.297,1.526,0.005,-31.286,-20.204,-2.030,446303200.000
-0.300,1.528,0.005,-31.264,-20.167,-2.012,446303301.000
-0.300,1.520,0.003,-31.296,-20.175,-2.039,446303400.000
-0.297,1.527,0.005,-31.230,-20.204,-2.002,446303501.000
-0.297,1.526,0.003,-31.244,-20.212,-2.030,446303601.000
-0.300,1.523,0.003,-31.226,-20.175,-2.030,446303700.000
-0.298,1.524,0.008,-31.259,-20.195,-2.011,446303801.000
-0.300,1.523,0.005,-31.240,-20.166,-2.030,446303900.000
-0.297,1.524,-0.002,-31.218,-20.204,-2.039,446304000.000
-0.300,1.517,0.003,-31.270,-20.151,-2.020,446304100.000
-0.298,1.521,-0.002,-31.219,-20.180,-2.020,446304200.000
-0.295,1.520,0.003,-31.226,-20.176,-2.010,446304300.000
-0.300,1.525,0.000,-31.210,-20.159,-2.020,446304401.000
-0.298,1.519,0.003,-31.221,-20.139,-2.029,446304500.000
-0.302,1.519,0.000,-31.207,-20.121,-2.001,446304601.000
-0.295,1.522,0.003,-31.170,-20.200,-2.029,446304701.000
-0.296,1.520,0.008,-31.171,-20.159,-2.010,446304800.000
-0.298,1.519,-0.002,-31.206,-20.131,-2.001,446304900.000
-0.298,1.521,-0.005,-31.177,-20.139,-2.019,446305000.000
-0.295,1.520,0.000,-31.171,-20.159,-2.010,446305100.000
-0.302,1.519,-0.002,-31.151,-20.105,-2.001,446305201.000
-0.293,1.521,0.005,-31.136,-20.155,-2.018,446305301.000
-0.298,1.516,0.003,-31.166,-20.114,-2.009,446305400.000
-0.296,1.515,-0.005,-31.187,-20.103,-2.028,446305501.000
-0.298,1.521,0.003,-31.136,-20.114,-1.991,446305601.000
-0.300,1.520,-0.002,-31.116,-20.117,-2.010,446305701.000
-0.300,1.520,0.000,-31.102,-20.109,-2.009,446305801.000
-0.296,1.517,0.000,-31.131,-20.110,-2.018,446305900.000
-0.296,1.520,-0.002,-31.088,-20.143,-2.009,446306001.000
-0.298,1.516,0.003,-31.125,-20.089,-2.009,446306100.000
-0.296,1.520,0.003,-31.088,-20.126,-2.009,446306200.000
-0.298,1.518,0.005,-31.069,-20.080,-1.999,446306301.000
-0.296,1.515,0.000,-31.104,-20.086,-1.999,446306401.000
-0.298,1.513,-0.002,-31.098,-20.081,-1.990,446306501.000
-0.294,1.516,0.003,-31.083,-20.090,-2.008,446306600.000
-0.298,1.516,0.005,-31.070,-20.056,-2.008,446306701.000
-0.302,1.516,0.000,-31.084,-20.023,-2.009,446306800.000
-0.296,1.515,0.000,-31.049,-20.085,-1.999,446306900.000
-0.296,1.515,0.003,-31.063,-20.077,-1.999,446307001.000
-0.296,1.509,0.000,-31.066,-20.061,-2.017,446307100.000
-0.296,1.515,0.000,-31.049,-20.085,-1.999,446307201.000
-0.294,1.516,0.003,-31.014,-20.065,-2.007,446307300.000
-0.296,1.512,-0.002,-31.078,-20.045,-2.008,446307401.000
-0.298,1.511,0.003,-31.045,-20.040,-1.998,446307501.000
-0.296,1.509,0.000,-31.038,-20.061,-1.989,446307602.000
-0.298,1.513,0.000,-31.002,-20.023,-1.989,446307701.000
-0.294,1.516,0.000,-30.986,-20.049,-2.007,446307801.000
-0.292,1.509,-0.002,-31.037,-20.070,-1.988,446307901.000
-0.294,1.511,-0.005,-31.002,-20.041,-1.997,446308001.000
-0.296,1.509,0.000,-30.997,-19.987,-2.016,446308102.000
-0.294,1.511,0.000,-31.002,-20.025,-1.970,446308201.000
-0.294,1.508,0.000,-31.018,-20.025,-1.979,446308302.000
-0.296,1.512,-0.004,-30.968,-20.028,-2.007,446308402.000
-0.296,1.509,0.000,-30.969,-19.987,-1.988,446308502.000
-0.294,1.511,0.001,-30.934,-20.048,-1.997,446308602.000
-0.294,1.505,0.000,-30.978,-20.024,-1.988,446308701.000
-0.296,1.512,0.000,-30.926,-19.987,-1.978,446308802.000
-0.303,1.508,0.000,-30.950,-19.949,-2.007,446308902.000
-0.294,1.511,0.001,-30.934,-20.000,-1.997,446309002.000
-0.294,1.505,-0.004,-30.950,-19.992,-2.015,446309102.000
-0.294,1.508,-0.007,-30.921,-20.000,-2.006,446309202.000
-0.294,1.510,0.001,-30.892,-19.975,-1.996,446309302.000
-0.292,1.509,0.003,-30.900,-20.004,-1.987,446309401.000
-0.298,1.508,0.005,-30.894,-19.957,-1.978,446309501.000
-0.300,1.504,0.001,-30.904,-19.936,-2.006,446309601.000
-0.294,1.508,0.001,-30.880,-19.975,-2.005,446309702.000
-0.296,1.507,0.001,-30.874,-19.986,-1.996,446309801.000
-0.298,1.505,0.005,-30.855,-19.956,-1.987,446309902.000
-0.294,1.505,-0.007,-30.853,-19.951,-1.986,446310002.000
-0.294,1.505,0.000,-30.853,-19.950,-1.958,446310102.000
-0.296,1.504,-0.002,-30.847,-19.897,-1.977,446310202.000
-0.292,1.509,0.001,-30.803,-19.962,-1.986,446310301.000
-0.292,1.507,-0.002,-30.818,-19.947,-1.967,446310402.000
-0.296,1.501,0.001,-30.835,-19.913,-1.986,446310502.000
-0.296,1.504,-0.002,-30.820,-19.945,-1.977,446310602.000
-0.294,1.502,0.006,-30.815,-19.933,-2.022,446310702.000
-0.292,1.504,-0.002,-30.792,-19.922,-1.976,446310802.000
-0.294,1.500,0.001,-30.815,-19.925,-1.976,446310901.000
-0.292,1.501,0.001,-30.793,-19.913,-1.985,446311001.000
-0.294,1.505,-0.007,-30.756,-19.877,-1.985,446311102.000
-0.296,1.506,0.003,-30.722,-19.879,-1.966,446311201.000
-0.294,1.497,-0.002,-30.789,-19.885,-1.984,446311302.000
-0.296,1.504,-0.002,-30.737,-19.896,-1.976,446311401.000
-0.296,1.504,-0.002,-30.737,-19.896,-1.976,446311502.000
-0.294,1.497,-0.004,-30.761,-19.917,-1.985,446311601.000
-0.292,1.501,0.001,-30.724,-19.889,-1.984,446311701.000
-0.292,1.501,-0.002,-30.738,-19.897,-1.984,446311801.000
-0.288,1.501,-0.002,-30.724,-19.898,-1.983,446311901.000
-0.290,1.497,-0.004,-30.760,-19.894,-1.984,446312002.000
-0.294,1.502,-0.002,-30.689,-19.860,-1.965,446312101.000
-0.296,1.499,0.001,-30.685,-19.863,-1.965,446312202.000
-0.294,1.500,0.001,-30.704,-19.876,-1.975,446312302.000
-0.297,1.499,0.001,-30.726,-19.839,-1.966,446312401.000
-0.292,1.499,0.001,-30.698,-19.864,-1.965,446312501.000
-0.292,1.499,-0.007,-30.697,-19.865,-1.965,446312601.000
-0.288,1.499,-0.002,-30.684,-19.898,-1.992,446312701.000
-0.294,1.497,0.003,-30.692,-19.843,-1.983,446312801.000
-0.294,1.497,-0.002,-30.678,-19.835,-1.956,446312902.000
-0.294,1.495,-0.002,-30.693,-19.835,-1.992,446313002.000
-0.297,1.498,0.001,-30.657,-19.814,-1.965,446313102.000
-0.294,1.495,0.001,-30.679,-19.827,-1.965,446313201.000
-0.290,1.497,-0.002,-30.650,-19.860,-1.983,446313301.000
-0.297,1.496,-0.002,-30.658,-19.822,-1.974,446313402.000
-0.292,1.493,-0.002,-30.659,-19.823,-1.982,446313501.000
-0.290,1.497,-0.002,-30.609,-19.836,-1.982,446313602.000
-0.290,1.489,0.001,-30.654,-19.852,-1.954,446313702.000
-0.292,1.498,0.001,-30.601,-19.839,-1.964,446313801.000
-0.290,1.497,-0.004,-30.622,-19.844,-1.982,446313901.000
-0.297,1.496,-0.002,-30.603,-19.822,-1.946,446314001.000
-0.290,1.495,-0.002,-30.624,-19.835,-1.991,446314101.000
-0.292,1.491,-0.004,-30.646,-19.807,-1.964,446314202.000
-0.292,1.496,-0.007,-30.602,-19.815,-1.973,446314302.000
-0.292,1.493,-0.002,-30.617,-19.799,-1.954,446314401.000
-0.294,1.492,-0.002,-30.612,-19.810,-1.973,446314501.000
-0.292,1.496,-0.002,-30.575,-19.798,-1.945,446314601.000
-0.290,1.489,0.001,-30.626,-19.803,-1.954,446314702.000
-0.292,1.485,-0.004,-30.636,-19.782,-1.981,446314802.000
-0.293,1.491,0.003,-30.592,-19.757,-1.963,446314901.000
-0.292,1.496,0.001,-30.534,-19.789,-1.972,446315002.000
-0.293,1.491,-0.002,-30.578,-19.749,-1.963,446315101.000
-0.292,1.493,-0.002,-30.548,-19.774,-1.953,446315201.000
-0.295,1.492,-0.004,-30.529,-19.745,-1.972,446315302.000
-0.293,1.488,0.001,-30.565,-19.765,-1.972,446315402.000
-0.295,1.492,0.001,-30.557,-19.777,-1.972,446315501.000
-0.295,1.492,0.003,-30.501,-19.744,-1.944,446315602.000
-0.290,1.489,-0.002,-30.543,-19.738,-1.953,446315701.000
-0.295,1.492,0.001,-30.487,-19.752,-1.944,446315801.000
-0.290,1.489,0.001,-30.530,-19.778,-1.953,446315902.000
-0.290,1.492,-0.004,-30.486,-19.746,-1.915,446316001.000
-0.293,1.485,-0.007,-30.525,-19.717,-1.952,446316101.000
-0.290,1.484,0.001,-30.533,-19.729,-1.971,446316201.000
-0.290,1.489,-0.004,-30.475,-19.745,-1.980,446316302.000
-0.288,1.488,0.003,-30.496,-19.733,-1.970,446316401.000
-0.290,1.487,0.003,-30.490,-19.745,-1.934,446316502.000
-0.290,1.489,-0.006,-30.446,-19.729,-1.952,446316601.000
-0.293,1.493,-0.007,-30.452,-19.717,-1.952,446316702.000
-0.286,1.484,-0.001,-30.504,-19.738,-1.970,446316802.000
-0.291,1.489,0.001,-30.460,-19.704,-1.924,446316901.000
-0.293,1.483,-0.002,-30.485,-19.700,-1.933,446317001.000
-0.293,1.485,-0.004,-30.483,-19.708,-1.924,446317102.000
-0.288,1.485,-0.004,-30.469,-19.709,-1.951,446317202.000
-0.291,1.479,-0.004,-30.494,-19.672,-1.960,446317301.000
-0.293,1.488,-0.004,-30.427,-19.683,-1.942,446317402.000
-0.291,1.486,-0.001,-30.434,-19.664,-1.960,446317502.000
-0.286,1.484,-0.004,-30.435,-19.697,-1.941,446317601.000
-0.291,1.481,-0.004,-30.451,-19.672,-1.951,446317702.000
-0.291,1.479,-0.002,-30.452,-19.663,-1.960,446317802.000
-0.286,1.479,0.001,-30.465,-19.681,-1.932,446317901.000
-0.288,1.483,-0.004,-30.415,-19.684,-1.960,446318002.000
-0.286,1.481,-0.004,-30.409,-19.673,-1.950,446318102.000
-0.293,1.488,0.001,-30.358,-19.642,-1.941,446318202.000
-0.286,1.484,-0.004,-30.380,-19.697,-1.941,446318301.000
-0.291,1.479,-0.002,-30.411,-19.639,-1.932,446318402.000
-0.291,1.479,0.001,-30.383,-19.654,-1.932,446318501.000
-0.289,1.483,0.001,-30.346,-19.643,-1.931,446318602.000
-0.289,1.483,-0.004,-30.360,-19.635,-1.931,446318702.000
-0.289,1.480,-0.001,-30.348,-19.651,-1.940,446318801.000
-0.291,1.479,-0.001,-30.355,-19.638,-1.931,446318901.000
-0.286,1.479,-0.009,-30.354,-19.664,-1.931,446319002.000
-0.286,1.484,-0.004,-30.324,-19.648,-1.940,446319101.000
-0.289,1.477,0.001,-30.336,-19.618,-1.977,446319201.000
-0.289,1.480,0.004,-30.293,-19.634,-1.940,446319301.000
-0.287,1.479,-0.001,-30.341,-19.639,-1.930,446319402.000
-0.289,1.480,-0.004,-30.292,-19.634,-1.940,446319501.000
-0.291,1.481,0.001,-30.313,-19.605,-1.949,446319601.000
-0.293,1.475,-0.001,-30.323,-19.577,-1.931,446319702.000
-0.289,1.480,-0.006,-30.320,-19.619,-1.940,446319801.000
-0.287,1.481,-0.009,-30.270,-19.591,-1.948,446319901.000
-0.289,1.480,-0.001,-30.292,-19.602,-1.939,446320002.000
-0.287,1.476,-0.001,-30.302,-19.590,-1.966,446320101.000
-0.287,1.476,-0.001,-30.301,-19.590,-1.911,446320202.000
-0.289,1.477,-0.004,-30.252,-19.585,-1.948,446320301.000
-0.289,1.477,-0.006,-30.252,-19.570,-1.948,446320401.000
-0.289,1.477,0.004,-30.253,-19.585,-1.920,446320502.000
-0.289,1.475,-0.004,-30.267,-19.586,-1.930,446320601.000
-0.284,1.475,-0.004,-30.239,-19.611,-1.929,446320701.000
-0.289,1.475,-0.001,-30.267,-19.553,-1.929,446320801.000
-0.289,1.477,-0.001,-30.225,-19.553,-1.920,446320901.000
-0.291,1.478,-0.006,-30.245,-19.557,-1.930,446321001.000
-0.287,1.476,-0.001,-30.232,-19.565,-1.938,446321102.000
-0.289,1.477,-0.006,-30.211,-19.545,-1.947,446321202.000
-0.287,1.471,0.001,-30.263,-19.581,-1.929,446321301.000
-0.291,1.476,-0.006,-30.219,-19.532,-1.938,446321402.000
-0.287,1.473,0.004,-30.220,-19.548,-1.947,446321502.000
-0.287,1.473,-0.006,-30.206,-19.557,-1.947,446321601.000
-0.287,1.473,-0.006,-30.206,-19.509,-1.947,446321701.000
-0.289,1.469,-0.001,-30.215,-19.504,-1.919,446321801.000
-0.287,1.471,0.001,-30.222,-19.557,-1.956,446321902.000
-0.287,1.476,-0.004,-30.191,-19.525,-1.937,446322002.000
-0.289,1.472,-0.001,-30.200,-19.504,-1.937,446322102.000
-0.285,1.475,-0.001,-30.157,-19.529,-1.928,446322202.000
-0.285,1.469,-0.004,-30.187,-19.561,-1.946,446322301.000
-0.287,1.471,-0.001,-30.180,-19.516,-1.928,446322401.000
-0.289,1.474,-0.001,-30.143,-19.527,-1.928,446322501.000
-0.287,1.476,-0.009,-30.135,-19.492,-1.937,446322601.000
-0.287,1.468,-0.001,-30.167,-19.467,-1.936,446322702.000
-0.287,1.473,-0.004,-30.109,-19.500,-1.946,446322801.000
-0.287,1.471,0.001,-30.166,-19.508,-1.928,446322901.000
-0.285,1.469,-0.001,-30.132,-19.480,-1.945,446323002.000
-0.285,1.472,-0.006,-30.116,-19.497,-1.908,446323101.000
-0.283,1.471,-0.001,-30.110,-19.517,-1.927,446323202.000
-0.283,1.468,0.004,-30.111,-19.476,-1.908,446323301.000
-0.287,1.465,-0.009,-30.127,-19.467,-1.945,446323402.000
-0.287,1.473,0.001,-30.082,-19.483,-1.918,446323501.000
-0.283,1.470,0.004,-30.097,-19.476,-1.954,446323602.000
-0.285,1.469,-0.006,-30.104,-19.448,-1.917,446323701.000
-0.287,1.468,-0.004,-30.098,-19.475,-1.936,446323801.000
-0.283,1.463,-0.006,-30.127,-19.436,-1.926,446323901.000
-0.283,1.468,-0.006,-30.070,-19.484,-1.935,446324002.000
-0.283,1.470,-0.003,-30.069,-19.476,-1.954,446324101.000
-0.285,1.472,-0.004,-30.047,-19.439,-1.935,446324202.000
-0.285,1.466,-0.003,-30.050,-19.439,-1.953,446324301.000
-0.281,1.467,0.001,-30.064,-19.472,-1.925,446324400.000
-0.283,1.468,-0.004,-30.029,-19.427,-1.934,446324501.000
-0.285,1.467,-0.004,-30.050,-19.439,-1.926,446324600.000
-0.283,1.468,-0.001,-30.001,-19.443,-1.906,446324700.000
-0.287,1.465,-0.009,-30.044,-19.418,-1.916,446324800.000
-0.281,1.467,-0.006,-30.022,-19.448,-1.925,446324900.000
-0.283,1.465,-0.004,-30.043,-19.427,-1.916,446325001.000
-0.285,1.466,-0.004,-30.022,-19.390,-1.925,446325101.000
-0.285,1.469,0.004,-30.008,-19.389,-1.916,446325201.000
-0.285,1.459,0.001,-30.027,-19.397,-1.925,446325302.000
-0.283,1.465,-0.003,-30.030,-19.403,-1.943,446325401.000
-0.281,1.464,-0.003,-29.996,-19.439,-1.934,446325501.000
-0.283,1.463,-0.006,-29.976,-19.410,-1.924,446325602.000
-0.285,1.461,-0.001,-30.012,-19.381,-1.943,446325701.000
-0.285,1.466,-0.003,-29.953,-19.365,-1.924,446325802.000
-0.283,1.465,-0.003,-29.961,-19.378,-1.915,446325902.000
-0.285,1.464,0.001,-29.997,-19.349,-1.933,446326001.000
-0.285,1.464,-0.003,-29.969,-19.365,-1.933,446326102.000
-0.285,1.464,-0.004,-29.941,-19.365,-1.905,446326201.000
-0.283,1.462,0.002,-29.949,-19.361,-1.951,446326302.000
-0.283,1.462,-0.006,-29.921,-19.361,-1.923,446326402.000
-0.283,1.462,-0.001,-29.921,-19.345,-1.923,446326501.000
-0.285,1.461,0.006,-29.943,-19.356,-1.914,446326602.000
-0.285,1.459,-0.003,-29.930,-19.340,-1.923,446326702.000
-0.285,1.461,0.001,-29.915,-19.324,-1.914,446326801.000
-0.281,1.459,-0.003,-29.902,-19.365,-1.923,446326902.000
-0.285,1.461,-0.003,-29.901,-19.316,-1.914,446327002.000
-0.283,1.457,-0.001,-29.910,-19.320,-1.913,446327101.000
-0.288,1.457,-0.001,-29.924,-19.319,-1.914,446327202.000
-0.288,1.457,-0.001,-29.910,-19.295,-1.914,446327302.000
-0.281,1.456,-0.001,-29.904,-19.357,-1.932,446327402.000
-0.283,1.460,-0.006,-29.853,-19.312,-1.904,446327502.000
-0.281,1.459,-0.008,-29.874,-19.333,-1.922,446327602.000
-0.288,1.460,-0.006,-29.854,-19.287,-1.932,446327702.000
-0.288,1.457,-0.001,-29.869,-19.270,-1.913,446327802.000
-0.281,1.461,0.004,-29.832,-19.316,-1.913,446327901.000
-0.283,1.455,-0.003,-29.897,-19.304,-1.922,446328001.000
-0.285,1.456,-0.006,-29.835,-19.275,-1.931,446328101.000
-0.283,1.455,-0.001,-29.856,-19.295,-1.922,446328201.000
-0.286,1.456,0.004,-29.835,-19.290,-1.903,446328301.000
-0.286,1.456,0.004,-29.821,-19.266,-1.903,446328402.000
-0.285,1.458,-0.008,-29.833,-19.283,-1.922,446328501.000
-0.283,1.457,-0.001,-29.827,-19.271,-1.885,446328602.000
-0.281,1.456,-0.008,-29.806,-19.284,-1.903,446328702.000
-0.279,1.457,-0.003,-29.785,-19.304,-1.912,446328801.000
-0.286,1.458,-0.001,-29.792,-19.258,-1.922,446328901.000
-0.288,1.452,-0.008,-29.816,-19.270,-1.931,446329001.000
-0.283,1.452,-0.008,-29.815,-19.247,-1.903,446329101.000
-0.279,1.457,0.002,-29.785,-19.287,-1.911,446329201.000
-0.281,1.448,0.004,-29.825,-19.266,-1.902,446329301.000
-0.281,1.453,-0.001,-29.780,-19.259,-1.884,446329401.000
-0.281,1.456,0.002,-29.752,-19.250,-1.902,446329502.000
-0.286,1.453,-0.003,-29.753,-19.217,-1.911,446329601.000
-0.286,1.453,-0.001,-29.753,-19.233,-1.884,446329701.000
-0.284,1.454,-0.001,-29.731,-19.221,-1.893,446329801.000
-0.281,1.456,-0.008,-29.724,-19.235,-1.929,446329902.000
-0.279,1.452,-0.003,-29.759,-19.255,-1.874,446330001.000
-0.281,1.448,-0.003,-29.755,-19.242,-1.901,446330102.000
-0.281,1.451,-0.008,-29.712,-19.210,-1.892,446330201.000
-0.281,1.448,-0.008,-29.741,-19.234,-1.901,446330302.000
-0.281,1.448,-0.001,-29.742,-19.234,-1.901,446330401.000
-0.279,1.452,-0.001,-29.691,-19.246,-1.901,446330502.000
-0.277,1.451,-0.003,-29.711,-19.219,-1.864,446330601.000
-0.281,1.451,-0.006,-29.698,-19.202,-1.892,446330701.000
-0.284,1.452,0.002,-29.692,-19.188,-1.901,446330802.000
-0.281,1.453,-0.011,-29.656,-19.218,-1.910,446330901.000
-0.279,1.452,-0.006,-29.663,-19.214,-1.900,446331002.000
-0.282,1.450,-0.003,-29.657,-19.193,-1.891,446331101.000
-0.279,1.449,-0.001,-29.665,-19.222,-1.882,446331201.000
-0.281,1.448,-0.011,-29.672,-19.193,-1.928,446331301.000
-0.284,1.452,-0.006,-29.608,-19.188,-1.900,446331401.000
-0.284,1.447,-0.001,-29.625,-19.196,-1.891,446331502.000
-0.277,1.450,-0.003,-29.615,-19.194,-1.890,446331602.000
-0.282,1.445,-0.001,-29.660,-19.160,-1.909,446331702.000
-0.282,1.450,-0.001,-29.602,-19.160,-1.890,446331801.000
