0.060,-0.093,-0.152,2.574,1.628,0.582,445757691.000
0.060,-0.087,-0.155,2.522,1.594,0.599,445757791.000
0.064,-0.087,-0.147,2.577,1.570,0.572,445757891.000
0.060,-0.082,-0.150,2.594,1.587,0.590,445757991.000
0.062,-0.089,-0.155,2.542,1.582,0.581,445758092.000
0.055,-0.088,-0.150,2.576,1.637,0.572,445758192.000
0.062,-0.089,-0.152,2.584,1.591,0.581,445758291.000
0.060,-0.088,-0.152,2.591,1.603,0.572,445758391.000
0.064,-0.093,-0.155,2.561,1.594,0.554,445758491.000
0.064,-0.090,-0.155,2.576,1.594,0.563,445758592.000
0.064,-0.093,-0.150,2.533,1.610,0.582,445758692.000
0.064,-0.087,-0.150,2.577,1.586,0.572,445758791.000
0.062,-0.089,-0.157,2.570,1.598,0.581,445758892.000
0.062,-0.089,-0.157,2.598,1.598,0.582,445758991.000
0.060,-0.090,-0.152,2.590,1.628,0.591,445759092.000
0.064,-0.090,-0.152,2.562,1.602,0.563,445759192.000
0.066,-0.086,-0.152,2.586,1.589,0.591,445759292.000
0.064,-0.090,-0.155,2.576,1.594,0.563,445759392.000
0.062,-0.089,-0.155,2.584,1.606,0.582,445759491.000
0.060,-0.090,-0.157,2.562,1.611,0.563,445759592.000
0.064,-0.088,-0.152,2.605,1.602,0.573,445759691.000
0.060,-0.090,-0.147,2.576,1.620,0.591,445759791.000
0.062,-0.089,-0.160,2.598,1.614,0.582,445759891.000
0.062,-0.086,-0.155,2.599,1.607,0.563,445759992.000
0.062,-0.089,-0.152,2.583,1.591,0.554,445760092.000
0.060,-0.090,-0.154,2.589,1.595,0.535,445760191.000
0.062,-0.091,-0.150,2.582,1.599,0.572,445760291.000
0.062,-0.091,-0.157,2.596,1.574,0.572,445760392.000
0.058,-0.089,-0.157,2.583,1.599,0.581,445760491.000
0.060,-0.088,-0.147,2.590,1.620,0.572,445760591.000
0.064,-0.088,-0.155,2.619,1.594,0.573,445760692.000
0.060,-0.090,-0.160,2.590,1.627,0.563,445760792.000
0.058,-0.086,-0.150,2.598,1.600,0.562,445760892.000
0.062,-0.094,-0.152,2.539,1.615,0.563,445760991.000
0.058,-0.091,-0.152,2.568,1.616,0.572,445761091.000
0.064,-0.087,-0.155,2.578,1.569,0.572,445761190.000
0.064,-0.090,-0.157,2.563,1.585,0.563,445761292.000
0.064,-0.088,-0.152,2.591,1.578,0.572,445761391.000
0.062,-0.091,-0.150,2.541,1.574,0.572,445761490.000
0.062,-0.091,-0.152,2.582,1.615,0.573,445761592.000
0.062,-0.091,-0.155,2.555,1.582,0.572,445761690.000
0.062,-0.091,-0.157,2.555,1.598,0.572,445761791.000
0.058,-0.089,-0.147,2.596,1.608,0.581,445761891.000
0.060,-0.093,-0.152,2.547,1.627,0.609,445761990.000
0.064,-0.090,-0.152,2.562,1.602,0.563,445762090.000
0.060,-0.090,-0.152,2.548,1.603,0.563,445762190.000
0.060,-0.090,-0.155,2.562,1.595,0.563,445762291.000
0.060,-0.088,-0.154,2.591,1.619,0.544,445762392.000
0.062,-0.089,-0.150,2.597,1.599,0.582,445762490.000
0.060,-0.090,-0.155,2.549,1.619,0.590,445762591.000
0.060,-0.090,-0.152,2.548,1.603,0.563,445762691.000
0.062,-0.091,-0.155,2.555,1.582,0.572,445762791.000
0.064,-0.090,-0.157,2.563,1.585,0.563,445762891.000
0.062,-0.091,-0.160,2.583,1.614,0.572,445762990.000
0.062,-0.089,-0.152,2.570,1.615,0.581,445763090.000
0.062,-0.091,-0.152,2.555,1.615,0.572,445763191.000
0.060,-0.088,-0.147,2.577,1.596,0.572,445763290.000
0.060,-0.093,-0.152,2.533,1.603,0.553,445763390.000
0.064,-0.093,-0.152,2.533,1.578,0.554,445763490.000
0.064,-0.090,-0.150,2.562,1.586,0.563,445763590.000
0.060,-0.088,-0.150,2.577,1.611,0.572,445763691.000
0.060,-0.090,-0.150,2.562,1.611,0.590,445763790.000
0.064,-0.090,-0.152,2.576,1.578,0.563,445763890.000
0.064,-0.090,-0.152,2.604,1.578,0.563,445763991.000
0.060,-0.090,-0.155,2.576,1.619,0.563,445764091.000
0.062,-0.086,-0.152,2.585,1.615,0.591,445764191.000
0.062,-0.089,-0.150,2.611,1.623,0.554,445764290.000
0.062,-0.089,-0.155,2.556,1.606,0.554,445764390.000
0.062,-0.089,-0.150,2.556,1.623,0.581,445764490.000
0.060,-0.088,-0.152,2.605,1.579,0.572,445764590.000
0.064,-0.090,-0.155,2.562,1.569,0.563,445764691.000
0.062,-0.089,-0.150,2.584,1.623,0.582,445764790.000
0.062,-0.086,-0.159,2.585,1.614,0.563,445764891.000
0.058,-0.089,-0.152,2.569,1.592,0.581,445764991.000
0.062,-0.086,-0.157,2.585,1.598,0.563,445765090.000
0.064,-0.090,-0.157,2.563,1.585,0.563,445765190.000
0.058,-0.089,-0.147,2.569,1.608,0.581,445765290.000
0.064,-0.082,-0.152,2.622,1.578,0.563,445765391.000
0.062,-0.089,-0.157,2.570,1.598,0.581,445765492.000
0.060,-0.090,-0.152,2.548,1.603,0.563,445765591.000
0.064,-0.090,-0.150,2.576,1.562,0.591,445765691.000
0.064,-0.090,-0.150,2.590,1.586,0.591,445765791.000
0.062,-0.089,-0.162,2.570,1.581,0.553,445765892.000
0.062,-0.086,-0.147,2.598,1.607,0.563,445765991.000
0.064,-0.090,-0.157,2.563,1.585,0.563,445766092.000
0.064,-0.087,-0.157,2.578,1.585,0.572,445766191.000
0.062,-0.089,-0.155,2.584,1.606,0.582,445766292.000
0.062,-0.091,-0.152,2.541,1.590,0.572,445766391.000
0.062,-0.091,-0.152,2.568,1.591,0.572,445766491.000
0.058,-0.086,-0.155,2.584,1.608,0.562,445766591.000
0.062,-0.089,-0.150,2.570,1.599,0.581,445766692.000
0.064,-0.093,-0.155,2.561,1.594,0.554,445766791.000
0.062,-0.091,-0.152,2.555,1.615,0.572,445766892.000
0.062,-0.089,-0.152,2.570,1.615,0.581,445766991.000
0.060,-0.088,-0.152,2.563,1.603,0.572,445767092.000
0.058,-0.089,-0.159,2.597,1.640,0.554,445767191.000
0.060,-0.085,-0.155,2.606,1.619,0.581,445767291.000
0.060,-0.090,-0.155,2.562,1.595,0.563,445767392.000
0.060,-0.093,-0.157,2.561,1.635,0.581,445767491.000
0.060,-0.088,-0.155,2.605,1.595,0.572,445767591.000
0.060,-0.087,-0.152,2.605,1.579,0.600,445767692.000
0.062,-0.091,-0.152,2.568,1.591,0.572,445767792.000
0.058,-0.089,-0.155,2.570,1.608,0.581,445767891.000
0.064,-0.088,-0.152,2.577,1.554,0.544,445767991.000
0.062,-0.089,-0.155,2.584,1.606,0.582,445768091.000
0.064,-0.090,-0.157,2.563,1.585,0.591,445768192.000
0.058,-0.086,-0.157,2.613,1.624,0.590,445768291.000
0.058,-0.089,-0.147,2.583,1.633,0.581,445768391.000
0.060,-0.088,-0.157,2.577,1.611,0.572,445768491.000
0.058,-0.086,-0.150,2.584,1.624,0.590,445768591.000
0.064,-0.093,-0.150,2.575,1.586,0.582,445768692.000
0.062,-0.089,-0.150,2.597,1.599,0.582,445768792.000
0.062,-0.094,-0.152,2.553,1.591,0.563,445768892.000
0.058,-0.089,-0.152,2.569,1.640,0.581,445768991.000
0.060,-0.090,-0.152,2.589,1.628,0.563,445769092.000
0.062,-0.091,-0.160,2.541,1.590,0.572,445769192.000
0.062,-0.091,-0.157,2.555,1.598,0.572,445769292.000
0.060,-0.090,-0.155,2.548,1.619,0.563,445769391.000
0.055,-0.088,-0.157,2.577,1.636,0.571,445769491.000
0.062,-0.091,-0.157,2.555,1.598,0.544,445769591.000
0.058,-0.091,-0.150,2.568,1.600,0.572,445769692.000
0.060,-0.090,-0.150,2.562,1.611,0.563,445769791.000
0.062,-0.089,-0.152,2.556,1.590,0.581,445769891.000
0.062,-0.089,-0.150,2.569,1.599,0.554,445769992.000
0.064,-0.090,-0.155,2.562,1.569,0.563,445770092.000
0.064,-0.090,-0.145,2.548,1.578,0.563,445770191.000
0.060,-0.088,-0.152,2.563,1.603,0.572,445770291.000
0.058,-0.091,-0.155,2.540,1.632,0.572,445770391.000
0.060,-0.090,-0.152,2.576,1.603,0.563,445770491.000
0.060,-0.090,-0.150,2.562,1.611,0.590,445770592.000
0.060,-0.088,-0.162,2.578,1.594,0.572,445770691.000
0.060,-0.085,-0.152,2.620,1.579,0.581,445770791.000
0.062,-0.094,-0.150,2.512,1.598,0.590,445770892.000
0.060,-0.093,-0.150,2.547,1.611,0.581,445770991.000
0.062,-0.089,-0.152,2.556,1.590,0.554,445771091.000
0.062,-0.089,-0.155,2.556,1.606,0.554,445771191.000
0.060,-0.090,-0.152,2.548,1.603,0.563,445771291.000
0.062,-0.091,-0.155,2.569,1.606,0.572,445771391.000
0.060,-0.088,-0.152,2.591,1.603,0.572,445771492.000
0.060,-0.093,-0.157,2.519,1.611,0.553,445771592.000
0.064,-0.085,-0.157,2.593,1.585,0.581,445771692.000
0.060,-0.088,-0.155,2.563,1.619,0.572,445771791.000
0.064,-0.093,-0.152,2.534,1.578,0.581,445771892.000
0.062,-0.091,-0.157,2.555,1.598,0.572,445771991.000
0.062,-0.089,-0.160,2.570,1.614,0.581,445772091.000
0.062,-0.091,-0.150,2.568,1.623,0.572,445772192.000
0.060,-0.093,-0.150,2.547,1.611,0.581,445772291.000
0.060,-0.090,-0.155,2.562,1.595,0.563,445772392.000
0.062,-0.089,-0.155,2.570,1.582,0.554,445772491.000
0.062,-0.091,-0.155,2.541,1.606,0.572,445772592.000
0.062,-0.089,-0.152,2.556,1.590,0.581,445772691.000
0.058,-0.089,-0.152,2.597,1.640,0.609,445772792.000
0.060,-0.090,-0.152,2.548,1.603,0.590,445772892.000
0.062,-0.091,-0.155,2.554,1.582,0.544,445772992.000
0.064,-0.088,-0.157,2.592,1.610,0.573,445773092.000
0.062,-0.089,-0.152,2.570,1.615,0.581,445773191.000
0.060,-0.088,-0.152,2.591,1.603,0.572,445773291.000
0.062,-0.086,-0.152,2.585,1.615,0.563,445773391.000
0.064,-0.088,-0.150,2.564,1.610,0.572,445773492.000
0.062,-0.091,-0.150,2.541,1.623,0.572,445773591.000
0.062,-0.089,-0.152,2.556,1.639,0.582,445773692.000
0.058,-0.089,-0.157,2.584,1.648,0.581,445773792.000
0.062,-0.091,-0.152,2.541,1.639,0.572,445773892.000
0.060,-0.090,-0.152,2.548,1.651,0.591,445773991.000
0.062,-0.089,-0.157,2.570,1.646,0.582,445774091.000
0.064,-0.090,-0.152,2.549,1.626,0.563,445774191.000
0.062,-0.089,-0.155,2.556,1.655,0.554,445774291.000
0.062,-0.091,-0.152,2.568,1.639,0.573,445774391.000
0.062,-0.089,-0.155,2.584,1.655,0.554,445774491.000
0.060,-0.088,-0.152,2.550,1.676,0.572,445774592.000
0.064,-0.088,-0.152,2.550,1.650,0.545,445774692.000
0.064,-0.088,-0.152,2.578,1.650,0.573,445774791.000
0.064,-0.082,-0.157,2.622,1.658,0.564,445774891.000
0.062,-0.086,-0.150,2.516,1.622,0.563,445774992.000
0.064,-0.088,-0.160,2.495,1.601,0.544,445775092.000
0.062,-0.094,-0.155,2.457,1.533,0.562,445775191.000
0.065,-0.082,-0.162,2.415,1.373,0.532,445775292.000
0.053,-0.077,-0.152,2.359,1.045,0.518,445775391.000
0.039,-0.072,-0.150,2.325,0.584,0.567,445775491.000
0.028,-0.056,-0.145,2.331,-0.002,0.560,445775592.000
0.004,-0.042,-0.146,2.195,-0.797,0.566,445775692.000
-0.011,-0.031,-0.141,2.115,-1.553,0.566,445775792.000
-0.034,-0.012,-0.142,1.968,-2.470,0.562,445775891.000
-0.051,0.003,-0.147,1.746,-3.296,0.587,445775991.000
-0.062,0.019,-0.138,1.557,-3.868,0.550,445776091.000
-0.072,0.029,-0.143,1.347,-4.333,0.561,445776191.000
-0.099,0.050,-0.131,1.117,-5.377,0.537,445776291.000
-0.116,0.079,-0.137,0.763,-6.278,0.522,445776391.000
-0.130,0.103,-0.127,0.427,-7.166,0.509,445776492.000
-0.158,0.122,-0.128,0.060,-8.060,0.530,445776592.000
-0.168,0.144,-0.131,-0.318,-8.845,0.509,445776691.000
-0.189,0.170,-0.122,-0.744,-9.817,0.511,445776792.000
-0.210,0.196,-0.120,-1.183,-10.765,0.514,445776891.000
-0.229,0.223,-0.114,-1.560,-11.758,0.508,445776992.000
-0.252,0.255,-0.109,-2.059,-12.735,0.490,445777092.000
-0.273,0.281,-0.118,-2.539,-13.692,0.465,445777191.000
-0.295,0.316,-0.109,-3.008,-14.725,0.512,445777291.000
-0.316,0.340,-0.104,-3.491,-15.738,0.477,445777391.000
-0.332,0.371,-0.108,-4.064,-16.779,0.496,445777491.000
-0.359,0.401,-0.096,-4.663,-17.876,0.440,445777592.000
-0.384,0.437,-0.097,-5.179,-18.979,0.504,445777691.000
-0.407,0.467,-0.096,-5.693,-19.988,0.449,445777791.000
-0.436,0.509,-0.089,-6.208,-21.113,0.503,445777892.000
-0.452,0.537,-0.085,-6.798,-22.201,0.458,445777991.000
-0.475,0.573,-0.089,-7.391,-23.325,0.475,445778091.000
-0.504,0.601,-0.087,-7.926,-24.370,0.484,445778191.000
-0.526,0.634,-0.086,-8.494,-25.549,0.465,445778291.000
-0.540,0.669,-0.079,-9.018,-26.666,0.456,445778391.000
-0.574,0.706,-0.070,-9.564,-27.685,0.492,445778492.000
-0.590,0.732,-0.071,-10.126,-28.765,0.521,445778591.000
-0.621,0.772,-0.065,-10.704,-29.878,0.528,445778691.000
-0.641,0.801,-0.066,-11.322,-31.006,0.509,445778792.000
-0.666,0.835,-0.067,-11.881,-32.158,0.535,445778891.000
-0.689,0.875,-0.060,-12.389,-33.199,0.545,445778991.000
-0.715,0.911,-0.046,-13.039,-34.362,0.589,445779092.000
-0.738,0.938,-0.057,-13.622,-35.437,0.552,445779192.000
-0.767,0.982,-0.048,-14.260,-36.580,0.586,445779292.000
-0.787,1.011,-0.047,-14.823,-37.675,0.540,445779392.000
-0.814,1.046,-0.043,-15.389,-38.773,0.613,445779491.000
-0.837,1.079,-0.037,-15.997,-39.912,0.621,445779591.000
-0.861,1.111,-0.040,-16.613,-40.975,0.638,445779691.000
-0.895,1.158,-0.034,-17.195,-42.149,0.681,445779791.000
-0.915,1.184,-0.027,-17.787,-43.300,0.653,445779892.000
-0.935,1.226,-0.028,-18.383,-44.478,0.707,445779991.000
-0.968,1.257,-0.022,-19.056,-45.602,0.695,445780092.000
-0.993,1.291,-0.031,-19.586,-46.657,0.778,445780191.000
-1.010,1.319,-0.021,-19.900,-47.532,0.792,445780291.000
-1.017,1.341,-0.010,-20.636,-48.006,0.770,445780392.000
-1.024,1.373,-0.011,-21.297,-48.375,0.731,445780491.000
-1.022,1.401,-0.011,-21.993,-48.541,0.695,445780591.000
-1.013,1.425,-0.007,-22.904,-48.440,0.688,445780691.000
-1.009,1.460,-0.005,-23.617,-48.393,0.636,445780791.000
-0.998,1.480,-0.008,-24.468,-48.353,0.574,445780891.000
-1.000,1.516,-0.014,-25.242,-48.294,0.538,445780991.000
-0.987,1.534,-0.002,-26.018,-48.313,0.514,445781091.000
-0.980,1.568,-0.005,-26.835,-48.320,0.441,445781192.000
-0.979,1.597,-0.006,-27.634,-48.329,0.424,445781292.000
-0.975,1.618,-0.004,-28.395,-48.331,0.380,445781392.000
-0.968,1.649,0.000,-29.199,-48.434,0.381,445781492.000
-0.965,1.677,0.004,-29.978,-48.439,0.318,445781592.000
-0.961,1.701,0.001,-30.765,-48.482,0.283,445781692.000
-0.956,1.725,0.006,-31.498,-48.475,0.249,445781792.000
-0.951,1.752,0.005,-32.311,-48.558,0.222,445781891.000
-0.947,1.778,0.014,-33.029,-48.583,0.169,445781991.000
-0.942,1.808,0.006,-33.785,-48.642,0.152,445782092.000
-0.939,1.833,0.000,-34.496,-48.728,0.135,445782192.000
-0.939,1.865,0.005,-35.225,-48.720,0.072,445782291.000
-0.932,1.893,0.006,-36.044,-48.808,0.064,445782392.000
-0.928,1.914,0.011,-36.792,-48.897,-0.008,445782491.000
-0.921,1.943,0.010,-37.570,-48.993,-0.044,445782592.000
-0.922,1.976,0.022,-38.347,-49.069,-0.062,445782692.000
-0.920,2.004,0.021,-39.098,-49.139,-0.098,445782791.000
-0.913,2.026,0.013,-39.824,-49.186,-0.151,445782892.000
-0.912,2.056,0.020,-40.567,-49.291,-0.141,445782993.000
-0.908,2.080,0.024,-41.356,-49.382,-0.204,445783092.000
-0.907,2.117,0.021,-42.136,-49.472,-0.250,445783193.000
-0.906,2.144,0.025,-42.868,-49.561,-0.305,445783293.000
-0.902,2.173,0.030,-43.626,-49.651,-0.322,445783393.000
-0.899,2.198,0.021,-44.488,-49.747,-0.368,445783492.000
-0.896,2.237,0.036,-45.193,-49.888,-0.422,445783593.000
-0.894,2.257,0.030,-46.003,-49.951,-0.458,445783692.000
-0.893,2.292,0.037,-46.759,-50.032,-0.485,445783792.000
-0.888,2.313,0.039,-47.520,-50.130,-0.502,445783893.000
-0.888,2.348,0.040,-48.247,-50.276,-0.557,445783992.000
-0.881,2.373,0.037,-49.041,-50.356,-0.602,445784092.000
-0.876,2.400,0.039,-49.813,-50.430,-0.656,445784193.000
-0.876,2.424,0.043,-50.491,-50.494,-0.663,445784293.000
-0.875,2.456,0.038,-51.247,-50.568,-0.727,445784392.000
-0.874,2.487,0.050,-52.060,-50.706,-0.792,445784493.000
-0.867,2.516,0.054,-52.851,-50.858,-0.801,445784593.000
-0.871,2.547,0.051,-53.567,-50.946,-0.837,445784692.000
-0.866,2.574,0.053,-54.367,-51.069,-0.919,445784792.000
-0.861,2.606,0.054,-55.137,-51.192,-0.956,445784893.000
-0.863,2.642,0.058,-55.981,-51.318,-0.966,445784993.000
-0.862,2.663,0.063,-56.716,-51.455,-1.011,445785093.000
-0.857,2.698,0.060,-57.539,-51.571,-1.094,445785192.000
-0.859,2.731,0.059,-58.260,-51.616,-1.112,445785292.000
-0.850,2.745,0.073,-58.957,-51.576,-1.153,445785393.000
-0.845,2.787,0.073,-59.722,-51.780,-1.237,445785493.000
-0.849,2.814,0.074,-60.536,-51.877,-1.265,445785592.000
-0.844,2.848,0.074,-61.277,-52.008,-1.319,445785692.000
-0.843,2.875,0.073,-62.078,-52.139,-1.402,445785792.000
-0.839,2.904,0.082,-62.849,-52.237,-1.420,445785892.000
-0.838,2.933,0.082,-63.635,-52.367,-1.493,445785992.000
-0.835,2.964,0.081,-64.357,-52.509,-1.548,445786092.000
-0.830,2.996,0.091,-65.073,-52.631,-1.611,445786192.000
-0.830,3.022,0.090,-65.873,-52.713,-1.638,445786293.000
-0.836,3.056,0.097,-66.596,-52.828,-1.685,445786392.000
-0.828,3.084,0.091,-67.346,-52.989,-1.721,445786492.000
-0.828,3.113,0.093,-68.104,-53.135,-1.794,445786592.000
-0.825,3.141,0.100,-68.828,-53.204,-1.830,445786692.000
-0.823,3.166,0.082,-69.441,-53.233,-1.845,445786791.000
-0.822,3.187,0.099,-69.818,-53.349,-1.887,445786891.000
-0.820,3.186,0.104,-69.908,-53.249,-1.878,445786991.000
-0.818,3.182,0.096,-69.848,-53.116,-1.903,445787091.000
-0.813,3.170,0.097,-69.515,-52.981,-1.870,445787193.000
-0.811,3.150,0.095,-69.145,-52.755,-1.836,445787291.000
-0.810,3.135,0.093,-68.772,-52.578,-1.812,445787391.000
-0.810,3.122,0.098,-68.420,-52.388,-1.770,445787492.000
-0.807,3.108,0.093,-68.095,-52.208,-1.756,445787592.000
-0.805,3.096,0.088,-67.817,-52.064,-1.751,445787693.000
-0.805,3.088,0.091,-67.504,-51.882,-1.719,445787792.000
-0.800,3.079,0.099,-67.212,-51.747,-1.705,445787892.000
-0.798,3.064,0.092,-66.963,-51.612,-1.710,445787991.000
-0.798,3.056,0.087,-66.718,-51.456,-1.679,445788091.000
-0.797,3.049,0.092,-66.494,-51.328,-1.657,445788193.000
-0.797,3.039,0.092,-66.265,-51.204,-1.635,445788291.000
-0.791,3.021,0.088,-66.100,-51.087,-1.649,445788391.000
-0.791,3.018,0.085,-65.853,-50.947,-1.627,445788492.000
-0.787,3.010,0.083,-65.636,-50.833,-1.651,445788593.000
-0.786,3.004,0.081,-65.452,-50.731,-1.602,445788692.000
-0.788,2.994,0.084,-65.257,-50.586,-1.590,445788791.000
-0.784,2.989,0.086,-65.066,-50.480,-1.577,445788891.000
-0.780,2.978,0.082,-64.919,-50.399,-1.584,445788992.000
-0.781,2.970,0.089,-64.688,-50.250,-1.552,445789091.000
-0.781,2.962,0.082,-64.554,-50.176,-1.550,445789192.000
-0.777,2.957,0.075,-64.376,-50.079,-1.538,445789292.000
-0.780,2.953,0.085,-64.207,-49.934,-1.535,445789392.000
-0.773,2.943,0.073,-64.038,-49.891,-1.551,445789492.000
-0.776,2.937,0.075,-63.869,-49.771,-1.530,445789592.000
-0.774,2.935,0.083,-63.710,-49.684,-1.491,445789691.000
-0.772,2.926,0.080,-63.611,-49.558,-1.506,445789792.000
-0.775,2.919,0.076,-63.428,-49.463,-1.486,445789892.000
-0.773,2.912,0.081,-63.315,-49.385,-1.493,445789992.000
-0.769,2.907,0.076,-63.151,-49.280,-1.508,445790092.000
-0.767,2.900,0.081,-63.010,-49.201,-1.487,445790192.000
-0.767,2.898,0.076,-62.859,-49.119,-1.494,445790292.000
-0.768,2.890,0.076,-62.738,-49.021,-1.464,445790392.000
-0.761,2.888,0.074,-62.579,-48.993,-1.453,445790491.000
-0.764,2.876,0.074,-62.496,-48.858,-1.423,445790591.000
-0.760,2.874,0.069,-62.344,-48.801,-1.430,445790692.000
-0.765,2.868,0.079,-62.197,-48.668,-1.418,445790792.000
-0.760,2.860,0.070,-62.117,-48.604,-1.444,445790891.000
-0.763,2.861,0.075,-61.986,-48.501,-1.424,445790991.000
-0.759,2.853,0.077,-61.824,-48.468,-1.421,445791092.000
-0.757,2.847,0.070,-61.751,-48.383,-1.429,445791192.000
-0.755,2.843,0.070,-61.621,-48.322,-1.399,445791292.000
-0.760,2.835,0.073,-61.529,-48.214,-1.397,445791391.000
-0.753,2.828,0.068,-61.428,-48.170,-1.404,445791492.000
-0.756,2.827,0.068,-61.311,-48.084,-1.394,445791592.000
-0.752,2.821,0.068,-61.203,-48.011,-1.382,445791692.000
-0.750,2.820,0.061,-61.086,-47.950,-1.399,445791792.000
-0.754,2.814,0.068,-60.952,-47.825,-1.388,445791891.000
-0.748,2.805,0.068,-60.866,-47.814,-1.376,445791992.000
-0.750,2.801,0.073,-60.792,-47.711,-1.347,445792091.000
-0.744,2.800,0.066,-60.647,-47.675,-1.363,445792191.000
-0.746,2.793,0.064,-60.547,-47.597,-1.371,445792291.000
-0.747,2.793,0.074,-60.423,-47.538,-1.342,445792392.000
-0.747,2.790,0.066,-60.328,-47.441,-1.349,445792491.000
-0.747,2.782,0.069,-60.263,-47.359,-1.347,445792592.000
-0.745,2.776,0.072,-60.135,-47.289,-1.354,445792691.000
-0.745,2.778,0.067,-60.023,-47.232,-1.344,445792792.000
-0.739,2.772,0.064,-59.922,-47.204,-1.323,445792891.000
-0.742,2.770,0.072,-59.833,-47.117,-1.313,445792991.000
-0.740,2.764,0.070,-59.760,-47.065,-1.293,445793092.000
-0.740,2.761,0.065,-59.651,-47.007,-1.328,445793191.000
-0.738,2.751,0.065,-59.580,-46.946,-1.317,445793292.000
-0.740,2.745,0.062,-59.507,-46.868,-1.297,445793392.000
-0.738,2.751,0.073,-59.360,-46.798,-1.314,445793491.000
-0.736,2.745,0.065,-59.300,-46.737,-1.294,445793592.000
-0.734,2.738,0.070,-59.228,-46.684,-1.301,445793691.000
-0.732,2.739,0.065,-59.109,-46.664,-1.309,445793792.000
-0.730,2.733,0.065,-59.064,-46.579,-1.289,445793891.000
-0.733,2.731,0.065,-58.961,-46.517,-1.279,445793992.000
-0.731,2.727,0.063,-58.887,-46.440,-1.305,445794091.000
-0.731,2.719,0.063,-58.795,-46.390,-1.303,445794191.000
-0.731,2.719,0.061,-58.697,-46.349,-1.274,445794291.000
-0.731,2.709,0.063,-58.676,-46.267,-1.282,445794391.000
-0.731,2.716,0.064,-58.506,-46.241,-1.281,445794492.000
-0.727,2.706,0.064,-58.469,-46.193,-1.261,445794592.000
-0.725,2.704,0.066,-58.380,-46.148,-1.278,445794692.000
-0.723,2.698,0.054,-58.320,-46.056,-1.257,445794792.000
-0.724,2.698,0.066,-58.225,-46.014,-1.256,445794891.000
-0.726,2.696,0.059,-58.135,-45.928,-1.246,445794992.000
-0.726,2.691,0.062,-58.083,-45.894,-1.263,445795091.000
-0.720,2.689,0.064,-58.008,-45.899,-1.280,445795192.000
-0.720,2.684,0.059,-57.927,-45.818,-1.269,445795292.000
-0.718,2.683,0.062,-57.838,-45.773,-1.258,445795391.000
-0.720,2.674,0.062,-57.794,-45.687,-1.248,445795491.000
-0.721,2.673,0.062,-57.740,-45.637,-1.275,445795591.000
-0.716,2.671,0.062,-57.644,-45.613,-1.255,445795692.000
-0.719,2.667,0.060,-57.556,-45.535,-1.253,445795791.000
-0.715,2.664,0.057,-57.501,-45.520,-1.234,445795892.000
-0.717,2.660,0.060,-57.414,-45.473,-1.260,445795991.000
-0.717,2.660,0.062,-57.345,-45.367,-1.231,445796091.000
-0.713,2.657,0.057,-57.290,-45.336,-1.211,445796192.000
-0.711,2.653,0.058,-57.203,-45.299,-1.237,445796291.000
-0.715,2.651,0.053,-57.121,-45.265,-1.219,445796392.000
-0.713,2.644,0.055,-57.103,-45.197,-1.199,445796492.000
-0.711,2.643,0.058,-56.987,-45.151,-1.215,445796592.000
-0.712,2.640,0.060,-56.933,-45.094,-1.196,445796691.000
-0.707,2.640,0.051,-56.877,-45.055,-1.222,445796791.000
-0.712,2.637,0.053,-56.824,-44.972,-1.231,445796891.000
-0.710,2.633,0.056,-56.736,-44.951,-1.229,445796992.000
-0.708,2.634,0.063,-56.674,-44.914,-1.210,445797091.000
-0.704,2.626,0.056,-56.635,-44.891,-1.208,445797191.000
-0.708,2.626,0.053,-56.539,-44.824,-1.208,445797291.000
-0.708,2.626,0.053,-56.470,-44.751,-1.207,445797392.000
-0.706,2.622,0.056,-56.396,-44.755,-1.178,445797491.000
-0.707,2.614,0.056,-56.386,-44.657,-1.204,445797591.000
-0.702,2.612,0.051,-56.331,-44.674,-1.185,445797691.000
-0.702,2.619,0.061,-56.190,-44.616,-1.183,445797791.000
-0.707,2.609,0.059,-56.196,-44.525,-1.220,445797892.000
-0.705,2.605,0.054,-56.135,-44.505,-1.191,445797991.000
-0.701,2.605,0.051,-56.052,-44.466,-1.189,445798091.000
-0.703,2.601,0.054,-56.019,-44.371,-1.161,445798191.000
-0.699,2.598,0.052,-55.951,-44.380,-1.196,445798291.000
-0.701,2.599,0.059,-55.834,-44.317,-1.177,445798392.000
-0.701,2.589,0.059,-55.853,-44.292,-1.185,445798492.000
-0.699,2.590,0.059,-55.776,-44.232,-1.165,445798591.000
-0.699,2.585,0.054,-55.709,-44.175,-1.155,445798691.000
-0.697,2.583,0.054,-55.676,-44.163,-1.173,445798792.000
-0.698,2.583,0.054,-55.593,-44.113,-1.172,445798892.000
-0.695,2.582,0.050,-55.531,-44.118,-1.189,445798991.000
-0.698,2.581,0.055,-55.484,-44.040,-1.152,445799091.000
-0.694,2.580,0.050,-55.414,-44.008,-1.205,445799191.000
-0.696,2.577,0.057,-55.368,-43.970,-1.149,445799292.000
-0.694,2.570,0.055,-55.309,-43.942,-1.157,445799391.000
-0.694,2.573,0.060,-55.253,-43.900,-1.147,445799492.000
-0.692,2.561,0.055,-55.238,-43.880,-1.146,445799592.000
-0.690,2.567,0.043,-55.144,-43.813,-1.191,445799691.000
-0.694,2.559,0.052,-55.163,-43.754,-1.163,445799792.000
-0.690,2.559,0.055,-55.038,-43.770,-1.162,445799892.000
-0.690,2.559,0.050,-54.983,-43.689,-1.161,445799991.000
-0.688,2.558,0.053,-54.949,-43.644,-1.150,445800091.000
-0.691,2.551,0.045,-54.904,-43.583,-1.159,445800192.000
-0.691,2.546,0.050,-54.893,-43.542,-1.149,445800292.000
-0.682,2.551,0.050,-54.792,-43.568,-1.129,445800392.000
-0.691,2.548,0.055,-54.754,-43.500,-1.138,445800492.000
-0.687,2.546,0.051,-54.713,-43.444,-1.146,445800593.000
-0.685,2.542,0.051,-54.639,-43.432,-1.145,445800692.000
-0.683,2.540,0.048,-54.591,-43.380,-1.162,445800792.000
-0.685,2.541,0.053,-54.529,-43.350,-1.143,445800892.000
-0.687,2.535,0.048,-54.483,-43.304,-1.124,445800992.000
-0.685,2.536,0.051,-54.421,-43.284,-1.132,445801092.000
-0.685,2.531,0.051,-54.410,-43.211,-1.150,445801192.000
-0.683,2.535,0.053,-54.304,-43.190,-1.121,445801293.000
-0.683,2.529,0.051,-54.279,-43.174,-1.139,445801392.000
-0.684,2.522,0.054,-54.256,-43.116,-1.138,445801492.000
-0.683,2.527,0.046,-54.197,-43.117,-1.147,445801593.000
-0.684,2.524,0.054,-54.144,-43.043,-1.127,445801693.000
-0.682,2.517,0.049,-54.098,-43.023,-1.135,445801793.000
-0.682,2.515,0.044,-54.072,-42.966,-1.144,445801892.000
-0.675,2.513,0.046,-54.010,-42.995,-1.133,445801993.000
-0.675,2.516,0.049,-53.953,-42.938,-1.123,445802093.000
-0.678,2.512,0.044,-53.907,-42.869,-1.122,445802193.000
-0.680,2.508,0.051,-53.875,-42.855,-1.122,445802293.000
-0.678,2.509,0.047,-53.784,-42.835,-1.130,445802392.000
-0.678,2.504,0.052,-53.760,-42.769,-1.120,445802493.000
-0.674,2.507,0.044,-53.674,-42.770,-1.109,445802593.000
-0.676,2.503,0.044,-53.684,-42.733,-1.109,445802692.000
-0.674,2.499,0.049,-53.624,-42.680,-1.108,445802793.000
-0.676,2.497,0.044,-53.590,-42.659,-1.098,445802893.000
-0.677,2.497,0.049,-53.508,-42.593,-1.125,445802992.000
-0.672,2.494,0.047,-53.480,-42.578,-1.105,445803092.000
-0.675,2.493,0.045,-53.419,-42.525,-1.123,445803193.000
-0.672,2.489,0.047,-53.400,-42.529,-1.095,445803293.000
-0.673,2.484,0.047,-53.375,-42.480,-1.112,445803393.000
-0.671,2.488,0.047,-53.297,-42.443,-1.111,445803492.000
-0.669,2.486,0.047,-53.249,-42.407,-1.101,445803593.000
-0.673,2.481,0.047,-53.225,-42.381,-1.092,445803693.000
-0.667,2.482,0.045,-53.161,-42.354,-1.099,445803793.000
-0.669,2.473,0.042,-53.173,-42.301,-1.117,445803893.000
-0.669,2.476,0.045,-53.103,-42.268,-1.107,445803993.000
-0.667,2.472,0.045,-53.056,-42.256,-1.079,445804093.000
-0.667,2.472,0.045,-52.987,-42.231,-1.105,445804192.000
-0.669,2.473,0.048,-52.952,-42.185,-1.087,445804292.000
-0.667,2.464,0.035,-52.977,-42.167,-1.105,445804393.000
-0.665,2.463,0.045,-52.902,-42.145,-1.066,445804492.000
-0.665,2.465,0.040,-52.831,-42.064,-1.084,445804592.000
-0.665,2.462,0.045,-52.778,-42.071,-1.092,445804693.000
-0.668,2.461,0.040,-52.758,-42.026,-1.111,445804793.000
-0.668,2.461,0.045,-52.689,-41.985,-1.082,445804893.000
-0.670,2.457,0.045,-52.657,-41.923,-1.081,445804992.000
-0.664,2.456,0.045,-52.636,-41.913,-1.071,445805093.000
-0.659,2.455,0.043,-52.580,-41.922,-1.098,445805192.000
-0.666,2.454,0.041,-52.519,-41.843,-1.088,445805292.000
-0.662,2.446,0.046,-52.523,-41.827,-1.059,445805393.000
-0.664,2.450,0.046,-52.459,-41.789,-1.087,445805492.000
-0.660,2.445,0.048,-52.420,-41.757,-1.048,445805592.000
-0.660,2.445,0.036,-52.405,-41.750,-1.076,445805693.000
-0.662,2.441,0.041,-52.374,-41.720,-1.075,445805792.000
-0.662,2.446,0.046,-52.275,-41.679,-1.084,445805893.000
-0.660,2.437,0.043,-52.286,-41.651,-1.046,445805992.000
-0.656,2.437,0.048,-52.244,-41.635,-1.072,445806092.000
-0.663,2.433,0.043,-52.212,-41.565,-1.072,445806192.000
-0.658,2.435,0.049,-52.142,-41.573,-1.062,445806293.000
-0.658,2.435,0.044,-52.059,-41.540,-1.089,445806393.000
-0.661,2.431,0.044,-52.082,-41.479,-1.061,445806492.000
-0.654,2.430,0.046,-52.034,-41.484,-1.078,445806592.000
-0.661,2.431,0.039,-51.985,-41.422,-1.060,445806693.000
-0.655,2.425,0.049,-51.967,-41.427,-1.040,445806792.000
-0.659,2.422,0.046,-51.927,-41.385,-1.049,445806892.000
-0.657,2.421,0.046,-51.907,-41.349,-1.039,445806992.000
-0.655,2.422,0.041,-51.816,-41.329,-1.047,445807093.000
-0.659,2.419,0.041,-51.791,-41.278,-1.056,445807192.000
-0.655,2.417,0.042,-51.764,-41.279,-1.064,445807292.000
-0.657,2.415,0.039,-51.702,-41.226,-1.054,445807392.000
-0.651,2.417,0.044,-51.680,-41.223,-1.035,445807492.000
-0.653,2.413,0.049,-51.621,-41.193,-1.034,445807593.000
-0.651,2.409,0.037,-51.615,-41.174,-1.061,445807692.000
-0.649,2.410,0.044,-51.525,-41.137,-1.041,445807793.000
-0.653,2.407,0.037,-51.526,-41.088,-1.051,445807893.000
-0.653,2.404,0.039,-51.486,-41.055,-1.032,445807993.000
-0.656,2.408,0.042,-51.395,-41.033,-1.031,445808093.000
-0.649,2.404,0.044,-51.390,-40.990,-1.057,445808193.000
-0.652,2.398,0.037,-51.400,-40.977,-1.066,445808293.000
-0.647,2.398,0.037,-51.344,-40.954,-1.038,445808392.000
-0.652,2.395,0.042,-51.304,-40.863,-1.018,445808493.000
-0.648,2.392,0.037,-51.264,-40.904,-1.027,445808592.000
-0.648,2.390,0.042,-51.238,-40.863,-1.035,445808692.000
-0.650,2.394,0.035,-51.187,-40.851,-1.036,445808793.000
-0.646,2.394,0.045,-51.160,-40.843,-1.035,445808893.000
-0.648,2.390,0.045,-51.100,-40.781,-1.034,445808992.000
-0.648,2.387,0.040,-51.074,-40.773,-1.042,445809092.000
-0.646,2.386,0.047,-51.040,-40.711,-1.032,445809192.000
-0.644,2.389,0.035,-50.961,-40.741,-1.032,445809292.000
-0.646,2.378,0.037,-51.002,-40.695,-1.031,445809393.000
-0.646,2.380,0.037,-50.932,-40.646,-1.021,445809492.000
-0.642,2.380,0.043,-50.904,-40.655,-1.020,445809592.000
-0.646,2.380,0.040,-50.835,-40.589,-1.020,445809693.000
-0.644,2.374,0.043,-50.860,-40.593,-1.056,445809792.000
-0.644,2.379,0.038,-50.773,-40.561,-1.010,445809892.000
-0.642,2.372,0.035,-50.756,-40.508,-1.045,445809993.000
-0.645,2.371,0.040,-50.736,-40.479,-1.008,445810093.000
-0.640,2.371,0.040,-50.694,-40.480,-1.007,445810193.000
-0.647,2.369,0.045,-50.661,-40.400,-0.998,445810293.000
-0.643,2.372,0.043,-50.618,-40.409,-1.016,445810392.000
-0.643,2.372,0.040,-50.535,-40.393,-1.015,445810492.000
-0.643,2.361,0.038,-50.568,-40.376,-1.024,445810593.000
-0.639,2.364,0.036,-50.469,-40.337,-1.013,445810693.000
-0.636,2.365,0.031,-50.462,-40.366,-1.050,445810793.000
-0.641,2.360,0.036,-50.451,-40.299,-1.012,445810892.000
-0.637,2.357,0.036,-50.410,-40.276,-1.020,445810992.000
-0.639,2.356,0.031,-50.376,-40.255,-1.011,445811092.000
-0.639,2.356,0.036,-50.308,-40.213,-1.010,445811193.000
-0.637,2.360,0.038,-50.257,-40.193,-1.009,445811292.000
-0.637,2.349,0.033,-50.290,-40.161,-0.990,445811392.000
-0.639,2.353,0.036,-50.185,-40.115,-1.017,445811493.000
-0.635,2.351,0.033,-50.199,-40.125,-0.998,445811592.000
-0.637,2.347,0.036,-50.181,-40.103,-0.998,445811692.000
-0.635,2.343,0.038,-50.163,-40.059,-1.025,445811793.000
-0.637,2.346,0.039,-50.099,-40.021,-1.024,445811892.000
-0.633,2.341,0.043,-50.073,-40.030,-0.986,445811992.000
-0.635,2.340,0.036,-50.039,-39.993,-1.005,445812092.000
-0.638,2.341,0.036,-49.991,-39.956,-1.014,445812192.000
-0.633,2.339,0.034,-50.005,-39.965,-1.022,445812292.000
-0.633,2.341,0.034,-49.935,-39.916,-1.012,445812392.000
-0.634,2.338,0.039,-49.895,-39.899,-0.993,445812492.000
-0.634,2.333,0.031,-49.938,-39.876,-0.984,445812592.000
-0.636,2.337,0.041,-49.876,-39.853,-1.011,445812691.000
-0.627,2.332,0.036,-49.822,-39.823,-1.000,445812792.000
-0.632,2.332,0.036,-49.795,-39.797,-1.000,445812892.000
-0.632,2.332,0.039,-49.753,-39.789,-0.972,445812992.000
-0.632,2.327,0.039,-49.756,-39.740,-0.990,445813092.000
-0.632,2.329,0.036,-49.713,-39.724,-0.980,445813192.000
-0.630,2.328,0.037,-49.679,-39.712,-0.998,445813291.000
-0.630,2.322,0.037,-49.668,-39.687,-0.988,445813391.000
-0.634,2.328,0.039,-49.583,-39.629,-0.969,445813491.000
-0.626,2.320,0.032,-49.613,-39.656,-0.996,445813592.000
-0.628,2.324,0.029,-49.535,-39.627,-0.995,445813691.000
-0.628,2.318,0.034,-49.524,-39.585,-0.986,445813791.000
-0.630,2.320,0.037,-49.490,-39.540,-0.994,445813891.000
-0.626,2.314,0.029,-49.478,-39.541,-0.984,445813991.000
-0.628,2.316,0.037,-49.443,-39.528,-0.993,445814093.000
-0.628,2.318,0.029,-49.359,-39.503,-0.984,445814191.000
-0.624,2.310,0.039,-49.391,-39.471,-1.010,445814292.000
-0.624,2.315,0.039,-49.346,-39.447,-0.991,445814392.000
-0.629,2.308,0.032,-49.310,-39.421,-1.019,445814491.000
-0.624,2.308,0.035,-49.295,-39.390,-0.990,445814592.000
-0.627,2.309,0.035,-49.233,-39.376,-0.999,445814691.000
-0.622,2.306,0.035,-49.206,-39.377,-0.980,445814792.000
-0.627,2.309,0.037,-49.164,-39.319,-0.998,445814892.000
-0.620,2.302,0.032,-49.159,-39.349,-0.979,445814992.000
-0.627,2.306,0.030,-49.109,-39.246,-0.978,445815091.000
-0.621,2.305,0.040,-49.075,-39.275,-0.968,445815191.000
-0.623,2.298,0.032,-49.044,-39.238,-0.977,445815292.000
-0.627,2.301,0.040,-49.043,-39.188,-0.968,445815392.000
-0.625,2.299,0.042,-48.996,-39.168,-0.958,445815491.000
-0.621,2.297,0.035,-48.968,-39.169,-0.966,445815592.000
-0.625,2.294,0.040,-48.929,-39.126,-0.975,445815691.000
-0.623,2.293,0.032,-48.895,-39.115,-0.965,445815791.000
-0.623,2.290,0.030,-48.896,-39.075,-0.974,445815891.000
-0.621,2.291,0.033,-48.847,-39.079,-0.982,445815992.000
-0.623,2.290,0.025,-48.785,-39.042,-0.973,445816091.000
-0.621,2.289,0.035,-48.766,-39.021,-0.963,445816191.000
-0.621,2.286,0.035,-48.767,-38.997,-0.972,445816292.000
-0.621,2.289,0.033,-48.696,-38.980,-0.962,445816391.000
-0.624,2.287,0.038,-48.663,-38.975,-0.952,445816491.000
-0.617,2.283,0.030,-48.657,-38.965,-0.951,445816592.000
-0.619,2.282,0.033,-48.637,-38.919,-0.969,445816691.000
-0.620,2.279,0.033,-48.625,-38.871,-0.950,445816791.000
-0.617,2.278,0.028,-48.591,-38.875,-0.996,445816891.000
-0.620,2.274,0.033,-48.586,-38.846,-0.968,445816992.000
-0.618,2.278,0.030,-48.522,-38.818,-0.967,445817092.000
-0.616,2.274,0.030,-48.530,-38.806,-0.967,445817191.000
-0.618,2.270,0.028,-48.498,-38.777,-0.966,445817291.000
-0.618,2.273,0.033,-48.441,-38.736,-0.929,445817392.000
-0.614,2.273,0.031,-48.372,-38.769,-0.955,445817492.000
-0.614,2.272,0.028,-48.358,-38.728,-0.983,445817592.000
-0.618,2.272,0.031,-48.331,-38.670,-0.955,445817691.000
-0.618,2.265,0.033,-48.349,-38.637,-0.954,445817791.000
-0.614,2.270,0.031,-48.291,-38.647,-0.963,445817891.000
-0.614,2.265,0.033,-48.280,-38.638,-0.953,445817993.000
-0.614,2.267,0.026,-48.223,-38.614,-0.971,445818093.000
-0.616,2.260,0.028,-48.206,-38.568,-0.952,445818193.000
-0.614,2.262,0.026,-48.170,-38.565,-0.961,445818292.000
-0.612,2.255,0.033,-48.167,-38.552,-0.969,445818392.000
-0.616,2.258,0.033,-48.139,-38.502,-0.960,445818492.000
-0.612,2.255,0.033,-48.112,-38.503,-0.941,445818592.000
-0.612,2.258,0.026,-48.068,-38.455,-0.959,445818692.000
-0.612,2.252,0.031,-48.058,-38.462,-0.949,445818792.000
-0.610,2.254,0.034,-48.023,-38.442,-0.957,445818892.000
-0.610,2.254,0.039,-47.982,-38.401,-0.957,445818992.000
-0.610,2.256,0.034,-47.897,-38.393,-0.947,445819092.000
-0.608,2.252,0.029,-47.919,-38.373,-0.946,445819192.000
-0.608,2.252,0.034,-47.850,-38.332,-0.946,445819292.000
-0.611,2.246,0.034,-47.888,-38.319,-0.927,445819393.000
-0.611,2.251,0.034,-47.817,-38.294,-0.964,445819492.000
-0.611,2.248,0.026,-47.790,-38.271,-0.945,445819592.000
-0.609,2.244,0.029,-47.785,-38.251,-0.944,445819693.000
-0.613,2.242,0.034,-47.774,-38.208,-0.953,445819793.000
-0.607,2.243,0.031,-47.723,-38.206,-0.933,445819892.000
-0.611,2.243,0.026,-47.696,-38.197,-0.961,445819993.000
-0.611,2.243,0.029,-47.641,-38.164,-0.933,445820093.000
-0.609,2.239,0.029,-47.650,-38.152,-0.960,445820192.000
-0.607,2.240,0.027,-47.614,-38.148,-0.941,445820293.000
-0.609,2.239,0.036,-47.581,-38.078,-0.904,445820392.000
-0.607,2.232,0.034,-47.577,-38.098,-0.940,445820493.000
-0.609,2.233,0.027,-47.556,-38.062,-0.949,445820592.000
-0.607,2.230,0.024,-47.523,-38.058,-0.921,445820692.000
-0.605,2.231,0.032,-47.488,-38.022,-0.957,445820793.000
-0.607,2.232,0.029,-47.453,-37.993,-0.938,445820893.000
-0.605,2.231,0.029,-47.419,-37.981,-0.928,445820993.000
-0.607,2.224,0.024,-47.416,-37.960,-0.965,445821093.000
-0.605,2.223,0.029,-47.409,-37.932,-0.927,445821193.000
-0.605,2.223,0.022,-47.381,-37.932,-0.955,445821292.000
-0.599,2.222,0.029,-47.333,-37.921,-0.916,445821393.000
-0.603,2.221,0.029,-47.319,-37.871,-0.916,445821492.000
-0.603,2.219,0.032,-47.307,-37.886,-0.926,445821593.000
-0.606,2.223,0.022,-47.216,-37.834,-0.953,445821692.000
-0.606,2.217,0.029,-47.232,-37.809,-0.915,445821792.000
-0.606,2.217,0.025,-47.218,-37.801,-0.943,445821892.000
-0.606,2.217,0.029,-47.177,-37.760,-0.915,445821992.000
-0.604,2.213,0.025,-47.158,-37.764,-0.942,445822093.000
-0.602,2.215,0.030,-47.095,-37.760,-0.922,445822193.000
-0.600,2.213,0.035,-47.075,-37.756,-0.912,445822293.000
-0.602,2.212,0.032,-47.069,-37.703,-0.903,445822392.000
-0.602,2.215,0.027,-47.012,-37.695,-0.921,445822493.000
-0.600,2.213,0.030,-47.019,-37.675,-0.911,445822593.000
-0.600,2.208,0.030,-47.009,-37.650,-0.929,445822692.000
-0.598,2.209,0.030,-46.959,-37.638,-0.910,445822793.000
-0.598,2.207,0.025,-46.933,-37.630,-0.919,445822893.000
-0.600,2.203,0.027,-46.928,-37.585,-0.919,445822993.000
-0.598,2.207,0.030,-46.864,-37.589,-0.918,445823092.000
-0.602,2.204,0.022,-46.852,-37.564,-0.927,445823192.000
-0.598,2.204,0.027,-46.851,-37.524,-0.899,445823292.000
-0.598,2.199,0.027,-46.827,-37.523,-0.917,445823393.000
-0.596,2.197,0.025,-46.820,-37.496,-0.935,445823493.000
-0.598,2.201,0.028,-46.728,-37.474,-0.906,445823593.000
-0.596,2.197,0.023,-46.737,-37.479,-0.906,445823692.000
-0.596,2.195,0.028,-46.711,-37.438,-0.915,445823792.000
-0.598,2.196,0.020,-46.703,-37.426,-0.924,445823892.000
-0.598,2.193,0.030,-46.678,-37.416,-0.905,445823993.000
-0.599,2.193,0.028,-46.664,-37.376,-0.932,445824092.000
-0.596,2.189,0.028,-46.645,-37.364,-0.904,445824193.000
-0.594,2.191,0.023,-46.595,-37.369,-0.913,445824292.000
-0.594,2.190,0.030,-46.554,-37.343,-0.912,445824393.000
-0.597,2.189,0.033,-46.563,-37.298,-0.930,445824493.000
-0.595,2.183,0.030,-46.545,-37.294,-0.911,445824592.000
-0.592,2.189,0.028,-46.465,-37.315,-0.929,445824693.000
-0.595,2.183,0.025,-46.489,-37.262,-0.883,445824792.000
-0.595,2.185,0.023,-46.446,-37.246,-0.929,445824892.000
-0.590,2.185,0.025,-46.432,-37.263,-0.900,445824992.000
-0.590,2.185,0.025,-46.390,-37.238,-0.900,445825093.000
-0.595,2.180,0.026,-46.394,-37.212,-0.918,445825192.000
-0.595,2.182,0.028,-46.365,-37.156,-0.881,445825293.000
-0.593,2.176,0.031,-46.362,-37.160,-0.917,445825393.000
-0.591,2.180,0.028,-46.324,-37.132,-0.889,445825492.000
-0.593,2.178,0.028,-46.277,-37.070,-0.907,445825592.000
-0.593,2.176,0.031,-46.265,-37.086,-0.888,445825693.000
-0.589,2.176,0.021,-46.236,-37.096,-0.915,445825793.000
-0.587,2.172,0.028,-46.231,-37.108,-0.887,445825893.000
-0.595,2.174,0.031,-46.176,-37.000,-0.878,445825993.000
-0.591,2.174,0.033,-46.176,-37.041,-0.905,445826092.000
-0.593,2.170,0.026,-46.157,-37.004,-0.905,445826192.000
-0.591,2.169,0.028,-46.137,-36.984,-0.895,445826292.000
-0.589,2.168,0.028,-46.117,-36.997,-0.913,445826393.000
-0.589,2.168,0.026,-46.061,-36.980,-0.884,445826492.000
-0.587,2.166,0.021,-46.068,-36.912,-0.902,445826593.000
-0.587,2.164,0.026,-46.042,-36.920,-0.883,445826692.000
-0.587,2.166,0.019,-46.026,-36.920,-0.902,445826792.000
-0.589,2.165,0.028,-46.007,-36.874,-0.892,445826893.000
-0.587,2.163,0.021,-45.945,-36.863,-0.910,445826992.000
-0.587,2.158,0.021,-45.934,-36.838,-0.872,445827093.000
-0.585,2.160,0.019,-45.926,-36.835,-0.909,445827192.000
-0.583,2.161,0.019,-45.877,-36.871,-0.890,445827292.000
-0.583,2.158,0.024,-45.920,-36.807,-0.899,445827393.000
-0.590,2.159,0.021,-45.830,-36.752,-0.908,445827492.000
-0.590,2.157,0.026,-45.845,-36.735,-0.889,445827592.000
-0.588,2.158,0.016,-45.754,-36.732,-0.898,445827693.000
-0.588,2.155,0.021,-45.770,-36.715,-0.907,445827792.000
-0.586,2.154,0.024,-45.763,-36.719,-0.897,445827893.000
-0.588,2.153,0.016,-45.743,-36.658,-0.915,445827992.000
-0.579,2.150,0.019,-45.716,-36.701,-0.895,445828092.000
-0.588,2.153,0.021,-45.661,-36.641,-0.887,445828193.000
-0.586,2.151,0.026,-45.613,-36.588,-0.904,445828293.000
-0.586,2.146,0.021,-45.643,-36.605,-0.895,445828392.000
-0.588,2.147,0.024,-45.622,-36.584,-0.904,445828492.000
-0.586,2.149,0.021,-45.545,-36.556,-0.884,445828592.000
-0.584,2.145,0.031,-45.596,-36.584,-0.884,445828693.000
-0.586,2.146,0.026,-45.533,-36.539,-0.866,445828793.000
-0.584,2.147,0.024,-45.525,-36.535,-0.874,445828892.000
-0.586,2.143,0.019,-45.520,-36.491,-0.874,445828992.000
-0.584,2.144,0.027,-45.430,-36.453,-0.910,445829092.000
-0.582,2.143,0.024,-45.451,-36.474,-0.873,445829193.000
-0.580,2.142,0.019,-45.417,-36.479,-0.891,445829292.000
-0.582,2.135,0.027,-45.441,-36.441,-0.872,445829392.000
-0.584,2.139,0.019,-45.391,-36.429,-0.872,445829493.000
-0.580,2.137,0.022,-45.378,-36.422,-0.880,445829592.000
-0.580,2.137,0.017,-45.363,-36.414,-0.853,445829692.000
-0.580,2.134,0.022,-45.338,-36.373,-0.889,445829793.000
-0.580,2.137,0.019,-45.281,-36.381,-0.879,445829893.000
-0.578,2.130,0.024,-45.319,-36.328,-0.860,445829992.000
-0.580,2.129,0.029,-45.258,-36.323,-0.850,445830093.000
-0.576,2.129,0.022,-45.230,-36.348,-0.878,445830193.000
-0.578,2.130,0.024,-45.209,-36.327,-0.887,445830293.000
-0.581,2.131,0.022,-45.146,-36.249,-0.868,445830392.000
-0.581,2.129,0.027,-45.161,-36.233,-0.849,445830493.000
-0.581,2.128,0.017,-45.133,-36.217,-0.876,445830593.000
-0.576,2.123,0.020,-45.122,-36.234,-0.866,445830692.000
-0.581,2.123,0.024,-45.109,-36.168,-0.866,445830793.000
-0.574,2.122,0.017,-45.087,-36.206,-0.856,445830893.000
-0.577,2.123,0.020,-45.066,-36.185,-0.865,445830992.000
-0.577,2.123,0.022,-44.998,-36.176,-0.865,445831093.000
-0.575,2.119,0.022,-44.993,-36.140,-0.864,445831193.000
-0.579,2.122,0.025,-44.992,-36.106,-0.855,445831293.000
-0.572,2.120,0.022,-44.971,-36.128,-0.873,445831393.000
-0.577,2.118,0.027,-44.945,-36.062,-0.854,445831493.000
-0.577,2.120,0.022,-44.902,-36.078,-0.845,445831593.000
-0.575,2.116,0.022,-44.911,-36.066,-0.872,445831693.000
-0.573,2.118,0.025,-44.890,-36.071,-0.853,445831792.000
-0.577,2.115,0.025,-44.836,-36.020,-0.834,445831892.000
-0.573,2.120,0.025,-44.791,-36.021,-0.843,445831992.000
-0.573,2.112,0.020,-44.809,-35.989,-0.870,445832093.000
-0.575,2.111,0.022,-44.804,-35.968,-0.888,445832192.000
-0.573,2.107,0.020,-44.784,-35.940,-0.860,445832293.000
-0.575,2.108,0.025,-44.764,-35.935,-0.869,445832392.000
-0.577,2.110,0.022,-44.728,-35.906,-0.850,445832492.000
-0.573,2.107,0.022,-44.716,-35.931,-0.859,445832592.000
-0.573,2.107,0.018,-44.674,-35.875,-0.858,445832693.000
-0.573,2.104,0.023,-44.661,-35.858,-0.839,445832793.000
-0.573,2.104,0.023,-44.634,-35.858,-0.867,445832892.000
-0.573,2.102,0.025,-44.621,-35.825,-0.820,445832992.000
-0.569,2.104,0.023,-44.578,-35.834,-0.866,445833093.000
-0.571,2.106,0.030,-44.585,-35.796,-0.847,445833192.000
-0.571,2.103,0.023,-44.531,-35.772,-0.856,445833292.000
-0.569,2.104,0.018,-44.523,-35.802,-0.865,445833392.000
-0.572,2.103,0.028,-44.503,-35.755,-0.828,445833492.000
-0.572,2.103,0.023,-44.448,-35.723,-0.855,445833592.000
-0.569,2.096,0.020,-44.472,-35.744,-0.836,445833693.000
-0.570,2.096,0.020,-44.444,-35.695,-0.863,445833793.000
-0.572,2.095,0.020,-44.452,-35.682,-0.826,445833893.000
-0.565,2.091,0.020,-44.446,-35.720,-0.853,445833992.000
-0.567,2.095,0.018,-44.369,-35.691,-0.853,445834093.000
-0.570,2.094,0.020,-44.363,-35.670,-0.843,445834193.000
-0.572,2.095,0.023,-44.328,-35.624,-0.852,445834293.000
-0.572,2.092,0.025,-44.302,-35.616,-0.833,445834392.000
-0.568,2.087,0.020,-44.317,-35.585,-0.823,445834493.000
-0.570,2.088,0.023,-44.311,-35.588,-0.860,445834592.000
-0.570,2.086,0.025,-44.284,-35.531,-0.841,445834693.000
-0.568,2.089,0.021,-44.248,-35.536,-0.869,445834793.000
-0.568,2.089,0.021,-44.220,-35.536,-0.841,445834893.000
-0.566,2.088,0.021,-44.186,-35.524,-0.858,445834992.000
-0.566,2.080,0.021,-44.217,-35.499,-0.830,445835092.000
-0.566,2.085,0.021,-44.146,-35.475,-0.867,445835193.000
-0.566,2.083,0.018,-44.188,-35.459,-0.848,445835292.000
-0.570,2.088,0.016,-44.089,-35.441,-0.830,445835393.000
-0.566,2.080,0.018,-44.120,-35.458,-0.829,445835494.000
-0.568,2.081,0.018,-44.085,-35.397,-0.838,445835594.000
-0.566,2.083,0.028,-44.064,-35.400,-0.819,445835693.000
-0.568,2.081,0.018,-44.044,-35.372,-0.837,445835793.000
-0.564,2.081,0.011,-43.974,-35.373,-0.836,445835894.000
-0.564,2.079,0.016,-44.003,-35.381,-0.846,445835994.000
-0.568,2.079,0.018,-43.990,-35.347,-0.846,445836093.000
-0.562,2.072,0.018,-43.986,-35.361,-0.826,445836193.000
-0.566,2.077,0.016,-43.929,-35.319,-0.863,445836293.000
-0.562,2.075,0.016,-43.929,-35.320,-0.844,445836394.000
-0.562,2.067,0.023,-43.934,-35.295,-0.816,445836494.000
-0.564,2.073,0.018,-43.896,-35.299,-0.835,445836594.000
-0.560,2.068,0.023,-43.884,-35.283,-0.824,445836693.000
-0.565,2.068,0.023,-43.871,-35.233,-0.824,445836794.000
-0.562,2.069,0.019,-43.849,-35.238,-0.833,445836894.000
-0.565,2.071,0.011,-43.786,-35.177,-0.842,445836994.000
-0.560,2.071,0.019,-43.786,-35.202,-0.841,445837094.000
-0.560,2.071,0.024,-43.745,-35.209,-0.813,445837193.000
-0.563,2.069,0.021,-43.739,-35.156,-0.804,445837293.000
-0.563,2.064,0.019,-43.756,-35.164,-0.850,445837394.000
-0.563,2.069,0.021,-43.684,-35.155,-0.831,445837494.000
-0.565,2.057,0.011,-43.738,-35.103,-0.831,445837594.000
-0.558,2.067,0.014,-43.684,-35.109,-0.839,445837692.000
-0.559,2.061,0.024,-43.660,-35.123,-0.802,445837793.000
-0.563,2.059,0.016,-43.661,-35.074,-0.839,445837894.000
-0.563,2.056,0.011,-43.649,-35.042,-0.848,445837992.000
-0.559,2.056,0.014,-43.607,-35.059,-0.819,445838093.000
-0.561,2.062,0.014,-43.555,-35.022,-0.838,445838192.000
-0.561,2.055,0.016,-43.601,-35.038,-0.838,445838292.000
-0.563,2.056,0.019,-43.552,-34.968,-0.819,445838392.000
-0.559,2.056,0.019,-43.524,-34.993,-0.818,445838492.000
-0.559,2.058,0.014,-43.468,-34.985,-0.836,445838593.000
-0.563,2.051,0.021,-43.500,-34.934,-0.808,445838692.000
-0.557,2.052,0.019,-43.464,-34.956,-0.817,445838792.000
-0.557,2.049,0.017,-43.465,-34.916,-0.825,445838893.000
-0.559,2.051,0.019,-43.430,-34.919,-0.807,445838992.000
-0.561,2.054,0.022,-43.380,-34.873,-0.807,445839092.000
-0.557,2.052,0.019,-43.381,-34.907,-0.816,445839192.000
-0.557,2.052,0.022,-43.367,-34.899,-0.788,445839292.000
-0.555,2.051,0.019,-43.333,-34.871,-0.805,445839392.000
-0.557,2.047,0.017,-43.356,-34.842,-0.805,445839493.000
-0.559,2.048,0.014,-43.307,-34.837,-0.787,445839593.000
-0.555,2.050,0.019,-43.250,-34.821,-0.804,445839692.000
-0.557,2.046,0.014,-43.260,-34.801,-0.832,445839793.000
-0.555,2.048,0.014,-43.251,-34.814,-0.813,445839893.000
-0.555,2.048,0.022,-43.197,-34.764,-0.812,445839993.000
-0.553,2.046,0.019,-43.190,-34.785,-0.831,445840092.000
-0.553,2.044,0.019,-43.164,-34.760,-0.812,445840192.000
-0.553,2.039,0.019,-43.208,-34.736,-0.802,445840293.000
-0.555,2.045,0.019,-43.143,-34.723,-0.821,445840392.000
-0.553,2.041,0.017,-43.123,-34.695,-0.792,445840493.000
-0.553,2.041,0.019,-43.110,-34.687,-0.820,445840593.000
-0.553,2.038,0.015,-43.111,-34.679,-0.829,445840692.000
-0.556,2.037,0.019,-43.092,-34.649,-0.819,445840793.000
-0.549,2.038,0.015,-43.055,-34.656,-0.800,445840893.000
-0.554,2.038,0.017,-43.028,-34.597,-0.772,445840992.000
-0.552,2.034,0.024,-43.051,-34.609,-0.799,445841093.000
-0.549,2.036,0.015,-43.015,-34.606,-0.808,445841192.000
-0.554,2.033,0.020,-43.004,-34.564,-0.817,445841293.000
-0.552,2.032,0.020,-42.997,-34.552,-0.808,445841393.000
-0.552,2.027,0.022,-42.972,-34.568,-0.798,445841492.000
-0.552,2.029,0.022,-42.943,-34.544,-0.788,445841592.000
-0.547,2.032,0.012,-42.900,-34.553,-0.806,445841692.000
-0.554,2.030,0.020,-42.895,-34.490,-0.797,445841793.000
-0.550,2.025,0.012,-42.938,-34.492,-0.815,445841892.000
-0.550,2.025,0.025,-42.883,-34.523,-0.760,445841993.000
-0.550,2.023,0.020,-42.871,-34.491,-0.796,445842093.000
-0.552,2.026,0.015,-42.861,-34.471,-0.796,445842193.000
-0.548,2.024,0.020,-42.821,-34.479,-0.777,445842293.000
-0.550,2.025,0.015,-42.786,-34.434,-0.786,445842393.000
-0.548,2.026,0.015,-42.778,-34.447,-0.795,445842492.000
-0.546,2.025,0.010,-42.758,-34.427,-0.813,445842593.000
-0.548,2.024,0.020,-42.739,-34.381,-0.803,445842693.000
-0.550,2.020,0.012,-42.733,-34.369,-0.803,445842793.000
-0.546,2.022,0.012,-42.704,-34.370,-0.793,445842893.000
-0.546,2.020,0.012,-42.705,-34.394,-0.802,445842992.000
-0.548,2.018,0.020,-42.686,-34.332,-0.793,445843093.000
-0.548,2.016,0.008,-42.686,-34.325,-0.802,445843193.000
-0.548,2.018,0.015,-42.645,-34.324,-0.820,445843292.000
-0.548,2.018,0.015,-42.603,-34.299,-0.792,445843393.000
-0.550,2.012,0.015,-42.627,-34.262,-0.801,445843493.000
-0.548,2.018,0.013,-42.561,-34.258,-0.791,445843592.000
-0.544,2.016,0.013,-42.548,-34.284,-0.800,445843692.000
-0.542,2.009,0.015,-42.586,-34.264,-0.781,445843792.000
-0.546,2.012,0.013,-42.516,-34.222,-0.799,445843892.000
-0.544,2.010,0.020,-42.538,-34.210,-0.789,445843993.000
-0.542,2.012,0.015,-42.502,-34.239,-0.798,445844092.000
-0.546,2.009,0.013,-42.476,-34.173,-0.807,445844192.000
-0.546,2.009,0.013,-42.449,-34.173,-0.807,445844293.000
-0.544,2.008,0.010,-42.442,-34.145,-0.797,445844392.000
-0.544,2.007,0.018,-42.415,-34.144,-0.797,445844493.000
-0.544,2.005,0.020,-42.430,-34.112,-0.778,445844592.000
-0.542,2.009,0.015,-42.407,-34.141,-0.806,445844692.000
-0.544,2.007,0.015,-42.345,-34.103,-0.769,445844792.000
-0.545,2.007,0.015,-42.359,-34.079,-0.796,445844893.000
-0.545,2.007,0.013,-42.359,-34.063,-0.796,445844992.000
-0.545,2.005,0.018,-42.306,-34.070,-0.805,445845092.000
-0.545,2.002,0.018,-42.335,-34.046,-0.786,445845193.000
-0.543,2.003,0.011,-42.257,-34.035,-0.794,445845293.000
-0.545,2.002,0.015,-42.265,-34.005,-0.785,445845393.000
-0.540,2.005,0.020,-42.236,-34.038,-0.775,445845492.000
-0.545,2.002,0.015,-42.224,-33.981,-0.785,445845593.000
-0.545,2.002,0.015,-42.210,-33.956,-0.784,445845692.000
-0.543,2.001,0.011,-42.190,-33.937,-0.802,445845793.000
-0.543,2.001,0.016,-42.176,-33.944,-0.774,445845892.000
-0.541,1.997,0.018,-42.171,-33.924,-0.774,445845992.000
-0.541,1.997,0.011,-42.170,-33.925,-0.774,445846093.000
-0.543,1.998,0.011,-42.136,-33.912,-0.811,445846192.000
-0.539,2.001,0.018,-42.079,-33.912,-0.773,445846292.000
-0.539,1.993,0.018,-42.111,-33.888,-0.800,445846393.000
-0.537,1.991,0.013,-42.090,-33.868,-0.762,445846492.000
-0.537,1.989,0.008,-42.091,-33.860,-0.799,445846592.000
-0.541,1.994,0.016,-42.034,-33.834,-0.781,445846693.000
-0.543,1.990,0.013,-42.030,-33.805,-0.808,445846792.000
-0.541,1.989,0.013,-42.051,-33.794,-0.771,445846892.000
-0.537,1.986,0.013,-42.010,-33.819,-0.780,445846993.000
-0.537,1.989,0.013,-41.995,-33.819,-0.798,445847093.000
-0.533,1.989,0.009,-41.939,-33.812,-0.797,445847192.000
-0.539,1.990,0.006,-41.918,-33.782,-0.779,445847293.000
-0.539,1.985,0.013,-41.935,-33.757,-0.769,445847392.000
-0.541,1.988,0.011,-41.899,-33.703,-0.797,445847493.000
-0.537,1.986,0.008,-41.886,-33.713,-0.778,445847592.000
-0.539,1.982,0.013,-41.909,-33.732,-0.778,445847692.000
-0.539,1.982,0.011,-41.895,-33.692,-0.778,445847793.000
-0.539,1.982,0.016,-41.868,-33.675,-0.777,445847893.000
-0.535,1.982,0.013,-41.853,-33.708,-0.777,445847992.000
-0.535,1.982,0.021,-41.812,-33.683,-0.749,445848093.000
-0.537,1.978,0.014,-41.793,-33.646,-0.776,445848192.000
-0.535,1.982,0.016,-41.784,-33.651,-0.776,445848292.000
-0.535,1.979,0.011,-41.772,-33.619,-0.785,445848393.000
-0.537,1.980,0.009,-41.751,-33.614,-0.794,445848493.000
-0.540,1.976,0.019,-41.733,-33.592,-0.794,445848592.000
-0.535,1.979,0.014,-41.716,-33.586,-0.756,445848693.000
-0.531,1.977,0.019,-41.690,-33.618,-0.765,445848792.000
-0.536,1.971,0.016,-41.707,-33.553,-0.783,445848893.000
-0.535,1.976,0.016,-41.677,-33.553,-0.765,445848992.000
-0.536,1.974,0.016,-41.650,-33.528,-0.773,445849093.000
-0.540,1.976,0.011,-41.594,-33.494,-0.764,445849192.000
-0.536,1.976,0.011,-41.607,-33.496,-0.764,445849293.000
-0.529,1.973,0.011,-41.602,-33.534,-0.763,445849393.000
-0.531,1.971,0.016,-41.582,-33.504,-0.753,445849492.000
-0.531,1.971,0.004,-41.553,-33.473,-0.753,445849593.000
-0.529,1.970,0.009,-41.548,-33.493,-0.771,445849692.000
-0.534,1.965,0.009,-41.565,-33.443,-0.762,445849793.000
-0.538,1.967,0.011,-41.536,-33.409,-0.753,445849892.000
-0.538,1.972,0.016,-41.493,-33.417,-0.762,445849992.000
-0.534,1.967,0.006,-41.508,-33.403,-0.752,445850093.000
-0.532,1.966,0.014,-41.488,-33.414,-0.770,445850192.000
-0.534,1.967,0.009,-41.439,-33.393,-0.779,445850292.000
-0.532,1.971,0.014,-41.389,-33.389,-0.751,445850392.000
-0.532,1.966,0.014,-41.433,-33.365,-0.769,445850492.000
-0.532,1.963,0.004,-41.406,-33.374,-0.778,445850593.000
-0.532,1.963,0.014,-41.379,-33.340,-0.778,445850693.000
-0.534,1.964,0.012,-41.372,-33.312,-0.759,445850792.000
-0.530,1.959,0.014,-41.374,-33.304,-0.749,445850892.000
-0.530,1.959,0.009,-41.360,-33.297,-0.749,445850992.000
-0.532,1.963,0.019,-41.352,-33.323,-0.749,445851092.000
-0.530,1.962,0.009,-41.289,-33.296,-0.739,445851192.000
-0.530,1.964,0.014,-41.302,-33.280,-0.758,445851293.000
-0.532,1.958,0.009,-41.285,-33.235,-0.739,445851392.000
-0.526,1.951,0.012,-41.308,-33.264,-0.747,445851492.000
-0.528,1.953,0.012,-41.273,-33.251,-0.756,445851592.000
-0.528,1.958,0.009,-41.229,-33.211,-0.765,445851692.000
-0.528,1.955,0.012,-41.230,-33.203,-0.747,445851793.000
-0.526,1.956,0.007,-41.209,-33.207,-0.783,445851893.000
-0.528,1.958,0.007,-41.174,-33.194,-0.765,445851992.000
-0.528,1.952,0.014,-41.218,-33.170,-0.755,445852093.000
-0.528,1.952,0.012,-41.205,-33.178,-0.783,445852193.000
-0.526,1.954,0.012,-41.155,-33.166,-0.764,445852293.000
-0.526,1.946,0.014,-41.173,-33.133,-0.763,445852393.000
-0.526,1.951,0.007,-41.128,-33.158,-0.745,445852492.000
-0.530,1.948,0.009,-41.103,-33.124,-0.754,445852593.000
-0.526,1.948,0.009,-41.102,-33.101,-0.726,445852692.000
-0.526,1.948,0.012,-41.061,-33.092,-0.753,445852792.000
-0.526,1.948,0.009,-41.061,-33.076,-0.753,445852894.000
-0.526,1.951,0.012,-41.060,-33.068,-0.744,445852993.000
-0.528,1.949,0.014,-41.013,-33.071,-0.762,445853094.000
-0.524,1.947,0.012,-41.014,-33.056,-0.770,445853193.000
-0.526,1.948,0.015,-40.979,-33.059,-0.752,445853293.000
-0.526,1.943,0.012,-40.995,-33.018,-0.742,445853394.000
-0.524,1.944,0.012,-40.973,-33.007,-0.751,445853494.000
-0.527,1.943,0.012,-40.953,-32.994,-0.742,445853594.000
-0.527,1.943,0.010,-40.953,-32.978,-0.742,445853694.000
-0.524,1.937,0.017,-40.964,-32.990,-0.723,445853794.000
-0.529,1.936,0.012,-40.923,-32.956,-0.750,445853893.000
-0.522,1.938,0.005,-40.900,-32.971,-0.759,445853994.000
-0.524,1.944,0.007,-40.849,-32.949,-0.749,445854093.000
-0.527,1.940,0.012,-40.872,-32.920,-0.749,445854193.000
-0.520,1.936,0.012,-40.825,-32.933,-0.748,445854293.000
-0.527,1.937,0.012,-40.846,-32.895,-0.758,445854394.000
-0.522,1.938,0.005,-40.817,-32.921,-0.758,445854493.000
-0.523,1.935,0.012,-40.819,-32.896,-0.739,445854593.000
-0.525,1.939,0.012,-40.783,-32.859,-0.766,445854693.000
-0.520,1.931,0.007,-40.800,-32.901,-0.766,445854794.000
-0.523,1.930,0.007,-40.780,-32.839,-0.756,445854894.000
-0.523,1.932,0.012,-40.765,-32.823,-0.747,445854993.000
-0.525,1.933,0.007,-40.730,-32.778,-0.756,445855093.000
-0.521,1.931,0.010,-40.731,-32.795,-0.764,445855193.000
-0.523,1.930,0.007,-40.697,-32.790,-0.727,445855293.000
-0.523,1.927,0.010,-40.726,-32.782,-0.737,445855393.000
-0.523,1.929,0.012,-40.698,-32.773,-0.755,445855493.000
-0.523,1.924,0.005,-40.700,-32.774,-0.773,445855593.000
-0.523,1.927,0.010,-40.630,-32.757,-0.763,445855694.000
-0.521,1.928,0.010,-40.636,-32.745,-0.745,445855793.000
-0.521,1.925,0.010,-40.596,-32.745,-0.753,445855893.000
-0.525,1.925,0.017,-40.569,-32.670,-0.725,445855993.000
-0.521,1.925,0.003,-40.582,-32.721,-0.753,445856094.000
-0.521,1.925,0.012,-40.596,-32.664,-0.725,445856193.000
-0.521,1.923,0.015,-40.570,-32.704,-0.734,445856294.000
-0.521,1.923,0.015,-40.570,-32.655,-0.761,445856393.000
-0.519,1.924,0.010,-40.520,-32.660,-0.742,445856494.000
-0.523,1.921,0.008,-40.508,-32.618,-0.752,445856594.000
-0.523,1.921,0.010,-40.494,-32.610,-0.724,445856694.000
-0.521,1.920,0.013,-40.474,-32.590,-0.714,445856793.000
-0.515,1.921,0.003,-40.479,-32.637,-0.723,445856894.000
-0.517,1.915,0.018,-40.477,-32.598,-0.731,445856993.000
-0.519,1.919,0.008,-40.440,-32.594,-0.759,445857093.000
-0.519,1.916,0.005,-40.427,-32.578,-0.741,445857194.000
-0.517,1.915,0.010,-40.407,-32.574,-0.731,445857294.000
-0.517,1.917,0.005,-40.405,-32.566,-0.722,445857393.000
-0.522,1.912,0.008,-40.423,-32.533,-0.740,445857494.000
-0.519,1.916,0.000,-40.372,-32.546,-0.768,445857593.000
-0.517,1.917,0.010,-40.337,-32.525,-0.721,445857693.000
-0.517,1.917,0.005,-40.323,-32.517,-0.748,445857794.000
-0.519,1.913,0.003,-40.304,-32.512,-0.720,445857893.000
-0.517,1.915,0.005,-40.297,-32.493,-0.729,445857993.000
-0.513,1.912,0.010,-40.298,-32.525,-0.738,445858094.000
-0.515,1.911,0.010,-40.292,-32.488,-0.729,445858194.000
-0.517,1.912,0.005,-40.256,-32.444,-0.710,445858293.000
-0.518,1.909,0.010,-40.286,-32.451,-0.747,445858394.000
-0.515,1.908,0.008,-40.238,-32.448,-0.709,445858494.000
-0.520,1.913,0.008,-40.208,-32.422,-0.719,445858593.000
-0.520,1.911,0.008,-40.196,-32.422,-0.728,445858693.000
-0.518,1.907,0.011,-40.205,-32.426,-0.755,445858794.000
-0.515,1.908,0.011,-40.183,-32.414,-0.736,445858894.000
-0.520,1.910,0.008,-40.140,-32.373,-0.727,445858993.000
-0.516,1.908,0.011,-40.155,-32.366,-0.736,445859094.000
-0.520,1.910,0.011,-40.113,-32.340,-0.727,445859194.000
-0.513,1.907,0.011,-40.107,-32.378,-0.698,445859294.000
-0.518,1.904,0.008,-40.123,-32.336,-0.735,445859394.000
-0.518,1.904,0.013,-40.095,-32.320,-0.707,445859493.000
-0.511,1.903,0.011,-40.102,-32.342,-0.725,445859593.000
-0.516,1.903,0.011,-40.089,-32.340,-0.725,445859694.000
-0.511,1.903,0.013,-40.061,-32.333,-0.724,445859793.000
-0.511,1.900,0.008,-40.062,-32.325,-0.733,445859893.000
-0.516,1.903,0.013,-40.034,-32.307,-0.725,445859994.000
-0.512,1.900,0.008,-39.993,-32.300,-0.733,445860093.000
-0.518,1.899,0.011,-40.002,-32.230,-0.724,445860194.000
-0.514,1.901,0.008,-39.986,-32.288,-0.714,445860294.000
-0.512,1.900,0.008,-39.965,-32.252,-0.704,445860394.000
-0.514,1.901,0.006,-39.944,-32.247,-0.741,445860493.000
-0.516,1.897,0.006,-39.939,-32.234,-0.714,445860593.000
-0.514,1.898,0.008,-39.904,-32.214,-0.722,445860693.000
-0.516,1.897,0.006,-39.898,-32.210,-0.713,445860793.000
-0.510,1.898,0.003,-39.862,-32.231,-0.721,445860893.000
-0.512,1.895,0.008,-39.885,-32.202,-0.721,445860994.000
-0.514,1.893,0.011,-39.879,-32.181,-0.712,445861093.000
-0.514,1.893,0.003,-39.851,-32.181,-0.712,445861194.000
-0.510,1.896,0.008,-39.822,-32.166,-0.702,445861294.000
-0.514,1.896,0.008,-39.823,-32.140,-0.702,445861393.000
-0.512,1.897,0.006,-39.773,-32.161,-0.711,445861494.000
-0.516,1.894,0.003,-39.775,-32.095,-0.720,445861593.000
-0.512,1.897,0.008,-39.760,-32.104,-0.711,445861693.000
-0.512,1.889,0.004,-39.791,-32.096,-0.738,445861794.000
-0.514,1.890,0.006,-39.770,-32.075,-0.720,445861894.000
-0.514,1.888,0.011,-39.744,-32.082,-0.701,445861994.000
-0.514,1.890,0.004,-39.729,-32.035,-0.719,445862094.000
-0.512,1.879,0.006,-39.783,-32.039,-0.718,445862194.000
-0.510,1.885,0.004,-39.703,-32.060,-0.709,445862294.000
-0.508,1.886,0.009,-39.682,-32.080,-0.718,445862393.000
-0.510,1.885,0.009,-39.717,-32.067,-0.709,445862493.000
-0.508,1.886,0.011,-39.640,-32.023,-0.689,445862593.000
-0.510,1.883,0.006,-39.677,-32.002,-0.690,445862694.000
-0.508,1.886,0.006,-39.626,-32.015,-0.717,445862793.000
-0.510,1.882,0.004,-39.622,-31.986,-0.717,445862894.000
-0.508,1.889,0.009,-39.570,-32.006,-0.707,445862993.000
-0.510,1.882,0.004,-39.580,-32.010,-0.716,445863093.000
-0.508,1.881,0.004,-39.574,-31.950,-0.706,445863193.000
-0.513,1.884,0.006,-39.560,-31.940,-0.725,445863294.000
-0.511,1.880,0.009,-39.555,-31.920,-0.725,445863392.000
-0.511,1.877,0.011,-39.569,-31.936,-0.679,445863493.000
-0.511,1.880,0.006,-39.526,-31.904,-0.697,445863593.000
-0.509,1.878,0.009,-39.507,-31.884,-0.714,445863693.000
-0.511,1.882,0.006,-39.484,-31.855,-0.714,445863794.000
-0.508,1.881,0.004,-39.463,-31.900,-0.705,445863893.000
-0.506,1.877,0.004,-39.472,-31.888,-0.704,445863993.000
-0.506,1.877,0.004,-39.472,-31.888,-0.704,445864092.000
-0.509,1.876,0.004,-39.439,-31.851,-0.723,445864192.000
-0.509,1.878,0.009,-39.410,-31.858,-0.713,445864293.000
-0.507,1.877,0.006,-39.417,-31.855,-0.704,445864393.000
-0.509,1.873,0.009,-39.385,-31.809,-0.703,445864493.000
-0.511,1.874,0.001,-39.377,-31.797,-0.713,445864593.000
-0.507,1.872,0.002,-39.420,-31.823,-0.722,445864693.000
-0.509,1.876,0.006,-39.355,-31.818,-0.666,445864793.000
-0.507,1.872,0.004,-39.337,-31.790,-0.693,445864893.000
-0.511,1.872,0.009,-39.338,-31.748,-0.721,445864993.000
-0.509,1.868,0.004,-39.346,-31.753,-0.721,445865092.000
-0.502,1.872,0.009,-39.336,-31.799,-0.692,445865192.000
-0.505,1.870,0.004,-39.303,-31.778,-0.711,445865293.000
-0.507,1.869,0.007,-39.297,-31.757,-0.702,445865392.000
-0.507,1.869,0.009,-39.283,-31.748,-0.701,445865493.000
-0.507,1.869,0.009,-39.269,-31.724,-0.701,445865593.000
-0.505,1.865,0.009,-39.264,-31.688,-0.673,445865692.000
-0.505,1.865,0.009,-39.278,-31.712,-0.673,445865792.000
-0.503,1.871,0.002,-39.184,-31.725,-0.691,445865892.000
-0.503,1.861,0.007,-39.259,-31.684,-0.700,445865992.000
-0.507,1.866,0.007,-39.229,-31.659,-0.682,445866092.000
-0.505,1.865,0.009,-39.182,-31.638,-0.699,445866193.000
-0.505,1.868,0.007,-39.166,-31.671,-0.690,445866293.000
-0.505,1.862,0.002,-39.168,-31.639,-0.680,445866393.000
-0.503,1.861,0.007,-39.176,-31.635,-0.699,445866493.000
-0.505,1.860,0.004,-39.170,-31.631,-0.689,445866592.000
-0.503,1.861,0.002,-39.134,-31.627,-0.698,445866692.000
-0.503,1.864,0.007,-39.092,-31.610,-0.689,445866793.000
-0.503,1.858,0.004,-39.108,-31.570,-0.679,445866893.000
-0.503,1.861,0.007,-39.052,-31.610,-0.697,445866993.000
-0.505,1.857,0.012,-39.089,-31.556,-0.697,445867093.000
-0.503,1.858,0.012,-39.054,-31.569,-0.678,445867192.000
-0.501,1.857,0.004,-39.047,-31.558,-0.696,445867292.000
-0.501,1.857,0.002,-39.046,-31.542,-0.696,445867392.000
-0.501,1.857,0.004,-39.005,-31.533,-0.696,445867492.000
-0.501,1.857,0.007,-39.005,-31.500,-0.695,445867593.000
-0.499,1.856,0.012,-38.999,-31.521,-0.658,445867693.000
-0.503,1.861,0.007,-38.969,-31.512,-0.668,445867793.000
-0.503,1.850,0.012,-38.989,-31.471,-0.677,445867892.000
-0.501,1.857,0.007,-38.950,-31.500,-0.695,445867993.000
-0.504,1.853,0.014,-38.933,-31.462,-0.695,445868093.000
-0.503,1.855,0.004,-38.916,-31.447,-0.685,445868193.000
-0.503,1.850,0.007,-38.947,-31.463,-0.676,445868292.000
-0.497,1.849,0.002,-38.925,-31.469,-0.666,445868393.000
-0.497,1.852,0.007,-38.883,-31.452,-0.684,445868492.000
-0.501,1.849,0.004,-38.885,-31.434,-0.666,445868592.000
-0.499,1.848,0.010,-38.865,-31.430,-0.684,445868692.000
-0.501,1.846,0.005,-38.887,-31.410,-0.702,445868792.000
-0.502,1.846,0.002,-38.859,-31.394,-0.702,445868892.000
-0.497,1.849,0.005,-38.816,-31.386,-0.692,445868993.000
-0.499,1.848,0.009,-38.837,-31.382,-0.655,445869093.000
-0.495,1.845,0.005,-38.811,-31.399,-0.692,445869193.000
-0.502,1.849,0.005,-38.802,-31.337,-0.692,445869292.000
-0.499,1.850,0.002,-38.753,-31.357,-0.701,445869392.000
-0.500,1.848,0.010,-38.768,-31.357,-0.655,445869493.000
-0.497,1.846,0.002,-38.761,-31.346,-0.673,445869592.000
-0.500,1.847,0.007,-38.727,-31.316,-0.682,445869693.000
-0.498,1.846,0.002,-38.706,-31.297,-0.672,445869793.000
-0.498,1.849,0.007,-38.677,-31.304,-0.663,445869893.000
-0.502,1.846,0.005,-38.707,-31.287,-0.672,445869992.000
-0.495,1.842,0.005,-38.687,-31.301,-0.671,445870092.000
-0.502,1.841,0.005,-38.724,-31.263,-0.690,445870193.000
-0.498,1.841,0.002,-38.667,-31.272,-0.662,445870292.000
-0.498,1.836,0.007,-38.698,-31.255,-0.680,445870394.000
-0.496,1.839,0.005,-38.634,-31.276,-0.680,445870494.000
-0.498,1.838,-0.003,-38.641,-31.215,-0.670,445870593.000
-0.500,1.839,-0.000,-38.620,-31.194,-0.679,445870694.000
-0.500,1.839,0.010,-38.593,-31.209,-0.652,445870793.000
-0.498,1.838,0.002,-38.586,-31.198,-0.697,445870893.000
-0.498,1.841,0.007,-38.557,-31.206,-0.660,445870993.000
-0.496,1.837,0.007,-38.552,-31.218,-0.660,445871093.000
-0.502,1.835,-0.000,-38.560,-31.132,-0.679,445871194.000
-0.498,1.835,0.002,-38.546,-31.149,-0.678,445871294.000
-0.496,1.832,0.007,-38.555,-31.169,-0.650,445871394.000
-0.496,1.834,0.000,-38.512,-31.170,-0.668,445871494.000
-0.498,1.835,0.003,-38.491,-31.148,-0.677,445871593.000
-0.498,1.835,0.003,-38.477,-31.124,-0.677,445871694.000
-0.498,1.833,-0.002,-38.506,-31.117,-0.686,445871794.000
-0.496,1.834,0.005,-38.457,-31.104,-0.640,445871893.000
-0.496,1.834,0.003,-38.457,-31.088,-0.695,445871993.000
-0.496,1.831,0.005,-38.445,-31.104,-0.676,445872094.000
-0.498,1.833,0.005,-38.437,-31.091,-0.658,445872194.000
-0.494,1.825,0.000,-38.454,-31.084,-0.657,445872294.000
-0.500,1.831,0.003,-38.431,-31.038,-0.676,445872393.000
-0.496,1.829,0.000,-38.390,-31.047,-0.657,445872494.000
-0.494,1.827,0.005,-38.398,-31.043,-0.675,445872593.000
-0.494,1.827,0.003,-38.384,-31.051,-0.647,445872693.000
-0.496,1.829,0.003,-38.349,-31.038,-0.656,445872793.000
-0.494,1.827,0.000,-38.370,-31.011,-0.674,445872894.000
-0.494,1.827,0.008,-38.357,-31.034,-0.674,445872993.000
-0.492,1.821,0.003,-38.353,-31.039,-0.655,445873093.000
-0.492,1.823,0.008,-38.338,-31.022,-0.646,445873194.000
-0.496,1.826,-0.002,-38.295,-30.981,-0.692,445873294.000
-0.492,1.826,0.003,-38.267,-30.990,-0.636,445873394.000
-0.494,1.825,0.000,-38.261,-30.986,-0.655,445873493.000
-0.494,1.822,0.005,-38.263,-30.944,-0.663,445873594.000
-0.494,1.825,0.005,-38.220,-30.944,-0.654,445873693.000
-0.490,1.822,-0.002,-38.262,-30.971,-0.663,445873793.000
-0.497,1.818,0.010,-38.231,-30.915,-0.635,445873894.000
-0.492,1.818,0.008,-38.216,-30.900,-0.662,445873994.000
-0.494,1.819,0.005,-38.236,-30.920,-0.644,445874093.000
-0.488,1.818,-0.002,-38.201,-30.934,-0.662,445874194.000
-0.492,1.820,0.000,-38.173,-30.900,-0.680,445874293.000
-0.490,1.819,-0.005,-38.152,-30.929,-0.643,445874394.000
-0.492,1.821,0.003,-38.159,-30.892,-0.653,445874494.000
-0.492,1.821,0.003,-38.132,-30.891,-0.652,445874593.000
-0.492,1.815,-0.002,-38.134,-30.859,-0.643,445874694.000
-0.493,1.815,0.003,-38.107,-30.842,-0.670,445874794.000
-0.490,1.819,0.003,-38.097,-30.880,-0.642,445874894.000
-0.486,1.817,0.001,-38.084,-30.889,-0.651,445874993.000
-0.493,1.813,0.000,-38.122,-30.827,-0.651,445875094.000
-0.490,1.814,0.008,-38.087,-30.838,-0.632,445875193.000
-0.495,1.814,0.008,-38.073,-30.788,-0.632,445875294.000
-0.493,1.815,0.000,-38.065,-30.802,-0.642,445875393.000
-0.493,1.813,0.003,-38.039,-30.793,-0.623,445875494.000
-0.488,1.815,0.001,-37.982,-30.778,-0.640,445875593.000
-0.493,1.810,0.003,-38.027,-30.793,-0.659,445875694.000
-0.491,1.811,0.006,-38.005,-30.797,-0.640,445875794.000
-0.491,1.811,0.006,-37.992,-30.773,-0.668,445875893.000
-0.488,1.810,-0.002,-37.970,-30.786,-0.631,445875993.000
-0.493,1.810,0.003,-37.944,-30.744,-0.658,445876094.000
-0.493,1.807,0.006,-37.945,-30.687,-0.639,445876193.000
-0.491,1.814,0.001,-37.907,-30.716,-0.658,445876294.000
-0.489,1.807,0.001,-37.917,-30.728,-0.666,445876394.000
-0.493,1.812,0.006,-37.887,-30.686,-0.621,445876493.000
-0.489,1.805,0.006,-37.946,-30.688,-0.648,445876594.000
-0.489,1.802,0.008,-37.934,-30.703,-0.629,445876693.000
-0.493,1.802,-0.004,-37.892,-30.671,-0.657,445876793.000
-0.489,1.802,0.001,-37.892,-30.679,-0.656,445876893.000
-0.491,1.803,0.003,-37.844,-30.658,-0.638,445876994.000
-0.493,1.807,0.006,-37.835,-30.637,-0.638,445877093.000
-0.487,1.803,-0.004,-37.829,-30.660,-0.637,445877194.000
-0.487,1.803,-0.002,-37.829,-30.627,-0.637,445877294.000
-0.495,1.803,0.003,-37.844,-30.584,-0.638,445877393.000
-0.485,1.804,0.001,-37.752,-30.631,-0.645,445877494.000
-0.489,1.799,0.003,-37.797,-30.597,-0.636,445877594.000
-0.489,1.807,0.001,-37.737,-30.606,-0.636,445877694.000
-0.489,1.804,-0.002,-37.711,-30.614,-0.618,445877793.000
-0.489,1.802,0.001,-37.740,-30.557,-0.626,445877894.000
-0.491,1.800,0.003,-37.735,-30.536,-0.645,445877994.000
-0.487,1.798,0.001,-37.735,-30.569,-0.654,445878093.000
-0.489,1.799,0.006,-37.714,-30.564,-0.635,445878193.000
-0.485,1.799,0.001,-37.713,-30.558,-0.635,445878294.000
-0.489,1.796,0.003,-37.716,-30.524,-0.644,445878393.000
-0.489,1.799,0.001,-37.659,-30.532,-0.635,445878493.000
-0.485,1.796,0.001,-37.660,-30.533,-0.643,445878593.000
-0.487,1.800,-0.006,-37.650,-30.545,-0.644,445878693.000
-0.487,1.798,0.003,-37.625,-30.536,-0.625,445878794.000
-0.489,1.799,-0.004,-37.603,-30.499,-0.606,445878894.000
-0.485,1.794,0.001,-37.620,-30.484,-0.651,445878993.000
-0.485,1.794,0.006,-37.606,-30.491,-0.624,445879093.000
-0.485,1.794,-0.001,-37.606,-30.492,-0.651,445879193.000
-0.489,1.794,-0.001,-37.593,-30.442,-0.651,445879293.000
-0.487,1.792,0.004,-37.573,-30.438,-0.642,445879393.000
-0.485,1.794,0.001,-37.537,-30.434,-0.623,445879493.000
-0.487,1.792,0.004,-37.559,-30.413,-0.641,445879593.000
-0.487,1.790,-0.001,-37.532,-30.405,-0.622,445879693.000
-0.487,1.792,-0.001,-37.517,-30.405,-0.613,445879793.000
-0.485,1.788,0.001,-37.540,-30.434,-0.641,445879893.000
-0.488,1.792,0.001,-37.476,-30.397,-0.641,445879993.000
-0.483,1.787,0.004,-37.506,-30.390,-0.631,445880093.000
-0.485,1.786,-0.001,-37.513,-30.394,-0.622,445880194.000
-0.481,1.791,-0.004,-37.441,-30.378,-0.630,445880293.000
-0.481,1.788,-0.001,-37.456,-30.394,-0.639,445880394.000
-0.486,1.788,0.004,-37.457,-30.352,-0.639,445880493.000
-0.481,1.788,0.004,-37.428,-30.377,-0.611,445880593.000
-0.486,1.783,-0.001,-37.459,-30.320,-0.630,445880694.000
-0.483,1.782,-0.001,-37.466,-30.333,-0.620,445880794.000
-0.479,1.784,-0.001,-37.410,-30.334,-0.638,445880894.000
-0.479,1.784,0.001,-37.382,-30.349,-0.610,445880993.000
-0.484,1.779,0.011,-37.400,-30.266,-0.628,445881093.000
-0.481,1.783,-0.004,-37.389,-30.305,-0.628,445881193.000
-0.484,1.782,0.004,-37.356,-30.267,-0.619,445881294.000
-0.486,1.783,-0.001,-37.335,-30.246,-0.656,445881393.000
-0.484,1.784,-0.001,-37.341,-30.283,-0.637,445881493.000
-0.484,1.784,0.001,-37.327,-30.275,-0.610,445881593.000
-0.484,1.784,-0.001,-37.286,-30.234,-0.637,445881694.000
-0.486,1.780,0.004,-37.336,-30.205,-0.609,445881794.000
-0.479,1.782,0.001,-37.259,-30.251,-0.617,445881893.000
-0.482,1.783,0.001,-37.266,-30.214,-0.627,445881994.000
-0.477,1.778,-0.001,-37.309,-30.248,-0.617,445882094.000
-0.482,1.778,-0.001,-37.268,-30.198,-0.645,445882193.000
-0.482,1.778,0.004,-37.268,-30.181,-0.617,445882293.000
-0.480,1.782,-0.003,-37.217,-30.195,-0.617,445882393.000
-0.480,1.779,-0.003,-37.205,-30.194,-0.626,445882493.000
-0.480,1.779,-0.001,-37.205,-30.162,-0.625,445882593.000
-0.480,1.779,0.004,-37.178,-30.145,-0.625,445882693.000
-0.478,1.778,0.002,-37.185,-30.142,-0.615,445882793.000
-0.482,1.775,-0.003,-37.200,-30.133,-0.625,445882894.000
-0.482,1.777,-0.001,-37.144,-30.124,-0.615,445882993.000
-0.482,1.775,0.002,-37.174,-30.116,-0.652,445883093.000
-0.482,1.775,0.007,-37.160,-30.075,-0.624,445883193.000
-0.482,1.770,0.002,-37.162,-30.091,-0.643,445883293.000
-0.478,1.770,0.002,-37.148,-30.092,-0.614,445883393.000
-0.480,1.771,0.002,-37.127,-30.104,-0.624,445883494.000
-0.482,1.770,-0.001,-37.107,-30.075,-0.614,445883594.000
-0.480,1.771,0.007,-37.085,-30.062,-0.595,445883693.000
-0.476,1.771,-0.003,-37.071,-30.097,-0.623,445883794.000
-0.476,1.773,-0.001,-37.055,-30.064,-0.613,445883894.000
-0.476,1.773,-0.003,-37.069,-30.073,-0.641,445883994.000
-0.480,1.765,-0.003,-37.033,-29.998,-0.640,445884094.000
-0.478,1.767,0.002,-37.066,-30.019,-0.622,445884193.000
-0.476,1.768,0.004,-37.017,-30.023,-0.603,445884293.000
-0.480,1.768,-0.003,-37.004,-30.022,-0.631,445884394.000
-0.476,1.768,-0.003,-37.003,-29.999,-0.630,445884494.000
-0.476,1.773,0.002,-36.973,-30.031,-0.612,445884593.000
-0.480,1.765,-0.001,-37.005,-29.965,-0.640,445884693.000
-0.478,1.767,-0.003,-36.997,-29.962,-0.621,445884794.000
-0.478,1.767,-0.001,-36.970,-29.977,-0.621,445884894.000
-0.474,1.767,-0.001,-36.955,-29.979,-0.620,445884994.000
-0.476,1.763,-0.001,-36.978,-29.966,-0.620,445885094.000
-0.476,1.766,0.004,-36.949,-29.973,-0.611,445885193.000
-0.476,1.765,-0.001,-36.922,-29.941,-0.638,445885293.000
-0.476,1.765,0.004,-36.922,-29.925,-0.610,445885393.000
-0.474,1.756,-0.003,-36.974,-29.938,-0.601,445885494.000
-0.476,1.765,0.002,-36.881,-29.932,-0.638,445885593.000
-0.472,1.763,0.002,-36.923,-29.958,-0.619,445885693.000
-0.478,1.761,-0.003,-36.876,-29.888,-0.638,445885794.000
-0.476,1.763,0.002,-36.868,-29.884,-0.619,445885893.000
-0.478,1.761,-0.001,-36.862,-29.879,-0.610,445885994.000
-0.474,1.764,-0.000,-36.819,-29.856,-0.627,445886093.000
-0.474,1.759,-0.001,-36.863,-29.880,-0.618,445886194.000
-0.474,1.759,-0.001,-36.849,-29.856,-0.618,445886293.000
-0.476,1.765,-0.000,-36.797,-29.867,-0.609,445886394.000
-0.472,1.758,-0.001,-36.842,-29.844,-0.608,445886493.000
-0.474,1.753,-0.005,-36.810,-29.848,-0.636,445886594.000
-0.474,1.759,-0.000,-36.794,-29.807,-0.617,445886693.000
-0.474,1.756,-0.005,-36.808,-29.824,-0.599,445886793.000
-0.479,1.759,-0.003,-36.780,-29.790,-0.617,445886893.000
-0.470,1.759,-0.000,-36.765,-29.832,-0.616,445886994.000
-0.474,1.756,0.002,-36.740,-29.798,-0.626,445887093.000
-0.477,1.752,0.004,-36.749,-29.777,-0.598,445887193.000
-0.477,1.757,-0.000,-36.732,-29.769,-0.607,445887293.000
-0.477,1.755,-0.005,-36.706,-29.761,-0.616,445887393.000
-0.472,1.752,-0.003,-36.707,-29.778,-0.597,445887494.000
-0.470,1.753,-0.005,-36.713,-29.751,-0.633,445887593.000
-0.472,1.752,0.002,-36.693,-29.737,-0.596,445887694.000
-0.477,1.754,-0.005,-36.679,-29.712,-0.643,445887794.000
-0.475,1.751,-0.003,-36.687,-29.717,-0.615,445887894.000
-0.475,1.751,-0.003,-36.646,-29.692,-0.614,445887994.000
-0.472,1.752,-0.000,-36.638,-29.721,-0.624,445888095.000
-0.468,1.752,-0.005,-36.637,-29.714,-0.595,445888195.000
-0.470,1.751,-0.000,-36.618,-29.685,-0.614,445888294.000
-0.473,1.752,-0.008,-36.610,-29.673,-0.623,445888395.000
-0.470,1.746,-0.005,-36.620,-29.701,-0.604,445888495.000
-0.470,1.748,-0.005,-36.591,-29.677,-0.595,445888595.000
-0.471,1.748,0.002,-36.591,-29.676,-0.595,445888695.000
-0.471,1.745,-0.000,-36.579,-29.660,-0.631,445888793.000
-0.473,1.747,0.002,-36.572,-29.663,-0.613,445888895.000
-0.471,1.743,-0.000,-36.594,-29.660,-0.613,445888994.000
-0.471,1.748,-0.003,-36.508,-29.643,-0.594,445889094.000
-0.468,1.749,-0.008,-36.528,-29.624,-0.603,445889195.000
-0.471,1.748,-0.003,-36.509,-29.643,-0.621,445889294.000
-0.473,1.747,-0.000,-36.503,-29.622,-0.612,445889393.000
-0.473,1.744,-0.000,-36.518,-29.574,-0.593,445889493.000
-0.473,1.747,-0.003,-36.475,-29.606,-0.612,445889594.000
-0.466,1.743,0.005,-36.511,-29.619,-0.583,445889694.000
-0.469,1.741,-0.000,-36.491,-29.574,-0.629,445889793.000
-0.473,1.746,-0.000,-36.434,-29.549,-0.611,445889894.000
-0.473,1.744,-0.005,-36.448,-29.565,-0.593,445889994.000
-0.467,1.740,0.002,-36.443,-29.603,-0.592,445890095.000
-0.471,1.743,-0.000,-36.415,-29.537,-0.610,445890195.000
-0.473,1.741,-0.005,-36.408,-29.516,-0.601,445890294.000
-0.469,1.739,-0.000,-36.437,-29.550,-0.610,445890393.000
-0.469,1.739,0.000,-36.396,-29.573,-0.610,445890493.000
-0.469,1.741,0.003,-36.409,-29.541,-0.628,445890594.000
-0.469,1.739,0.000,-36.396,-29.525,-0.609,445890694.000
-0.465,1.736,-0.005,-36.382,-29.518,-0.590,445890794.000
-0.471,1.737,-0.000,-36.389,-29.488,-0.572,445890893.000
-0.467,1.740,-0.005,-36.346,-29.530,-0.590,445890993.000
-0.471,1.735,0.000,-36.391,-29.463,-0.609,445891094.000
-0.469,1.733,0.000,-36.371,-29.476,-0.599,445891193.000
-0.469,1.736,-0.007,-36.328,-29.476,-0.618,445891294.000
-0.469,1.733,-0.005,-36.371,-29.444,-0.599,445891394.000
-0.471,1.735,-0.002,-36.322,-29.471,-0.609,445891494.000
-0.465,1.736,-0.002,-36.314,-29.461,-0.589,445891594.000
-0.469,1.736,0.003,-36.301,-29.443,-0.589,445891694.000
-0.467,1.732,-0.005,-36.309,-29.480,-0.589,445891794.000
-0.465,1.736,-0.002,-36.259,-29.460,-0.616,445891894.000
-0.465,1.736,-0.007,-36.272,-29.453,-0.616,445891993.000
-0.467,1.729,-0.002,-36.283,-29.423,-0.598,445892094.000
-0.467,1.732,-0.005,-36.254,-29.431,-0.616,445892193.000
-0.467,1.729,-0.002,-36.297,-29.399,-0.598,445892293.000
-0.467,1.732,-0.002,-36.226,-29.398,-0.588,445892393.000
-0.469,1.733,-0.005,-36.233,-29.394,-0.598,445892494.000
-0.469,1.733,-0.005,-36.191,-29.370,-0.597,445892594.000
-0.467,1.729,-0.002,-36.200,-29.374,-0.597,445892694.000
-0.469,1.725,0.003,-36.251,-29.345,-0.597,445892793.000
-0.467,1.729,-0.007,-36.158,-29.366,-0.596,445892894.000
-0.467,1.727,-0.005,-36.187,-29.358,-0.578,445892994.000
-0.465,1.728,-0.005,-36.193,-29.346,-0.587,445893094.000
-0.467,1.729,0.000,-36.145,-29.341,-0.596,445893193.000
-0.467,1.727,-0.010,-36.160,-29.325,-0.605,445893294.000
-0.465,1.723,-0.005,-36.030,-29.344,-0.576,445893393.000
-0.470,1.725,0.000,-36.058,-29.278,-0.595,445893494.000
-0.465,1.723,-0.005,-36.072,-29.321,-0.576,445893594.000
-0.465,1.723,-0.007,-36.071,-29.305,-0.548,445893694.000
-0.465,1.723,-0.007,-36.044,-29.304,-0.576,445893794.000
-0.465,1.717,-0.005,-36.075,-29.272,-0.594,445893893.000
-0.468,1.724,0.000,-36.024,-29.266,-0.612,445893993.000
-0.465,1.720,0.000,-36.005,-29.255,-0.584,445894094.000
-0.465,1.720,0.000,-36.032,-29.255,-0.584,445894193.000
-0.463,1.724,-0.007,-35.981,-29.268,-0.584,445894293.000
-0.470,1.725,0.003,-35.947,-29.196,-0.566,445894394.000
-0.465,1.720,-0.007,-35.976,-29.255,-0.584,445894493.000
-0.463,1.719,-0.002,-35.956,-29.251,-0.574,445894593.000
-0.463,1.719,-0.002,-35.943,-29.227,-0.574,445894694.000
-0.468,1.718,-0.004,-35.943,-29.185,-0.602,445894793.000
-0.463,1.719,-0.002,-35.915,-29.226,-0.573,445894893.000
-0.463,1.721,-0.009,-35.913,-29.203,-0.592,445894994.000
-0.468,1.716,0.003,-35.931,-29.184,-0.583,445895094.000
-0.459,1.718,-0.002,-35.901,-29.227,-0.600,445895194.000
-0.466,1.717,-0.002,-35.923,-29.165,-0.592,445895294.000
-0.461,1.717,-0.007,-35.853,-29.182,-0.591,445895393.000
-0.464,1.716,-0.002,-35.875,-29.177,-0.582,445895494.000
-0.466,1.722,-0.004,-35.837,-29.149,-0.573,445895593.000
-0.464,1.711,-0.004,-35.877,-29.161,-0.572,445895693.000
-0.464,1.716,-0.007,-35.875,-29.145,-0.582,445895794.000
-0.466,1.717,0.003,-35.826,-29.123,-0.563,445895894.000
-0.459,1.713,-0.009,-35.806,-29.154,-0.562,445895994.000
-0.459,1.716,0.001,-35.833,-29.145,-0.581,445896093.000
-0.459,1.716,-0.012,-35.833,-29.114,-0.608,445896193.000
-0.466,1.712,-0.004,-35.829,-29.075,-0.581,445896294.000
-0.464,1.711,-0.004,-35.808,-29.088,-0.571,445896394.000
-0.459,1.713,0.001,-35.779,-29.121,-0.561,445896493.000
-0.466,1.709,-0.004,-35.802,-29.051,-0.562,445896593.000
-0.466,1.714,-0.004,-35.786,-29.075,-0.571,445896693.000
-0.459,1.711,-0.007,-35.766,-29.121,-0.570,445896794.000
-0.464,1.716,-0.007,-35.737,-29.047,-0.580,445896893.000
-0.466,1.707,-0.004,-35.790,-29.050,-0.571,445896994.000
-0.462,1.709,-0.007,-35.746,-29.060,-0.561,445897094.000
-0.464,1.713,0.001,-35.739,-29.022,-0.588,445897194.000
-0.460,1.710,-0.004,-35.725,-29.064,-0.570,445897294.000
-0.457,1.712,-0.004,-35.676,-29.052,-0.578,445897394.000
-0.462,1.709,-0.004,-35.706,-29.002,-0.588,445897493.000
-0.460,1.710,-0.004,-35.670,-29.015,-0.569,445897594.000
-0.460,1.710,-0.007,-35.670,-28.999,-0.569,445897693.000
-0.462,1.704,-0.004,-35.722,-28.978,-0.578,445897793.000
-0.462,1.712,-0.007,-35.635,-28.986,-0.578,445897894.000
-0.462,1.706,-0.002,-35.666,-28.969,-0.568,445897993.000
-0.460,1.700,-0.004,-35.675,-28.966,-0.577,445898093.000
-0.460,1.708,-0.002,-35.630,-28.982,-0.577,445898194.000
-0.462,1.706,-0.004,-35.624,-28.929,-0.568,445898294.000
-0.460,1.703,-0.004,-35.660,-28.966,-0.568,445898394.000
-0.462,1.704,-0.009,-35.639,-28.945,-0.577,445898493.000
-0.458,1.706,-0.004,-35.596,-28.954,-0.595,445898593.000
-0.460,1.700,-0.007,-35.606,-28.925,-0.576,445898694.000
-0.462,1.704,-0.007,-35.597,-28.888,-0.549,445898794.000
-0.458,1.704,-0.006,-35.597,-28.913,-0.576,445898893.000
-0.460,1.702,-0.004,-35.592,-28.892,-0.594,445898994.000
-0.458,1.699,-0.004,-35.600,-28.929,-0.566,445899094.000
-0.458,1.704,-0.001,-35.570,-28.897,-0.575,445899193.000
-0.458,1.704,0.003,-35.556,-28.904,-0.575,445899294.000
-0.456,1.700,-0.001,-35.565,-28.909,-0.575,445899393.000
-0.460,1.705,-0.006,-35.548,-28.876,-0.585,445899494.000
-0.458,1.704,0.008,-35.543,-28.863,-0.575,445899593.000
-0.458,1.701,-0.004,-35.544,-28.856,-0.584,445899693.000
-0.458,1.706,-0.001,-35.486,-28.823,-0.565,445899794.000
-0.458,1.698,-0.001,-35.503,-28.823,-0.565,445899893.000
-0.458,1.698,-0.004,-35.503,-28.807,-0.565,445899994.000
-0.456,1.700,-0.004,-35.509,-28.844,-0.574,445900094.000
-0.456,1.697,-0.004,-35.483,-28.819,-0.583,445900194.000
-0.456,1.697,0.004,-35.483,-28.819,-0.555,445900293.000
-0.456,1.700,-0.001,-35.441,-28.835,-0.573,445900394.000
-0.458,1.698,-0.004,-35.476,-28.807,-0.592,445900494.000
-0.458,1.696,0.003,-35.464,-28.806,-0.546,445900593.000
-0.454,1.693,-0.004,-35.450,-28.783,-0.582,445900693.000
-0.456,1.694,0.004,-35.471,-28.770,-0.564,445900793.000
-0.456,1.697,-0.001,-35.428,-28.738,-0.554,445900893.000
-0.456,1.694,-0.001,-35.416,-28.738,-0.591,445900993.000
-0.456,1.692,-0.006,-35.458,-28.755,-0.572,445901093.000
-0.456,1.692,-0.006,-35.430,-28.754,-0.572,445901193.000
-0.456,1.697,-0.006,-35.386,-28.730,-0.581,445901293.000
-0.454,1.690,-0.009,-35.396,-28.726,-0.562,445901393.000
-0.454,1.696,-0.004,-35.352,-28.734,-0.571,445901493.000
-0.454,1.690,-0.001,-35.383,-28.701,-0.562,445901594.000
-0.452,1.697,-0.004,-35.331,-28.722,-0.580,445901694.000
-0.454,1.688,-0.001,-35.384,-28.725,-0.571,445901793.000
-0.456,1.692,-0.004,-35.362,-28.697,-0.571,445901893.000
-0.459,1.690,0.001,-35.342,-28.667,-0.562,445901994.000
-0.454,1.690,-0.004,-35.328,-28.685,-0.589,445902093.000
-0.452,1.686,0.001,-35.350,-28.681,-0.561,445902194.000
-0.454,1.688,-0.004,-35.343,-28.685,-0.570,445902293.000
-0.450,1.690,-0.004,-35.313,-28.686,-0.561,445902393.000
-0.454,1.685,-0.011,-35.357,-28.637,-0.579,445902493.000
-0.452,1.689,-0.004,-35.307,-28.649,-0.551,445902593.000
-0.457,1.686,-0.006,-35.282,-28.631,-0.588,445902693.000
-0.454,1.690,-0.001,-35.259,-28.627,-0.560,445902794.000
-0.455,1.682,-0.004,-35.304,-28.611,-0.560,445902894.000
-0.457,1.686,-0.001,-35.254,-28.614,-0.560,445902993.000
-0.454,1.685,-0.004,-35.275,-28.636,-0.579,445903093.000
-0.455,1.693,0.001,-35.189,-28.594,-0.578,445903194.000
-0.452,1.689,-0.004,-35.224,-28.600,-0.550,445903293.000
-0.452,1.686,-0.004,-35.240,-28.599,-0.587,445903393.000
-0.450,1.687,-0.011,-35.232,-28.613,-0.596,445903493.000
-0.453,1.681,-0.004,-35.256,-28.575,-0.550,445903593.000
-0.453,1.689,-0.006,-35.210,-28.559,-0.577,445903694.000
-0.457,1.686,-0.001,-35.185,-28.541,-0.559,445903794.000
-0.450,1.680,-0.004,-35.222,-28.563,-0.567,445903893.000
-0.455,1.685,0.004,-35.193,-28.537,-0.577,445903993.000
-0.450,1.682,-0.004,-35.207,-28.563,-0.558,445904094.000
-0.450,1.685,-0.001,-35.165,-28.579,-0.604,445904193.000
-0.453,1.681,-0.008,-35.173,-28.542,-0.576,445904294.000
-0.453,1.681,-0.009,-35.186,-28.518,-0.549,445904393.000
-0.453,1.681,-0.001,-35.159,-28.517,-0.548,445904493.000
-0.455,1.677,-0.001,-35.169,-28.480,-0.576,445904593.000
-0.448,1.681,-0.003,-35.131,-28.527,-0.575,445904693.000
-0.448,1.681,-0.006,-35.145,-28.535,-0.603,445904793.000
-0.450,1.680,-0.006,-35.111,-28.546,-0.566,445904893.000
-0.448,1.681,-0.001,-35.117,-28.518,-0.548,445904993.000
-0.448,1.681,-0.006,-35.117,-28.486,-0.575,445905094.000
-0.451,1.680,-0.011,-35.097,-28.490,-0.566,445905193.000
-0.451,1.674,-0.003,-35.115,-28.465,-0.584,445905294.000
-0.455,1.679,-0.006,-35.084,-28.424,-0.566,445905395.000
-0.449,1.678,-0.006,-35.091,-28.462,-0.584,445905495.000
-0.448,1.678,-0.008,-35.091,-28.494,-0.584,445905594.000
-0.451,1.674,-0.006,-35.059,-28.448,-0.556,445905694.000
-0.449,1.673,-0.008,-35.094,-28.445,-0.574,445905794.000
-0.455,1.674,-0.001,-35.033,-28.406,-0.583,445905894.000
-0.449,1.673,-0.008,-35.052,-28.421,-0.573,445905995.000
-0.449,1.678,-0.011,-35.036,-28.429,-0.583,445906095.000
-0.449,1.673,-0.006,-35.011,-28.412,-0.545,445906195.000
-0.445,1.673,-0.001,-35.025,-28.397,-0.572,445906295.000
-0.449,1.675,-0.011,-35.009,-28.405,-0.564,445906394.000
-0.447,1.671,-0.008,-35.005,-28.384,-0.591,445906495.000
-0.449,1.675,-0.001,-34.983,-28.371,-0.591,445906595.000
-0.449,1.673,-0.008,-34.983,-28.396,-0.573,445906694.000
-0.451,1.674,-0.001,-34.963,-28.358,-0.554,445906794.000
-0.449,1.675,-0.008,-34.940,-28.347,-0.563,445906894.000
-0.447,1.666,-0.003,-34.993,-28.343,-0.553,445906994.000
-0.445,1.670,-0.006,-34.957,-28.364,-0.581,445907094.000
-0.447,1.674,-0.008,-34.920,-28.360,-0.581,445907194.000
-0.447,1.677,-0.006,-34.892,-28.351,-0.571,445907294.000
-0.449,1.668,-0.006,-34.945,-28.290,-0.562,445907395.000
-0.445,1.673,-0.008,-34.914,-28.348,-0.571,445907495.000
-0.447,1.669,-0.006,-34.923,-28.327,-0.571,445907594.000
-0.449,1.670,-0.011,-34.929,-28.307,-0.581,445907694.000
-0.449,1.665,-0.003,-34.919,-28.281,-0.571,445907795.000
-0.451,1.669,-0.001,-34.869,-28.284,-0.571,445907895.000
-0.451,1.671,-0.008,-34.867,-28.309,-0.590,445907995.000
-0.447,1.669,-0.005,-34.855,-28.302,-0.598,445908094.000
-0.447,1.669,-0.010,-34.868,-28.246,-0.598,445908195.000
-0.445,1.667,-0.005,-34.889,-28.266,-0.588,445908295.000
-0.449,1.673,-0.010,-34.831,-28.257,-0.570,445908395.000
-0.445,1.670,-0.008,-34.832,-28.274,-0.579,445908494.000
-0.447,1.669,-0.008,-34.840,-28.213,-0.570,445908594.000
-0.447,1.669,-0.003,-34.813,-28.245,-0.570,445908694.000
-0.447,1.666,-0.010,-34.841,-28.221,-0.579,445908795.000
-0.445,1.667,-0.008,-34.848,-28.274,-0.588,445908895.000
-0.443,1.666,-0.005,-34.800,-28.254,-0.578,445908994.000
-0.449,1.667,-0.003,-34.821,-28.183,-0.560,445909094.000
-0.443,1.663,-0.001,-34.815,-28.237,-0.559,445909194.000
-0.445,1.667,-0.008,-34.778,-28.201,-0.559,445909295.000
-0.445,1.662,-0.005,-34.837,-28.217,-0.578,445909394.000
-0.443,1.663,-0.000,-34.788,-28.188,-0.586,445909495.000
-0.447,1.666,-0.008,-34.773,-28.164,-0.578,445909594.000
-0.445,1.662,-0.013,-34.781,-28.169,-0.577,445909695.000
-0.441,1.667,-0.005,-34.737,-28.218,-0.558,445909794.000
-0.443,1.661,-0.013,-34.747,-28.157,-0.567,445909894.000
-0.445,1.659,-0.003,-34.783,-28.160,-0.586,445909994.000
-0.441,1.665,-0.005,-34.711,-28.193,-0.567,445910095.000
-0.445,1.657,-0.005,-34.743,-28.143,-0.567,445910194.000
-0.443,1.666,-0.005,-34.703,-28.132,-0.549,445910295.000
-0.445,1.662,-0.010,-34.698,-28.135,-0.576,445910394.000
-0.443,1.658,-0.010,-34.693,-28.148,-0.576,445910495.000
-0.441,1.662,-0.005,-34.657,-28.120,-0.575,445910594.000
-0.445,1.659,-0.005,-34.700,-28.094,-0.557,445910695.000
-0.445,1.659,-0.010,-34.713,-28.087,-0.557,445910794.000
-0.448,1.655,-0.005,-34.668,-28.081,-0.557,445910894.000
-0.443,1.658,-0.008,-34.680,-28.091,-0.575,445910994.000
-0.445,1.659,-0.008,-34.645,-28.078,-0.584,445911094.000
-0.441,1.657,-0.008,-34.632,-28.103,-0.593,445911195.000
-0.443,1.653,-0.005,-34.682,-28.107,-0.566,445911294.000
-0.445,1.654,-0.005,-34.661,-28.069,-0.575,445911394.000
-0.443,1.658,-0.003,-34.597,-28.073,-0.574,445911495.000
-0.448,1.658,-0.008,-34.625,-28.065,-0.575,445911594.000
-0.441,1.657,-0.000,-34.618,-28.078,-0.565,445911694.000
-0.443,1.655,-0.008,-34.598,-28.066,-0.583,445911795.000
-0.441,1.657,-0.008,-34.590,-28.078,-0.565,445911895.000
-0.446,1.654,-0.008,-34.592,-28.029,-0.574,445911994.000
-0.441,1.657,-0.013,-34.590,-28.047,-0.565,445912094.000
-0.446,1.654,-0.008,-34.578,-28.004,-0.546,445912194.000
-0.444,1.650,-0.000,-34.574,-28.016,-0.573,445912295.000
-0.444,1.655,-0.010,-34.543,-28.001,-0.582,445912395.000
-0.441,1.654,-0.005,-34.551,-28.045,-0.573,445912494.000
-0.444,1.653,-0.005,-34.531,-27.984,-0.564,445912595.000
-0.446,1.651,-0.005,-34.538,-27.971,-0.555,445912695.000
-0.442,1.651,-0.005,-34.524,-27.972,-0.554,445912794.000
-0.444,1.653,-0.008,-34.503,-27.968,-0.563,445912895.000
-0.444,1.650,-0.010,-34.504,-27.976,-0.572,445912995.000
-0.442,1.654,-0.005,-34.454,-27.972,-0.572,445913094.000
-0.441,1.654,-0.015,-34.495,-27.981,-0.572,445913195.000
-0.444,1.652,-0.013,-34.489,-27.960,-0.563,445913295.000
-0.437,1.649,-0.005,-34.470,-27.973,-0.590,445913395.000
-0.442,1.646,-0.005,-34.513,-27.948,-0.572,445913494.000
-0.442,1.646,-0.008,-34.485,-27.931,-0.571,445913595.000
-0.442,1.651,-0.003,-34.455,-27.963,-0.553,445913694.000
-0.442,1.646,-0.008,-34.485,-27.931,-0.571,445913795.000
-0.444,1.650,-0.015,-34.435,-27.919,-0.571,445913893.000
-0.442,1.648,-0.010,-34.415,-27.915,-0.562,445913993.000
-0.442,1.646,-0.008,-34.430,-27.931,-0.543,445914093.000
-0.437,1.649,-0.007,-34.428,-27.932,-0.561,445914193.000
-0.444,1.647,-0.005,-34.409,-27.910,-0.525,445914293.000
-0.437,1.649,-0.008,-34.400,-27.932,-0.533,445914393.000
-0.440,1.647,-0.005,-34.409,-27.935,-0.552,445914495.000
-0.437,1.651,-0.010,-34.385,-27.916,-0.552,445914594.000
-0.440,1.647,-0.010,-34.394,-27.879,-0.552,445914693.000
-0.444,1.639,-0.010,-34.440,-27.853,-0.552,445914793.000
-0.444,1.644,-0.015,-34.368,-27.845,-0.561,445914893.000
-0.444,1.647,-0.010,-34.340,-27.853,-0.579,445914994.000
-0.442,1.646,-0.007,-34.361,-27.857,-0.570,445915093.000
-0.442,1.646,-0.007,-34.361,-27.857,-0.542,445915193.000
-0.440,1.642,-0.007,-34.356,-27.870,-0.569,445915293.000
-0.440,1.642,-0.010,-34.356,-27.854,-0.569,445915393.000
-0.442,1.638,-0.010,-34.351,-27.841,-0.569,445915494.000
-0.444,1.644,-0.012,-34.327,-27.837,-0.560,445915594.000
-0.440,1.639,-0.005,-34.371,-27.837,-0.551,445915693.000
-0.440,1.642,-0.007,-34.314,-27.845,-0.541,445915794.000
-0.438,1.638,-0.007,-34.323,-27.834,-0.568,445915894.000
-0.438,1.643,-0.010,-34.306,-27.842,-0.550,445915994.000
-0.442,1.638,-0.010,-34.310,-27.816,-0.569,445916094.000
-0.442,1.643,-0.012,-34.307,-27.801,-0.550,445916193.000
-0.440,1.639,-0.015,-34.315,-27.773,-0.550,445916293.000
-0.442,1.640,-0.007,-34.281,-27.808,-0.559,445916393.000
-0.438,1.641,-0.012,-34.266,-27.826,-0.559,445916495.000
-0.440,1.637,-0.005,-34.249,-27.788,-0.558,445916593.000
-0.438,1.638,-0.005,-34.254,-27.776,-0.540,445916693.000
-0.440,1.639,-0.005,-34.247,-27.763,-0.577,445916794.000
-0.440,1.639,-0.007,-34.205,-27.771,-0.549,445916894.000
-0.434,1.638,-0.010,-34.253,-27.770,-0.539,445916995.000
-0.436,1.639,-0.017,-34.232,-27.782,-0.548,445917094.000
-0.436,1.631,-0.005,-34.237,-27.788,-0.548,445917193.000
-0.438,1.638,-0.007,-34.185,-27.735,-0.539,445917293.000
-0.436,1.637,-0.010,-34.206,-27.756,-0.557,445917394.000
-0.438,1.638,-0.007,-34.171,-27.711,-0.538,445917493.000
-0.440,1.634,-0.002,-34.208,-27.706,-0.539,445917593.000
-0.440,1.636,-0.005,-34.179,-27.714,-0.557,445917694.000
-0.436,1.634,-0.007,-34.180,-27.748,-0.538,445917794.000
-0.438,1.630,-0.012,-34.202,-27.703,-0.538,445917893.000
-0.438,1.638,-0.005,-34.158,-27.702,-0.538,445917993.000
-0.434,1.633,-0.007,-34.159,-27.712,-0.528,445918094.000
-0.440,1.634,-0.005,-34.140,-27.714,-0.566,445918193.000
-0.436,1.634,-0.010,-34.138,-27.707,-0.538,445918294.000
-0.438,1.635,-0.007,-34.131,-27.710,-0.547,445918394.000
-0.438,1.638,-0.015,-34.129,-27.687,-0.538,445918493.000
-0.436,1.639,-0.007,-34.067,-27.650,-0.546,445918593.000
-0.436,1.629,-0.015,-34.141,-27.675,-0.555,445918693.000
-0.438,1.632,-0.010,-34.091,-27.645,-0.528,445918794.000
-0.434,1.632,-0.010,-34.091,-27.671,-0.555,445918893.000
-0.436,1.629,-0.017,-34.127,-27.635,-0.555,445918994.000
-0.436,1.631,-0.012,-34.084,-27.618,-0.545,445919093.000
-0.434,1.630,-0.012,-34.091,-27.631,-0.536,445919193.000
-0.438,1.627,-0.010,-34.108,-27.621,-0.546,445919293.000
-0.436,1.628,-0.010,-34.072,-27.633,-0.555,445919394.000
-0.432,1.629,-0.007,-34.086,-27.651,-0.554,445919493.000
-0.434,1.627,-0.009,-34.094,-27.622,-0.573,445919594.000
-0.436,1.631,-0.007,-34.030,-27.601,-0.545,445919693.000
-0.432,1.634,0.000,-34.014,-27.625,-0.535,445919794.000
-0.436,1.628,-0.007,-34.045,-27.601,-0.554,445919894.000
-0.434,1.630,-0.007,-34.037,-27.613,-0.563,445919993.000
-0.436,1.628,-0.002,-34.004,-27.559,-0.553,445920094.000
-0.436,1.628,-0.005,-34.017,-27.568,-0.554,445920193.000
-0.434,1.630,-0.007,-33.981,-27.564,-0.535,445920294.000
-0.432,1.623,-0.012,-34.033,-27.570,-0.571,445920393.000
-0.432,1.623,-0.012,-34.019,-27.545,-0.543,445920493.000
-0.436,1.626,-0.007,-33.991,-27.527,-0.534,445920593.000
-0.434,1.630,-0.007,-33.968,-27.540,-0.562,445920693.000
-0.432,1.626,-0.004,-33.991,-27.569,-0.562,445920793.000
-0.430,1.624,-0.009,-33.984,-27.574,-0.552,445920893.000
-0.432,1.628,-0.007,-33.948,-27.552,-0.552,445920994.000
-0.432,1.626,-0.007,-33.949,-27.528,-0.561,445921093.000
-0.432,1.626,-0.009,-33.962,-27.537,-0.534,445921194.000
-0.432,1.626,-0.012,-33.935,-27.520,-0.561,445921293.000
-0.432,1.628,-0.012,-33.906,-27.496,-0.552,445921394.000
-0.430,1.622,-0.009,-33.944,-27.525,-0.561,445921494.000
-0.432,1.620,-0.012,-33.965,-27.472,-0.551,445921593.000
-0.430,1.624,-0.014,-33.914,-27.517,-0.551,445921694.000
-0.432,1.623,-0.007,-33.909,-27.479,-0.542,445921794.000
-0.430,1.622,-0.009,-33.930,-27.500,-0.533,445921894.000
-0.432,1.618,-0.009,-33.939,-27.463,-0.560,445921994.000
-0.432,1.620,-0.009,-33.883,-27.487,-0.551,445922094.000
-0.432,1.623,-0.007,-33.881,-27.479,-0.542,445922194.000
-0.432,1.623,-0.007,-33.895,-27.455,-0.542,445922293.000
-0.430,1.617,-0.009,-33.905,-27.451,-0.550,445922394.000
-0.430,1.627,-0.012,-33.844,-27.435,-0.541,445922494.000
-0.432,1.620,-0.014,-33.869,-27.431,-0.578,445922593.000
-0.433,1.620,-0.007,-33.883,-27.406,-0.550,445922693.000
-0.435,1.619,-0.007,-33.849,-27.417,-0.569,445922794.000
-0.428,1.620,-0.009,-33.868,-27.440,-0.550,445922894.000
-0.430,1.616,-0.007,-33.891,-27.443,-0.550,445922994.000
-0.435,1.622,-0.004,-33.820,-27.409,-0.532,445923095.000
-0.430,1.614,-0.014,-33.892,-27.419,-0.531,445923194.000
-0.430,1.614,-0.009,-33.837,-27.402,-0.558,445923294.000
-0.430,1.624,-0.007,-33.790,-27.394,-0.522,445923395.000
-0.430,1.619,-0.009,-33.821,-27.378,-0.567,445923495.000
-0.428,1.615,-0.012,-33.802,-27.398,-0.539,445923594.000
-0.433,1.618,-0.017,-33.801,-27.365,-0.558,445923694.000
-0.431,1.614,-0.009,-33.810,-27.353,-0.558,445923794.000
-0.428,1.615,-0.017,-33.802,-27.367,-0.567,445923894.000
-0.433,1.615,-0.009,-33.761,-27.316,-0.539,445923994.000
-0.428,1.612,-0.014,-33.775,-27.358,-0.548,445924095.000
-0.428,1.615,-0.009,-33.760,-27.341,-0.538,445924195.000
-0.431,1.614,-0.007,-33.755,-27.320,-0.557,445924294.000
-0.431,1.616,-0.004,-33.726,-27.312,-0.520,445924394.000
-0.429,1.615,-0.009,-33.733,-27.292,-0.538,445924494.000
-0.427,1.614,-0.002,-33.727,-27.280,-0.528,445924595.000
-0.426,1.614,-0.002,-33.713,-27.304,-0.528,445924695.000
