0.030,-0.042,-0.094,1.499,0.127,0.452,444037361.000
0.032,-0.045,-0.096,1.477,0.082,0.480,444037461.000
0.032,-0.048,-0.091,1.461,0.098,0.471,444037560.000
0.034,-0.044,-0.096,1.457,0.117,0.471,444037660.000
0.034,-0.044,-0.096,1.471,0.093,0.471,444037760.000
0.032,-0.048,-0.096,1.489,0.082,0.443,444037860.000
0.030,-0.047,-0.104,1.469,0.094,0.434,444037961.000
0.027,-0.045,-0.104,1.463,0.130,0.452,444038060.000
0.030,-0.047,-0.099,1.469,0.110,0.461,444038161.000
0.030,-0.047,-0.101,1.455,0.102,0.461,444038260.000
0.032,-0.048,-0.096,1.448,0.106,0.471,444038360.000
0.034,-0.047,-0.094,1.469,0.101,0.462,444038460.000
0.032,-0.045,-0.099,1.463,0.122,0.425,444038560.000
0.032,-0.048,-0.089,1.447,0.106,0.471,444038661.000
0.030,-0.044,-0.099,1.497,0.086,0.415,444038760.000
0.032,-0.045,-0.094,1.490,0.090,0.452,444038861.000
0.032,-0.043,-0.099,1.505,0.122,0.434,444038960.000
0.027,-0.048,-0.099,1.461,0.123,0.443,444039061.000
0.030,-0.047,-0.101,1.496,0.127,0.434,444039160.000
0.030,-0.044,-0.096,1.498,0.119,0.471,444039261.000
0.030,-0.047,-0.099,1.469,0.110,0.434,444039361.000
0.032,-0.048,-0.099,1.461,0.098,0.443,444039460.000
0.030,-0.042,-0.094,1.513,0.103,0.452,444039560.000
0.034,-0.044,-0.104,1.471,0.092,0.443,444039661.000
0.032,-0.045,-0.104,1.477,0.081,0.452,444039760.000
0.032,-0.045,-0.096,1.463,0.106,0.452,444039860.000
0.025,-0.044,-0.101,1.497,0.128,0.443,444039960.000
0.032,-0.045,-0.094,1.490,0.090,0.452,444040060.000
0.032,-0.040,-0.099,1.493,0.122,0.443,444040161.000
0.027,-0.043,-0.101,1.478,0.115,0.461,444040260.000
0.030,-0.044,-0.101,1.471,0.102,0.470,444040360.000
0.034,-0.047,-0.106,1.470,0.084,0.462,444040461.000
0.032,-0.048,-0.096,1.489,0.082,0.443,444040561.000
0.030,-0.044,-0.104,1.471,0.118,0.470,444040661.000
0.034,-0.041,-0.096,1.486,0.093,0.453,444040761.000
0.027,-0.048,-0.096,1.447,0.131,0.470,444040861.000
0.027,-0.051,-0.104,1.446,0.155,0.461,444040960.000
0.030,-0.047,-0.099,1.482,0.086,0.434,444041060.000
0.027,-0.045,-0.099,1.462,0.099,0.452,444041160.000
0.034,-0.047,-0.099,1.455,0.061,0.434,444041260.000
0.030,-0.042,-0.101,1.499,0.078,0.424,444041360.000
0.030,-0.049,-0.101,1.440,0.102,0.452,444041461.000
0.027,-0.043,-0.099,1.478,0.147,0.461,444041561.000
0.027,-0.045,-0.099,1.462,0.099,0.452,444041661.000
0.030,-0.047,-0.099,1.455,0.086,0.433,444041761.000
0.032,-0.043,-0.099,1.478,0.073,0.461,444041861.000
0.030,-0.049,-0.099,1.440,0.086,0.452,444041960.000
0.032,-0.048,-0.099,1.448,0.073,0.471,444042061.000
0.030,-0.047,-0.094,1.454,0.103,0.434,444042160.000
0.030,-0.044,-0.099,1.470,0.086,0.470,444042260.000
0.030,-0.041,-0.096,1.471,0.094,0.452,444042361.000
0.025,-0.044,-0.099,1.442,0.111,0.442,444042461.000
0.032,-0.043,-0.099,1.450,0.073,0.433,444042560.000
0.030,-0.041,-0.094,1.485,0.102,0.480,444042660.000
0.030,-0.044,-0.101,1.484,0.078,0.443,444042760.000
0.030,-0.047,-0.101,1.427,0.102,0.433,444042861.000
0.032,-0.043,-0.101,1.465,0.065,0.461,444042960.000
0.030,-0.047,-0.101,1.428,0.102,0.461,444043061.000
0.025,-0.039,-0.099,1.486,0.087,0.460,444043161.000
0.032,-0.043,-0.096,1.465,0.081,0.489,444043260.000
0.030,-0.044,-0.101,1.470,0.102,0.443,444043361.000
0.032,-0.048,-0.099,1.420,0.073,0.443,444043460.000
0.032,-0.045,-0.106,1.450,0.097,0.452,444043560.000
0.030,-0.044,-0.101,1.456,0.077,0.442,444043661.000
0.030,-0.047,-0.104,1.455,0.069,0.433,444043760.000
0.030,-0.047,-0.106,1.455,0.085,0.433,444043860.000
0.030,-0.044,-0.099,1.442,0.086,0.442,444043960.000
0.030,-0.049,-0.101,1.426,0.077,0.452,444044060.000
0.032,-0.045,-0.099,1.435,0.073,0.452,444044160.000
0.030,-0.041,-0.099,1.485,0.086,0.452,444044261.000
0.030,-0.044,-0.104,1.429,0.093,0.442,444044361.000
0.034,-0.041,-0.106,1.459,0.059,0.452,444044460.000
0.027,-0.045,-0.099,1.449,0.123,0.452,444044560.000
0.032,-0.043,-0.096,1.464,0.081,0.461,444044660.000
0.023,-0.048,-0.096,1.419,0.156,0.470,444044761.000
0.025,-0.044,-0.099,1.456,0.135,0.470,444044861.000
0.030,-0.044,-0.094,1.442,0.102,0.443,444044960.000
0.030,-0.047,-0.101,1.400,0.101,0.461,444045060.000
0.027,-0.043,-0.096,1.436,0.107,0.461,444045160.000
0.027,-0.051,-0.101,1.418,0.090,0.433,444045261.000
0.030,-0.044,-0.096,1.442,0.070,0.442,444045360.000
0.032,-0.045,-0.106,1.422,0.096,0.452,444045461.000
0.030,-0.041,-0.101,1.486,0.102,0.452,444045560.000
0.032,-0.045,-0.101,1.436,0.089,0.452,444045660.000
0.030,-0.047,-0.101,1.414,0.126,0.461,444045760.000
0.032,-0.045,-0.104,1.436,0.105,0.452,444045860.000
0.030,-0.044,-0.104,1.429,0.093,0.442,444045960.000
0.032,-0.043,-0.099,1.423,0.073,0.461,444046060.000
0.030,-0.047,-0.099,1.441,0.110,0.461,444046161.000
0.032,-0.045,-0.101,1.436,0.089,0.452,444046260.000
0.032,-0.048,-0.104,1.420,0.056,0.442,444046361.000
0.025,-0.047,-0.101,1.413,0.103,0.433,444046461.000
0.032,-0.048,-0.104,1.420,0.105,0.443,444046560.000
0.030,-0.044,-0.101,1.443,0.102,0.442,444046659.000
0.032,-0.040,-0.109,1.494,0.088,0.443,444046760.000
0.032,-0.045,-0.101,1.436,0.089,0.452,444046860.000
0.032,-0.045,-0.091,1.421,0.098,0.480,444046960.000
0.030,-0.047,-0.101,1.441,0.078,0.433,444047061.000
0.030,-0.049,-0.096,1.412,0.118,0.452,444047160.000
0.032,-0.048,-0.106,1.420,0.072,0.415,444047260.000
0.034,-0.041,-0.104,1.473,0.068,0.452,444047360.000
0.032,-0.043,-0.101,1.423,0.089,0.461,444047460.000
0.030,-0.044,-0.096,1.429,0.094,0.442,444047560.000
0.034,-0.047,-0.101,1.428,0.076,0.461,444047660.000
0.027,-0.043,-0.096,1.422,0.131,0.461,444047760.000
0.030,-0.044,-0.104,1.429,0.093,0.442,444047860.000
0.032,-0.045,-0.104,1.408,0.104,0.452,444047959.000
0.032,-0.045,-0.096,1.421,0.081,0.452,444048060.000
0.032,-0.045,-0.099,1.435,0.073,0.424,444048160.000
0.032,-0.045,-0.104,1.408,0.105,0.424,444048260.000
0.034,-0.044,-0.101,1.416,0.076,0.443,444048360.000
0.030,-0.044,-0.099,1.429,0.110,0.442,444048459.000
0.030,-0.044,-0.101,1.415,0.101,0.442,444048559.000
0.034,-0.044,-0.099,1.429,0.084,0.443,444048660.000
0.028,-0.043,-0.101,1.436,0.090,0.433,444048759.000
0.030,-0.044,-0.091,1.429,0.110,0.470,444048860.000
0.027,-0.043,-0.106,1.436,0.122,0.433,444048959.000
0.030,-0.044,-0.101,1.415,0.101,0.442,444049060.000
0.032,-0.043,-0.099,1.436,0.097,0.433,444049159.000
0.030,-0.044,-0.099,1.429,0.110,0.442,444049259.000
0.030,-0.047,-0.101,1.414,0.126,0.461,444049359.000
0.032,-0.045,-0.104,1.422,0.080,0.452,444049460.000
0.025,-0.044,-0.099,1.414,0.111,0.442,444049559.000
0.027,-0.045,-0.099,1.421,0.122,0.479,444049659.000
0.032,-0.043,-0.101,1.396,0.088,0.461,444049760.000
0.028,-0.043,-0.096,1.422,0.082,0.460,444049860.000
0.030,-0.044,-0.101,1.429,0.077,0.470,444049960.000
0.030,-0.047,-0.099,1.400,0.085,0.461,444050059.000
0.027,-0.045,-0.099,1.407,0.098,0.451,444050160.000
0.030,-0.044,-0.096,1.456,0.094,0.443,444050259.000
0.030,-0.044,-0.099,1.415,0.085,0.470,444050359.000
0.030,-0.041,-0.101,1.444,0.077,0.451,444050460.000
0.032,-0.045,-0.104,1.422,0.080,0.452,444050560.000
0.034,-0.047,-0.101,1.414,0.052,0.433,444050660.000
0.030,-0.044,-0.099,1.442,0.086,0.442,444050759.000
0.030,-0.047,-0.106,1.414,0.109,0.433,444050859.000
0.030,-0.041,-0.101,1.430,0.053,0.451,444050960.000
0.032,-0.045,-0.101,1.422,0.064,0.452,444051060.000
0.032,-0.050,-0.101,1.405,0.089,0.461,444051159.000
0.034,-0.049,-0.104,1.386,0.043,0.452,444051260.000
0.032,-0.045,-0.104,1.408,0.056,0.424,444051359.000
0.025,-0.044,-0.104,1.429,0.119,0.442,444051459.000
0.027,-0.048,-0.106,1.420,0.098,0.442,444051560.000
0.028,-0.043,-0.099,1.409,0.074,0.460,444051659.000
0.030,-0.044,-0.096,1.415,0.069,0.442,444051759.000
0.030,-0.044,-0.104,1.429,0.093,0.442,444051859.000
0.030,-0.047,-0.101,1.414,0.077,0.433,444051960.000
0.030,-0.044,-0.104,1.429,0.093,0.415,444052059.000
0.032,-0.045,-0.099,1.408,0.073,0.452,444052160.000
0.028,-0.043,-0.104,1.423,0.081,0.460,444052260.000
0.032,-0.048,-0.101,1.393,0.040,0.442,444052360.000
0.032,-0.045,-0.096,1.408,0.057,0.451,444052460.000
0.032,-0.045,-0.104,1.394,0.080,0.451,444052561.000
0.034,-0.047,-0.101,1.401,0.076,0.461,444052660.000
0.032,-0.045,-0.104,1.422,0.080,0.452,444052760.000
0.030,-0.044,-0.109,1.415,0.101,0.415,444052860.000
0.025,-0.041,-0.101,1.444,0.103,0.451,444052960.000
0.032,-0.045,-0.099,1.422,0.049,0.452,444053060.000
0.030,-0.047,-0.099,1.414,0.061,0.461,444053161.000
0.025,-0.041,-0.101,1.430,0.127,0.451,444053261.000
0.032,-0.043,-0.104,1.437,0.032,0.433,444053360.000
0.032,-0.048,-0.104,1.393,0.056,0.442,444053461.000
0.028,-0.043,-0.099,1.409,0.074,0.460,444053561.000
0.032,-0.043,-0.099,1.437,0.049,0.461,444053661.000
0.030,-0.041,-0.099,1.430,0.037,0.451,444053761.000
0.030,-0.044,-0.101,1.429,0.077,0.442,444053860.000
0.032,-0.048,-0.104,1.393,0.056,0.442,444053961.000
0.034,-0.047,-0.106,1.415,0.035,0.433,444054061.000
0.025,-0.041,-0.101,1.430,0.127,0.451,444054161.000
0.030,-0.047,-0.104,1.428,0.069,0.461,444054260.000
0.028,-0.045,-0.094,1.407,0.066,0.451,444054360.000
0.032,-0.043,-0.104,1.423,0.056,0.461,444054460.000
0.025,-0.041,-0.096,1.429,0.095,0.451,444054560.000
0.030,-0.044,-0.104,1.415,0.069,0.442,444054660.000
0.028,-0.048,-0.099,1.378,0.074,0.469,444054761.000
0.030,-0.044,-0.094,1.414,0.054,0.442,444054860.000
0.030,-0.044,-0.099,1.429,0.061,0.442,444054961.000
0.032,-0.048,-0.104,1.379,0.129,0.443,444055060.000
0.034,-0.047,-0.106,1.415,0.084,0.434,444055160.000
0.032,-0.045,-0.096,1.380,0.105,0.479,444055260.000
0.032,-0.045,-0.104,1.394,0.129,0.452,444055361.000
0.030,-0.044,-0.104,1.388,0.117,0.442,444055460.000
0.034,-0.039,-0.106,1.447,0.108,0.461,444055561.000
0.030,-0.041,-0.101,1.403,0.150,0.452,444055661.000
0.034,-0.039,-0.104,1.419,0.140,0.434,444055761.000
0.032,-0.048,-0.101,1.379,0.161,0.443,444055861.000
0.032,-0.043,-0.104,1.382,0.177,0.461,444055960.000
0.032,-0.043,-0.104,1.396,0.201,0.462,444056060.000
0.031,-0.043,-0.096,1.395,0.202,0.462,444056161.000
0.029,-0.044,-0.101,1.388,0.247,0.443,444056260.000
0.040,-0.043,-0.106,1.397,0.166,0.435,444056360.000
0.027,-0.045,-0.096,1.366,0.252,0.452,444056460.000
0.031,-0.045,-0.099,1.380,0.266,0.453,444056561.000
0.038,-0.044,-0.106,1.389,0.228,0.444,444056660.000
0.033,-0.042,-0.099,1.390,0.278,0.453,444056760.000
0.036,-0.043,-0.106,1.355,0.264,0.435,444056861.000
0.036,-0.043,-0.101,1.355,0.281,0.435,444056961.000
0.036,-0.008,-0.102,1.029,0.178,0.521,444057060.000
0.036,-0.035,-0.106,1.138,0.140,0.431,444057161.000
0.024,-0.022,-0.089,1.031,-0.115,0.417,444057261.000
0.023,-0.020,-0.102,0.873,-0.460,0.375,444057360.000
0.018,-0.002,-0.110,0.641,-0.960,0.414,444057461.000
-0.006,0.017,-0.096,0.273,-1.634,0.410,444057561.000
-0.017,0.033,-0.088,-0.068,-2.361,0.316,444057661.000
-0.034,0.051,-0.096,-0.427,-3.101,0.322,444057761.000
-0.045,0.072,-0.089,-0.667,-3.754,0.302,444057860.000
-0.060,0.094,-0.087,-1.060,-4.474,0.281,444057961.000
-0.078,0.112,-0.083,-1.433,-5.171,0.287,444058060.000
-0.097,0.136,-0.079,-1.688,-5.952,0.219,444058160.000
-0.103,0.158,-0.084,-2.105,-6.675,0.253,444058260.000
-0.119,0.166,-0.077,-2.299,-7.229,0.189,444058360.000
-0.136,0.192,-0.083,-2.695,-7.937,0.195,444058460.000
-0.147,0.205,-0.078,-2.954,-8.623,0.148,444058560.000
-0.164,0.236,-0.076,-3.307,-9.305,0.144,444058660.000
-0.175,0.247,-0.074,-3.648,-9.952,0.143,444058760.000
-0.186,0.269,-0.065,-3.973,-10.622,0.068,444058860.000
-0.204,0.294,-0.065,-4.313,-11.313,0.129,444058960.000
-0.215,0.313,-0.066,-4.569,-12.016,0.072,444059061.000
-0.232,0.331,-0.061,-5.026,-12.763,0.050,444059161.000
-0.249,0.346,-0.059,-5.277,-13.395,0.021,444059260.000
-0.260,0.373,-0.067,-5.664,-14.124,0.073,444059360.000
-0.278,0.383,-0.055,-5.934,-14.747,-0.002,444059461.000
-0.297,0.415,-0.059,-6.278,-15.385,0.041,444059560.000
-0.300,0.426,-0.054,-6.606,-16.025,-0.014,444059661.000
-0.317,0.451,-0.057,-6.975,-16.700,0.019,444059761.000
-0.328,0.465,-0.040,-7.248,-17.345,-0.027,444059860.000
-0.349,0.491,-0.048,-7.604,-18.083,-0.023,444059961.000
-0.357,0.502,-0.039,-7.959,-18.633,-0.022,444060061.000
-0.378,0.527,-0.044,-8.219,-19.411,-0.072,444060161.000
-0.387,0.545,-0.037,-8.550,-20.054,-0.037,444060260.000
-0.410,0.569,-0.038,-8.859,-20.778,-0.078,444060360.000
-0.426,0.588,-0.044,-9.279,-21.377,-0.052,444060460.000
-0.434,0.609,-0.031,-9.528,-22.124,-0.091,444060560.000
-0.452,0.624,-0.037,-9.916,-22.710,-0.065,444060660.000
-0.463,0.643,-0.028,-10.158,-23.501,-0.095,444060761.000
-0.480,0.666,-0.036,-10.597,-24.144,-0.098,444060860.000
-0.493,0.678,-0.026,-10.863,-24.752,-0.135,444060960.000
-0.513,0.710,-0.030,-11.194,-25.463,-0.066,444061061.000
-0.523,0.729,-0.020,-11.492,-26.254,-0.151,444061160.000
-0.545,0.747,-0.026,-11.851,-26.935,-0.118,444061260.000
-0.560,0.768,-0.021,-12.120,-27.596,-0.138,444061360.000
-0.571,0.788,-0.012,-12.485,-28.219,-0.112,444061461.000
-0.593,0.808,-0.015,-12.802,-28.964,-0.097,444061560.000
-0.602,0.820,-0.005,-13.096,-29.598,-0.134,444061660.000
-0.625,0.853,-0.004,-13.441,-30.340,-0.065,444061761.000
-0.630,0.870,-0.004,-13.745,-31.008,-0.112,444061861.000
-0.652,0.890,-0.010,-14.076,-31.617,-0.124,444061960.000
-0.669,0.913,-0.000,-14.364,-32.346,-0.099,444062060.000
-0.682,0.929,-0.003,-14.711,-32.997,-0.101,444062160.000
-0.702,0.955,-0.002,-15.031,-33.666,-0.077,444062260.000
-0.717,0.964,0.008,-15.279,-34.285,-0.114,444062361.000
-0.727,0.984,0.005,-15.470,-34.597,-0.065,444062461.000
-0.726,0.995,0.005,-15.934,-34.844,-0.090,444062561.000
-0.721,1.014,0.002,-16.434,-34.956,-0.142,444062661.000
-0.721,1.027,0.006,-16.994,-34.849,-0.183,444062760.000
-0.704,1.053,0.006,-17.516,-34.690,-0.231,444062861.000
-0.703,1.065,0.008,-18.110,-34.531,-0.291,444062961.000
-0.694,1.086,0.015,-18.637,-34.466,-0.359,444063060.000
-0.690,1.102,0.017,-19.221,-34.344,-0.391,444063161.000
-0.688,1.124,0.012,-19.768,-34.258,-0.442,444063260.000
-0.677,1.136,0.014,-20.334,-34.198,-0.528,444063360.000
-0.670,1.162,0.011,-20.879,-34.179,-0.570,444063460.000
-0.670,1.172,0.013,-21.453,-34.104,-0.593,444063561.000
-0.662,1.194,0.015,-21.979,-34.055,-0.634,444063660.000
-0.658,1.209,0.020,-22.509,-33.949,-0.665,444063761.000
-0.651,1.232,0.017,-23.069,-33.977,-0.744,444063860.000
-0.646,1.248,0.022,-23.585,-33.944,-0.776,444063960.000
-0.638,1.269,0.014,-24.125,-33.904,-0.845,444064060.000
-0.638,1.290,0.031,-24.695,-33.877,-0.887,444064160.000
-0.631,1.305,0.018,-25.176,-33.816,-0.937,444064260.000
-0.631,1.318,0.028,-25.735,-33.741,-0.951,444064360.000
-0.624,1.338,0.032,-26.242,-33.792,-1.011,444064460.000
-0.618,1.358,0.030,-26.790,-33.772,-1.071,444064560.000
-0.618,1.379,0.022,-27.316,-33.706,-1.113,444064660.000
-0.609,1.392,0.024,-27.861,-33.706,-1.153,444064761.000
-0.605,1.421,0.036,-28.371,-33.696,-1.223,444064860.000
-0.607,1.436,0.035,-28.909,-33.714,-1.275,444064960.000
-0.596,1.448,0.035,-29.515,-33.711,-1.307,444065060.000
-0.593,1.473,0.035,-30.047,-33.706,-1.377,444065160.000
-0.589,1.492,0.039,-30.576,-33.721,-1.455,444065261.000
-0.587,1.506,0.024,-31.099,-33.643,-1.506,444065361.000
-0.582,1.525,0.039,-31.628,-33.674,-1.529,444065461.000
-0.580,1.550,0.041,-32.160,-33.684,-1.599,444065561.000
-0.577,1.567,0.043,-32.696,-33.670,-1.613,444065661.000
-0.571,1.587,0.040,-33.258,-33.675,-1.674,444065761.000
-0.568,1.599,0.042,-33.839,-33.685,-1.762,444065860.000
-0.564,1.620,0.047,-34.436,-33.701,-1.859,444065960.000
-0.564,1.639,0.059,-34.951,-33.665,-1.883,444066060.000
-0.559,1.670,0.048,-35.499,-33.658,-1.944,444066161.000
-0.553,1.688,0.048,-35.966,-33.677,-2.012,444066260.000
-0.548,1.711,0.048,-36.575,-33.709,-2.074,444066360.000
-0.541,1.729,0.060,-37.111,-33.688,-2.115,444066460.000
-0.541,1.739,0.052,-37.740,-33.695,-2.195,444066561.000
-0.535,1.762,0.057,-38.246,-33.722,-2.273,444066660.000
-0.534,1.780,0.061,-38.775,-33.711,-2.324,444066761.000
-0.530,1.809,0.061,-39.313,-33.719,-2.422,444066860.000
-0.530,1.820,0.060,-39.928,-33.701,-2.446,444066961.000
-0.521,1.841,0.060,-40.496,-33.759,-2.516,444067061.000
-0.518,1.864,0.065,-41.044,-33.737,-2.595,444067160.000
-0.518,1.887,0.067,-41.611,-33.735,-2.656,444067261.000
-0.516,1.907,0.071,-42.160,-33.737,-2.717,444067360.000
-0.507,1.928,0.069,-42.715,-33.803,-2.814,444067460.000
-0.502,1.947,0.068,-43.312,-33.810,-2.893,444067561.000
-0.502,1.965,0.078,-43.856,-33.807,-2.945,444067660.000
-0.495,1.993,0.078,-44.428,-33.828,-3.033,444067760.000
-0.493,2.008,0.077,-45.034,-33.847,-3.085,444067860.000
-0.493,2.034,0.079,-45.628,-33.822,-3.165,444067961.000
-0.486,2.054,0.084,-46.122,-33.800,-3.252,444068060.000
-0.484,2.081,0.084,-46.681,-33.819,-3.368,444068161.000
-0.475,2.100,0.088,-47.278,-33.836,-3.392,444068260.000
-0.475,2.121,0.083,-47.902,-33.860,-3.490,444068360.000
-0.470,2.145,0.083,-48.414,-33.867,-3.551,444068460.000
-0.470,2.161,0.087,-49.027,-33.881,-3.640,444068561.000
-0.468,2.183,0.090,-49.589,-33.868,-3.747,444068660.000
-0.461,2.203,0.084,-50.137,-33.929,-3.807,444068761.000
-0.456,2.229,0.094,-50.746,-33.952,-3.915,444068861.000
-0.456,2.250,0.109,-51.205,-33.956,-3.984,444068961.000
-0.448,2.243,0.096,-51.400,-33.904,-3.984,444069060.000
-0.452,2.258,0.101,-51.462,-33.839,-3.985,444069161.000
-0.448,2.253,0.096,-51.381,-33.784,-3.974,444069261.000
-0.446,2.241,0.094,-51.048,-33.655,-3.914,444069360.000
-0.449,2.229,0.099,-50.702,-33.574,-3.855,444069461.000
-0.449,2.216,0.099,-50.419,-33.522,-3.814,444069560.000
-0.451,2.207,0.092,-50.181,-33.435,-3.775,444069662.000
-0.452,2.201,0.102,-49.922,-33.374,-3.707,444069761.000
-0.445,2.187,0.087,-49.728,-33.363,-3.713,444069862.000
-0.448,2.180,0.087,-49.503,-33.275,-3.664,444069961.000
-0.446,2.179,0.090,-49.276,-33.229,-3.625,444070061.000
-0.450,2.163,0.087,-49.174,-33.186,-3.596,444070161.000
-0.446,2.160,0.090,-48.982,-33.152,-3.602,444070261.000
-0.449,2.154,0.088,-48.812,-33.098,-3.554,444070361.000
-0.449,2.146,0.097,-48.706,-33.039,-3.497,444070462.000
-0.449,2.141,0.083,-48.528,-33.014,-3.486,444070561.000
-0.449,2.135,0.085,-48.379,-32.955,-3.475,444070662.000
-0.447,2.131,0.083,-48.291,-32.951,-3.446,444070761.000
-0.451,2.129,0.080,-48.099,-32.884,-3.426,444070861.000
-0.454,2.122,0.083,-48.013,-32.813,-3.406,444070961.000
-0.452,2.118,0.083,-47.856,-32.751,-3.376,444071061.000
-0.445,2.114,0.088,-47.754,-32.796,-3.374,444071161.000
-0.448,2.107,0.086,-47.654,-32.766,-3.355,444071261.000
-0.450,2.104,0.086,-47.580,-32.680,-3.326,444071361.000
-0.452,2.105,0.083,-47.420,-32.674,-3.307,444071461.000
-0.446,2.096,0.086,-47.363,-32.678,-3.323,444071561.000
-0.450,2.093,0.083,-47.212,-32.636,-3.276,444071661.000
-0.450,2.088,0.079,-47.159,-32.603,-3.266,444071761.000
-0.451,2.085,0.084,-47.064,-32.585,-3.246,444071861.000
-0.451,2.082,0.086,-46.983,-32.528,-3.254,444071961.000
-0.449,2.076,0.079,-46.896,-32.516,-3.234,444072062.000
-0.451,2.077,0.076,-46.764,-32.462,-3.215,444072161.000
-0.447,2.074,0.081,-46.696,-32.470,-3.195,444072261.000
-0.447,2.074,0.081,-46.585,-32.469,-3.194,444072361.000
-0.449,2.073,0.086,-46.510,-32.390,-3.156,444072460.000
-0.445,2.065,0.074,-46.485,-32.408,-3.155,444072561.000
-0.449,2.062,0.081,-46.405,-32.357,-3.136,444072661.000
-0.447,2.061,0.077,-46.288,-32.361,-3.153,444072761.000
-0.443,2.058,0.082,-46.206,-32.344,-3.106,444072861.000
-0.450,2.054,0.079,-46.188,-32.266,-3.106,444072960.000
-0.450,2.052,0.079,-46.092,-32.265,-3.086,444073061.000
-0.448,2.050,0.077,-46.030,-32.237,-3.076,444073161.000
-0.448,2.045,0.079,-45.978,-32.252,-3.066,444073260.000
-0.448,2.043,0.082,-45.924,-32.194,-3.074,444073360.000
-0.448,2.042,0.077,-45.841,-32.162,-3.073,444073461.000
-0.446,2.039,0.075,-45.794,-32.182,-3.073,444073561.000
-0.442,2.033,0.077,-45.755,-32.150,-3.034,444073661.000
-0.446,2.028,0.075,-45.689,-32.132,-3.052,444073760.000
-0.446,2.028,0.072,-45.620,-32.140,-3.052,444073860.000
-0.446,2.028,0.077,-45.579,-32.098,-3.023,444073960.000
-0.446,2.030,0.067,-45.494,-32.058,-3.013,444074060.000
-0.444,2.021,0.070,-45.478,-32.062,-3.003,444074160.000
-0.446,2.018,0.077,-45.418,-32.048,-2.975,444074260.000
-0.446,2.017,0.077,-45.322,-32.023,-3.002,444074360.000
-0.444,2.019,0.070,-45.272,-32.012,-2.983,444074461.000
-0.444,2.019,0.075,-45.217,-31.994,-2.954,444074561.000
-0.446,2.012,0.070,-45.214,-31.974,-2.991,444074660.000
-0.447,2.012,0.075,-45.145,-31.932,-2.962,444074760.000
-0.444,2.011,0.077,-45.069,-31.960,-2.952,444074860.000
-0.449,2.011,0.068,-45.028,-31.895,-2.952,444074960.000
-0.445,2.006,0.072,-45.002,-31.903,-2.914,444075060.000
-0.447,2.004,0.070,-44.955,-31.874,-2.932,444075161.000
-0.445,2.000,0.075,-44.923,-31.869,-2.931,444075260.000
-0.445,2.000,0.070,-44.867,-31.837,-2.931,444075361.000
-0.447,1.996,0.070,-44.848,-31.848,-2.903,444075460.000
-0.443,1.999,0.065,-44.750,-31.841,-2.920,444075561.000
-0.447,1.996,0.068,-44.724,-31.807,-2.874,444075660.000
-0.441,1.992,0.070,-44.677,-31.836,-2.900,444075760.000
-0.447,1.991,0.073,-44.630,-31.765,-2.891,444075861.000
-0.441,1.990,0.070,-44.609,-31.787,-2.881,444075960.000
-0.445,1.984,0.073,-44.571,-31.753,-2.844,444076060.000
-0.443,1.988,0.070,-44.507,-31.773,-2.871,444076160.000
-0.445,1.987,0.073,-44.446,-31.751,-2.861,444076261.000
-0.443,1.986,0.073,-44.425,-31.715,-2.851,444076360.000
-0.448,1.978,0.070,-44.443,-31.674,-2.851,444076460.000
-0.441,1.982,0.073,-44.351,-31.703,-2.822,444076561.000
-0.443,1.983,0.066,-44.288,-31.690,-2.831,444076661.000
-0.448,1.978,0.073,-44.278,-31.640,-2.822,444076760.000
-0.443,1.972,0.075,-44.280,-31.632,-2.812,444076860.000
-0.446,1.974,0.071,-44.217,-31.636,-2.821,444076961.000
-0.443,1.972,0.068,-44.197,-31.632,-2.811,444077061.000
-0.443,1.972,0.068,-44.141,-31.632,-2.811,444077161.000
-0.444,1.970,0.068,-44.087,-31.607,-2.791,444077260.000
-0.441,1.968,0.061,-44.080,-31.596,-2.809,444077361.000
-0.446,1.968,0.068,-44.012,-31.593,-2.782,444077460.000
-0.444,1.970,0.066,-43.977,-31.590,-2.790,444077561.000
-0.442,1.963,0.073,-43.973,-31.577,-2.771,444077660.000
-0.444,1.964,0.068,-43.938,-31.581,-2.780,444077761.000
-0.442,1.960,0.063,-43.905,-31.561,-2.780,444077861.000
-0.446,1.960,0.068,-43.878,-31.519,-2.752,444077960.000
-0.442,1.960,0.068,-43.822,-31.544,-2.751,444078061.000
-0.440,1.957,0.066,-43.789,-31.540,-2.750,444078160.000
-0.446,1.958,0.068,-43.769,-31.494,-2.760,444078261.000
-0.444,1.954,0.068,-43.736,-31.506,-2.732,444078360.000
-0.444,1.954,0.061,-43.722,-31.482,-2.731,444078461.000
-0.444,1.956,0.068,-43.666,-31.505,-2.722,444078561.000
-0.440,1.954,0.063,-43.624,-31.498,-2.702,444078661.000
-0.442,1.950,0.061,-43.606,-31.494,-2.730,444078760.000
-0.446,1.950,0.068,-43.593,-31.443,-2.702,444078860.000
-0.444,1.951,0.068,-43.544,-31.480,-2.711,444078960.000
-0.446,1.950,0.068,-43.510,-31.442,-2.674,444079061.000
-0.444,1.946,0.071,-43.519,-31.447,-2.701,444079160.000
-0.442,1.945,0.063,-43.485,-31.435,-2.691,444079260.000
-0.444,1.946,0.063,-43.449,-31.422,-2.673,444079360.000
-0.442,1.942,0.066,-43.404,-31.426,-2.700,444079461.000
-0.442,1.942,0.071,-43.404,-31.409,-2.699,444079561.000
-0.440,1.938,0.061,-43.384,-31.382,-2.699,444079661.000
-0.442,1.937,0.069,-43.365,-31.369,-2.689,444079760.000
-0.438,1.942,0.056,-43.291,-31.387,-2.670,444079860.000
-0.442,1.939,0.059,-43.266,-31.353,-2.652,444079961.000
-0.442,1.937,0.064,-43.253,-31.384,-2.633,444080060.000
-0.445,1.935,0.064,-43.220,-31.347,-2.651,444080161.000
-0.445,1.935,0.071,-43.179,-31.370,-2.651,444080260.000
-0.443,1.931,0.069,-43.187,-31.343,-2.623,444080360.000
-0.445,1.933,0.069,-43.139,-31.305,-2.632,444080461.000
-0.443,1.934,0.059,-43.103,-31.302,-2.640,444080560.000
-0.445,1.930,0.061,-43.084,-31.330,-2.613,444080661.000
-0.440,1.930,0.061,-43.043,-31.330,-2.640,444080761.000
-0.451,1.931,0.061,-43.022,-31.242,-2.622,444080860.000
-0.440,1.930,0.061,-42.974,-31.305,-2.639,444080960.000
-0.445,1.927,0.064,-42.989,-31.248,-2.593,444081061.000
-0.445,1.927,0.066,-42.989,-31.263,-2.593,444081161.000
-0.443,1.926,0.059,-42.954,-31.252,-2.583,444081260.000
-0.443,1.921,0.069,-42.917,-31.243,-2.601,444081361.000
-0.445,1.920,0.066,-42.911,-31.238,-2.592,444081461.000
-0.441,1.922,0.066,-42.867,-31.263,-2.582,444081560.000
-0.443,1.923,0.064,-42.832,-31.234,-2.563,444081660.000
-0.445,1.919,0.059,-42.827,-31.189,-2.591,444081760.000
-0.443,1.923,0.059,-42.791,-31.226,-2.618,444081860.000
-0.441,1.917,0.061,-42.787,-31.230,-2.571,444081960.000
-0.445,1.919,0.066,-42.731,-31.212,-2.590,444082061.000
-0.441,1.917,0.064,-42.745,-31.222,-2.571,444082160.000
-0.441,1.912,0.064,-42.734,-31.197,-2.561,444082260.000
-0.445,1.914,0.064,-42.678,-31.147,-2.552,444082360.000
-0.439,1.913,0.066,-42.685,-31.201,-2.542,444082460.000
-0.441,1.909,0.064,-42.653,-31.172,-2.542,444082560.000
-0.441,1.917,0.067,-42.580,-31.188,-2.542,444082660.000
-0.443,1.913,0.062,-42.603,-31.143,-2.569,444082761.000
-0.443,1.910,0.054,-42.562,-31.143,-2.550,444082860.000
-0.445,1.909,0.059,-42.556,-31.138,-2.541,444082960.000
-0.439,1.908,0.062,-42.563,-31.144,-2.531,444083060.000
-0.441,1.911,0.064,-42.472,-31.122,-2.531,444083161.000
-0.446,1.906,0.061,-42.488,-31.105,-2.494,444083260.000
-0.443,1.907,0.057,-42.467,-31.110,-2.531,444083360.000
-0.441,1.909,0.054,-42.459,-31.155,-2.540,444083460.000
-0.443,1.905,0.062,-42.413,-31.117,-2.539,444083561.000
-0.439,1.902,0.059,-42.441,-31.102,-2.520,444083660.000
-0.444,1.905,0.064,-42.399,-31.060,-2.511,444083760.000
-0.441,1.901,0.062,-42.380,-31.080,-2.511,444083861.000
-0.439,1.902,0.054,-42.358,-31.118,-2.520,444083960.000
-0.441,1.901,0.057,-42.310,-31.072,-2.482,444084060.000
-0.439,1.902,0.057,-42.289,-31.109,-2.519,444084160.000
-0.437,1.901,0.062,-42.283,-31.081,-2.482,444084261.000
-0.444,1.900,0.057,-42.263,-31.059,-2.501,444084360.000
-0.444,1.902,0.062,-42.221,-31.042,-2.491,444084461.000
-0.444,1.899,0.054,-42.222,-31.018,-2.500,444084561.000
-0.441,1.903,0.062,-42.185,-31.054,-2.472,444084660.000
-0.442,1.896,0.064,-42.190,-31.046,-2.499,444084760.000
-0.442,1.896,0.054,-42.189,-31.030,-2.499,444084861.000
-0.442,1.893,0.062,-42.191,-31.005,-2.480,444084961.000
-0.442,1.896,0.062,-42.107,-31.029,-2.471,444085060.000
-0.444,1.892,0.059,-42.143,-30.976,-2.471,444085160.000
-0.437,1.898,0.057,-42.077,-30.998,-2.461,444085260.000
-0.439,1.894,0.057,-42.058,-31.009,-2.461,444085360.000
-0.442,1.888,0.054,-42.096,-30.981,-2.470,444085460.000
-0.440,1.889,0.054,-42.061,-30.993,-2.479,444085561.000
-0.442,1.888,0.064,-42.056,-30.971,-2.469,444085660.000
-0.442,1.890,0.054,-42.012,-30.956,-2.460,444085760.000
-0.440,1.889,0.062,-42.006,-30.992,-2.478,444085861.000
-0.446,1.890,0.059,-41.985,-30.913,-2.460,444085961.000
-0.442,1.890,0.062,-41.944,-30.930,-2.459,444086060.000
-0.444,1.884,0.055,-41.954,-30.918,-2.468,444086161.000
-0.440,1.889,0.062,-41.909,-30.918,-2.449,444086261.000
-0.438,1.888,0.057,-41.916,-30.948,-2.440,444086360.000
-0.440,1.886,0.059,-41.897,-30.951,-2.431,444086460.000
-0.444,1.884,0.057,-41.871,-30.885,-2.440,444086561.000
-0.440,1.884,0.057,-41.857,-30.934,-2.439,444086661.000
-0.440,1.884,0.057,-41.843,-30.910,-2.439,444086761.000
-0.440,1.884,0.060,-41.829,-30.901,-2.411,444086860.000
-0.440,1.881,0.057,-41.817,-30.885,-2.448,444086960.000
-0.438,1.880,0.057,-41.824,-30.898,-2.438,444087062.000
-0.440,1.884,0.052,-41.787,-30.877,-2.438,444087162.000
-0.440,1.878,0.052,-41.790,-30.877,-2.429,444087262.000
-0.442,1.880,0.050,-41.741,-30.872,-2.410,444087361.000
-0.440,1.881,0.055,-41.733,-30.868,-2.419,444087461.000
-0.442,1.880,0.057,-41.686,-30.871,-2.410,444087562.000
-0.442,1.874,0.060,-41.731,-30.863,-2.428,444087661.000
-0.440,1.873,0.052,-41.696,-30.852,-2.418,444087762.000
-0.444,1.873,0.052,-41.710,-30.851,-2.419,444087862.000
-0.438,1.874,0.055,-41.660,-30.880,-2.400,444087961.000
-0.440,1.873,0.055,-41.655,-30.843,-2.418,444088062.000
-0.436,1.871,0.057,-41.642,-30.884,-2.399,444088162.000
-0.438,1.877,0.055,-41.618,-30.831,-2.418,444088262.000
-0.438,1.872,0.057,-41.606,-30.823,-2.380,444088362.000
-0.436,1.870,0.052,-41.573,-30.827,-2.426,444088461.000
-0.440,1.875,0.055,-41.543,-30.818,-2.435,444088562.000
-0.440,1.870,0.057,-41.559,-30.809,-2.398,444088662.000
-0.440,1.873,0.057,-41.531,-30.785,-2.417,444088761.000
-0.438,1.877,0.055,-41.493,-30.806,-2.389,444088861.000
-0.438,1.866,0.047,-41.553,-30.758,-2.397,444088961.000
-0.438,1.869,0.057,-41.498,-30.797,-2.388,444089062.000
-0.440,1.868,0.060,-41.491,-30.776,-2.351,444089162.000
-0.438,1.872,0.057,-41.455,-30.797,-2.379,444089261.000
-0.442,1.869,0.057,-41.443,-30.771,-2.388,444089361.000
-0.443,1.869,0.057,-41.443,-30.723,-2.388,444089461.000
-0.438,1.864,0.048,-41.458,-30.757,-2.406,444089562.000
-0.443,1.864,0.055,-41.418,-30.755,-2.378,444089661.000
-0.438,1.866,0.055,-41.402,-30.732,-2.368,444089761.000
-0.440,1.870,0.050,-41.351,-30.736,-2.368,444089861.000
-0.443,1.864,0.055,-41.390,-30.706,-2.378,444089961.000
-0.438,1.861,0.055,-41.391,-30.756,-2.387,444090062.000
-0.441,1.860,0.055,-41.385,-30.719,-2.377,444090161.000
-0.438,1.864,0.050,-41.320,-30.723,-2.377,444090262.000
-0.443,1.861,0.052,-41.308,-30.665,-2.358,444090361.000
-0.438,1.866,0.050,-41.277,-30.723,-2.367,444090462.000
-0.445,1.862,0.057,-41.274,-30.684,-2.340,444090562.000
-0.434,1.861,0.058,-41.239,-30.723,-2.357,444090662.000
-0.441,1.857,0.057,-41.276,-30.709,-2.358,444090762.000
-0.436,1.860,0.058,-41.233,-30.686,-2.347,444090862.000
-0.441,1.860,0.058,-41.234,-30.660,-2.375,444090961.000
-0.436,1.855,0.053,-41.221,-30.678,-2.338,444091061.000
-0.436,1.857,0.053,-41.192,-30.654,-2.328,444091161.000
-0.441,1.855,0.057,-41.208,-30.660,-2.338,444091262.000
-0.439,1.864,0.050,-41.127,-30.673,-2.347,444091362.000
-0.439,1.858,0.050,-41.157,-30.673,-2.365,444091462.000
-0.439,1.856,0.065,-41.159,-30.647,-2.319,444091562.000
-0.439,1.858,0.048,-41.143,-30.633,-2.337,444091662.000
-0.437,1.852,0.058,-41.126,-30.660,-2.318,444091762.000
-0.439,1.856,0.055,-41.103,-30.632,-2.318,444091861.000
-0.437,1.852,0.055,-41.126,-30.644,-2.318,444091962.000
-0.441,1.849,0.053,-41.100,-30.578,-2.299,444092062.000
-0.441,1.849,0.055,-41.073,-30.594,-2.327,444092161.000
-0.439,1.850,0.053,-41.065,-30.591,-2.336,444092262.000
-0.437,1.852,0.055,-41.029,-30.619,-2.317,444092361.000
-0.441,1.852,0.053,-41.016,-30.553,-2.317,444092461.000
-0.439,1.850,0.053,-40.995,-30.614,-2.308,444092561.000
-0.439,1.850,0.058,-40.968,-30.549,-2.307,444092661.000
-0.439,1.845,0.058,-41.013,-30.573,-2.326,444092761.000
-0.437,1.854,0.058,-40.931,-30.586,-2.307,444092861.000
-0.437,1.854,0.050,-40.917,-30.562,-2.334,444092962.000
-0.437,1.846,0.053,-40.949,-30.554,-2.306,444093061.000
-0.439,1.848,0.053,-40.900,-30.565,-2.316,444093161.000
-0.439,1.848,0.053,-40.927,-30.565,-2.288,444093262.000
-0.435,1.845,0.053,-40.928,-30.566,-2.297,444093361.000
-0.435,1.848,0.045,-40.872,-30.591,-2.315,444093462.000
-0.439,1.842,0.048,-40.875,-30.532,-2.333,444093562.000
-0.441,1.846,0.050,-40.852,-30.536,-2.279,444093662.000
-0.441,1.841,0.045,-40.882,-30.504,-2.297,444093762.000
-0.441,1.846,0.053,-40.825,-30.503,-2.278,444093861.000
-0.441,1.841,0.050,-40.841,-30.511,-2.296,444093962.000
-0.441,1.846,0.048,-40.811,-30.495,-2.306,444094062.000
-0.439,1.840,0.050,-40.821,-30.524,-2.287,444094162.000
-0.441,1.839,0.053,-40.801,-30.478,-2.277,444094262.000
-0.441,1.841,0.055,-40.759,-30.494,-2.268,444094362.000
-0.439,1.840,0.053,-40.766,-30.490,-2.286,444094461.000
-0.435,1.837,0.058,-40.795,-30.524,-2.295,444094561.000
-0.439,1.840,0.050,-40.738,-30.474,-2.286,444094662.000
-0.439,1.842,0.053,-40.696,-30.490,-2.276,444094762.000
-0.439,1.840,0.053,-40.711,-30.490,-2.285,444094862.000
-0.433,1.839,0.050,-40.717,-30.512,-2.276,444094962.000
-0.442,1.836,0.055,-40.693,-30.420,-2.285,444095061.000
-0.435,1.840,0.051,-40.641,-30.475,-2.284,444095161.000
-0.435,1.840,0.050,-40.655,-30.451,-2.256,444095261.000
-0.437,1.833,0.053,-40.679,-30.429,-2.266,444095362.000
-0.437,1.836,0.055,-40.651,-30.469,-2.284,444095462.000
-0.435,1.837,0.053,-40.642,-30.466,-2.266,444095561.000
-0.439,1.832,0.050,-40.645,-30.425,-2.256,444095662.000
-0.442,1.836,0.053,-40.609,-30.403,-2.256,444095761.000
-0.435,1.834,0.051,-40.602,-30.450,-2.274,444095862.000
-0.437,1.833,0.045,-40.581,-30.405,-2.209,444095962.000
-0.442,1.833,0.055,-40.583,-30.395,-2.265,444096061.000
-0.440,1.832,0.046,-40.562,-30.392,-2.255,444096162.000
-0.440,1.834,0.046,-40.520,-30.392,-2.274,444096261.000
-0.440,1.829,0.048,-40.550,-30.408,-2.237,444096362.000
-0.437,1.828,0.048,-40.544,-30.396,-2.255,444096461.000
-0.437,1.833,0.048,-40.486,-30.396,-2.264,444096560.000
-0.435,1.832,0.053,-40.507,-30.416,-2.255,444096661.000
-0.437,1.828,0.051,-40.530,-30.387,-2.255,444096761.000
-0.440,1.826,0.046,-40.496,-30.367,-2.273,444096861.000
-0.437,1.833,0.053,-40.500,-30.403,-2.264,444096961.000
-0.440,1.827,0.048,-40.469,-30.382,-2.245,444097061.000
-0.442,1.830,0.051,-40.432,-30.361,-2.245,444097161.000
-0.433,1.828,0.051,-40.447,-30.412,-2.253,444097262.000
-0.440,1.829,0.046,-40.440,-30.342,-2.263,444097362.000
-0.440,1.829,0.048,-40.426,-30.334,-2.235,444097462.000
-0.435,1.826,0.056,-40.386,-30.358,-2.244,444097560.000
-0.437,1.825,0.046,-40.393,-30.378,-2.235,444097661.000
-0.435,1.827,0.051,-40.371,-30.350,-2.216,444097761.000
-0.442,1.828,0.053,-40.365,-30.328,-2.226,444097860.000
-0.440,1.824,0.051,-40.401,-30.349,-2.226,444097961.000
-0.438,1.825,0.043,-40.365,-30.362,-2.235,444098062.000
-0.436,1.821,0.051,-40.360,-30.325,-2.234,444098161.000
-0.438,1.823,0.053,-40.353,-30.329,-2.243,444098261.000
-0.435,1.824,0.046,-40.331,-30.366,-2.225,444098362.000
-0.438,1.825,0.048,-40.324,-30.321,-2.234,444098462.000
-0.433,1.825,0.056,-40.296,-30.346,-2.205,444098560.000
-0.440,1.821,0.058,-40.292,-30.275,-2.205,444098661.000
-0.436,1.821,0.041,-40.276,-30.310,-2.205,444098762.000
-0.436,1.819,0.051,-40.306,-30.301,-2.214,444098860.000
-0.438,1.820,0.051,-40.285,-30.312,-2.224,444098961.000
-0.438,1.820,0.056,-40.230,-30.295,-2.196,444099061.000
-0.436,1.821,0.048,-40.249,-30.309,-2.205,444099161.000
-0.440,1.821,0.056,-40.223,-30.282,-2.205,444099260.000
-0.438,1.815,0.048,-40.274,-30.272,-2.186,444099361.000
-0.440,1.819,0.053,-40.197,-30.290,-2.214,444099460.000
-0.434,1.817,0.053,-40.217,-30.304,-2.204,444099560.000
-0.440,1.821,0.053,-40.168,-30.266,-2.204,444099661.000
-0.438,1.815,0.046,-40.191,-30.303,-2.214,444099761.000
-0.438,1.815,0.048,-40.191,-30.271,-2.186,444099861.000
-0.440,1.819,0.051,-40.169,-30.274,-2.186,444099961.000
-0.438,1.817,0.046,-40.148,-30.254,-2.204,444100060.000
-0.436,1.816,0.041,-40.141,-30.260,-2.194,444100161.000
-0.436,1.816,0.056,-40.142,-30.258,-2.194,444100260.000
-0.440,1.818,0.048,-40.127,-30.233,-2.185,444100361.000
-0.438,1.817,0.048,-40.107,-30.246,-2.203,444100461.000
-0.438,1.817,0.056,-40.108,-30.245,-2.203,444100560.000
-0.436,1.813,0.046,-40.102,-30.242,-2.203,444100661.000
-0.436,1.811,0.046,-40.117,-30.242,-2.212,444100760.000
-0.434,1.815,0.041,-40.080,-30.247,-2.212,444100861.000
-0.436,1.813,0.056,-40.061,-30.233,-2.175,444100961.000
-0.436,1.813,0.048,-40.060,-30.234,-2.175,444101060.000
-0.438,1.812,0.053,-40.068,-30.204,-2.165,444101161.000
-0.436,1.816,0.046,-40.017,-30.217,-2.193,444101260.000
-0.436,1.813,0.043,-40.018,-30.226,-2.174,444101360.000
-0.436,1.813,0.051,-40.005,-30.200,-2.202,444101460.000
-0.436,1.805,0.048,-40.051,-30.185,-2.201,444101560.000
-0.438,1.809,0.048,-39.987,-30.196,-2.174,444101661.000
-0.438,1.807,0.048,-40.043,-30.172,-2.183,444101760.000
-0.434,1.812,0.048,-39.971,-30.221,-2.164,444101861.000
-0.434,1.809,0.053,-40.000,-30.229,-2.174,444101960.000
-0.434,1.809,0.053,-39.973,-30.180,-2.173,444102060.000
-0.434,1.809,0.046,-39.958,-30.205,-2.173,444102160.000
-0.436,1.808,0.046,-39.952,-30.168,-2.164,444102260.000
-0.436,1.803,0.053,-39.983,-30.167,-2.182,444102361.000
-0.436,1.805,0.053,-39.940,-30.167,-2.173,444102460.000
-0.432,1.808,0.053,-39.924,-30.193,-2.135,444102560.000
-0.436,1.805,0.048,-39.926,-30.159,-2.172,444102660.000
-0.432,1.808,0.046,-39.842,-30.192,-2.190,444102760.000
-0.438,1.809,0.041,-39.848,-30.147,-2.145,444102860.000
-0.434,1.804,0.051,-39.892,-30.163,-2.163,444102960.000
-0.440,1.810,0.046,-39.855,-30.142,-2.154,444103061.000
-0.436,1.808,0.046,-39.828,-30.143,-2.163,444103161.000
-0.432,1.805,0.049,-39.857,-30.160,-2.171,444103261.000
-0.436,1.803,0.044,-39.899,-30.151,-2.154,444103361.000
-0.438,1.807,0.046,-39.836,-30.130,-2.153,444103460.000
-0.434,1.801,0.051,-39.852,-30.163,-2.171,444103560.000
-0.434,1.801,0.044,-39.865,-30.139,-2.144,444103660.000
-0.436,1.803,0.046,-39.817,-30.118,-2.153,444103761.000
-0.434,1.801,0.051,-39.811,-30.138,-2.171,444103861.000
-0.432,1.803,0.049,-39.789,-30.111,-2.152,444103960.000
-0.434,1.804,0.054,-39.810,-30.130,-2.162,444104060.000
-0.434,1.799,0.049,-39.812,-30.146,-2.152,444104161.000
-0.434,1.804,0.044,-39.768,-30.139,-2.161,444104261.000
-0.436,1.803,0.046,-39.762,-30.117,-2.152,444104360.000
-0.434,1.807,0.049,-39.766,-30.146,-2.152,444104460.000
-0.434,1.804,0.049,-39.754,-30.146,-2.161,444104561.000
-0.436,1.797,0.049,-39.806,-30.109,-2.143,444104661.000
-0.436,1.800,0.049,-39.749,-30.085,-2.133,444104761.000
-0.434,1.801,0.049,-39.755,-30.122,-2.143,444104862.000
-0.432,1.797,0.049,-39.750,-30.134,-2.142,444104962.000
-0.434,1.801,0.051,-39.741,-30.113,-2.115,444105062.000
-0.439,1.801,0.046,-39.756,-30.080,-2.143,444105161.000
-0.434,1.801,0.054,-39.728,-30.105,-2.115,444105261.000
-0.434,1.796,0.044,-39.730,-30.089,-2.133,444105362.000
-0.434,1.801,0.049,-39.728,-30.121,-2.142,444105462.000
-0.436,1.800,0.051,-39.708,-30.076,-2.133,444105561.000
-0.434,1.801,0.046,-39.700,-30.105,-2.142,444105662.000
-0.434,1.799,0.051,-39.729,-30.113,-2.124,444105762.000
-0.436,1.797,0.044,-39.695,-30.076,-2.142,444105861.000
-0.432,1.797,0.046,-39.694,-30.118,-2.114,444105962.000
-0.436,1.795,0.049,-39.724,-30.084,-2.124,444106062.000
-0.436,1.792,0.044,-39.725,-30.076,-2.133,444106161.000
-0.439,1.796,0.046,-39.662,-30.055,-2.132,444106262.000
-0.436,1.795,0.046,-39.669,-30.068,-2.123,444106361.000
-0.434,1.796,0.049,-39.689,-30.048,-2.132,444106462.000
-0.434,1.796,0.049,-39.675,-30.072,-2.132,444106561.000
-0.434,1.796,0.046,-39.661,-30.080,-2.160,444106661.000
-0.432,1.795,0.046,-39.641,-30.093,-2.122,444106761.000
-0.436,1.800,0.044,-39.611,-30.051,-2.132,444106862.000
-0.437,1.797,0.049,-39.626,-30.035,-2.113,444106961.000
-0.437,1.797,0.049,-39.612,-30.059,-2.113,444107061.000
-0.439,1.799,0.051,-39.578,-30.062,-2.123,444107162.000
-0.432,1.795,0.046,-39.599,-30.068,-2.122,444107262.000
-0.434,1.793,0.049,-39.593,-30.047,-2.113,444107361.000
-0.437,1.792,0.039,-39.587,-30.043,-2.104,444107462.000
-0.434,1.793,0.044,-39.579,-30.039,-2.112,444107562.000
-0.437,1.792,0.049,-39.574,-30.034,-2.103,444107662.000
-0.434,1.793,0.046,-39.566,-30.031,-2.112,444107762.000
-0.432,1.792,0.046,-39.545,-30.043,-2.103,444107862.000
-0.434,1.796,0.046,-39.523,-30.031,-2.130,444107961.000
-0.434,1.791,0.041,-39.539,-30.023,-2.121,444108061.000
-0.434,1.793,0.044,-39.524,-30.039,-2.112,444108161.000
-0.439,1.793,0.051,-39.539,-29.988,-2.112,444108261.000
-0.437,1.795,0.044,-39.531,-30.002,-2.121,444108362.000
-0.435,1.796,0.049,-39.495,-29.998,-2.102,444108462.000
-0.430,1.793,0.049,-39.483,-30.071,-2.111,444108562.000
-0.435,1.793,0.046,-39.497,-30.006,-2.111,444108662.000
-0.437,1.789,0.054,-39.506,-29.968,-2.111,444108762.000
-0.437,1.789,0.044,-39.478,-29.953,-2.111,444108861.000
-0.434,1.785,0.041,-39.515,-30.022,-2.139,444108961.000
-0.432,1.789,0.044,-39.491,-30.002,-2.111,444109062.000
-0.439,1.791,0.049,-39.485,-29.996,-2.121,444109161.000
-0.435,1.788,0.051,-39.472,-29.989,-2.102,444109261.000
-0.428,1.789,0.039,-39.463,-29.996,-2.110,444109361.000
-0.439,1.791,0.049,-39.457,-29.947,-2.093,444109462.000
-0.439,1.785,0.049,-39.446,-29.923,-2.111,444109561.000
-0.435,1.788,0.044,-39.444,-29.941,-2.101,444109661.000
-0.435,1.785,0.046,-39.459,-29.957,-2.083,444109761.000
-0.433,1.787,0.041,-39.410,-29.961,-2.119,444109861.000
-0.435,1.785,0.044,-39.404,-29.940,-2.110,444109962.000
-0.433,1.787,0.051,-39.369,-29.952,-2.091,444110062.000
-0.433,1.787,0.044,-39.382,-29.929,-2.091,444110161.000
-0.433,1.789,0.046,-39.339,-29.944,-2.082,444110262.000
-0.433,1.782,0.049,-39.371,-29.936,-2.081,444110361.000
-0.435,1.785,0.039,-39.362,-29.932,-2.082,444110462.000
-0.428,1.784,0.049,-39.342,-29.937,-2.099,444110561.000
-0.431,1.785,0.051,-39.335,-29.940,-2.081,444110661.000
-0.433,1.782,0.049,-39.357,-29.912,-2.053,444110762.000
-0.433,1.776,0.049,-39.374,-29.936,-2.072,444110861.000
-0.435,1.783,0.037,-39.335,-29.892,-2.090,444110962.000
-0.428,1.784,0.049,-39.287,-29.936,-2.099,444111061.000
-0.431,1.783,0.046,-39.294,-29.908,-2.062,444111161.000
-0.433,1.784,0.044,-39.287,-29.879,-2.099,444111262.000
-0.435,1.777,0.051,-39.325,-29.866,-2.080,444111362.000
-0.435,1.785,0.044,-39.279,-29.866,-2.081,444111461.000
-0.433,1.784,0.044,-39.246,-29.903,-2.099,444111561.000
-0.429,1.781,0.044,-39.260,-29.880,-2.079,444111661.000
-0.433,1.781,0.044,-39.274,-29.879,-2.080,444111761.000
-0.429,1.779,0.049,-39.220,-29.863,-2.088,444111862.000
-0.431,1.780,0.047,-39.240,-29.883,-2.070,444111962.000
-0.433,1.781,0.044,-39.233,-29.854,-2.080,444112061.000
-0.431,1.780,0.044,-39.199,-29.891,-2.070,444112161.000
-0.433,1.776,0.047,-39.222,-29.845,-2.070,444112262.000
-0.433,1.779,0.049,-39.180,-29.861,-2.088,444112361.000
-0.433,1.779,0.044,-39.179,-29.829,-2.088,444112462.000
-0.429,1.776,0.047,-39.180,-29.846,-2.069,444112562.000
-0.433,1.776,0.052,-39.181,-29.853,-2.069,444112662.000
-0.431,1.775,0.042,-39.174,-29.874,-2.060,444112761.000
-0.433,1.776,0.042,-39.180,-29.837,-2.069,444112861.000
-0.431,1.775,0.049,-39.160,-29.849,-2.060,444112962.000
-0.433,1.776,0.047,-39.153,-29.821,-2.069,444113061.000
-0.435,1.775,0.042,-39.147,-29.800,-2.088,444113161.000
-0.427,1.777,0.042,-39.158,-29.851,-2.050,444113261.000
-0.435,1.775,0.047,-39.133,-29.808,-2.060,444113361.000
-0.431,1.772,0.049,-39.107,-29.824,-2.068,444113462.000
-0.431,1.777,0.044,-39.090,-29.817,-2.077,444113561.000
-0.431,1.777,0.042,-39.076,-29.825,-2.077,444113662.000
-0.431,1.775,0.044,-39.091,-29.792,-2.059,444113761.000
-0.433,1.776,0.047,-39.056,-29.795,-2.040,444113861.000
-0.433,1.779,0.039,-39.054,-29.820,-2.059,444113962.000
-0.431,1.767,0.049,-39.123,-29.800,-2.059,444114061.000
-0.431,1.770,0.047,-39.121,-29.760,-2.049,444114162.000
-0.433,1.773,0.042,-39.071,-29.812,-2.050,444114261.000
-0.431,1.772,0.044,-39.051,-29.792,-2.067,444114361.000
-0.433,1.773,0.042,-39.030,-29.787,-2.049,444114461.000
-0.431,1.769,0.042,-39.052,-29.800,-2.049,444114562.000
-0.431,1.769,0.044,-39.052,-29.768,-2.049,444114662.000
-0.435,1.769,0.042,-39.053,-29.775,-2.077,444114761.000
-0.427,1.772,0.047,-39.009,-29.809,-2.039,444114861.000
-0.433,1.773,0.042,-39.002,-29.739,-2.049,444114961.000
-0.435,1.772,0.049,-38.996,-29.749,-2.040,444115061.000
-0.427,1.767,0.037,-39.039,-29.793,-2.057,444115162.000
-0.435,1.767,0.044,-39.026,-29.766,-2.031,444115261.000
-0.433,1.768,0.044,-39.032,-29.755,-2.039,444115362.000
-0.431,1.775,0.042,-38.967,-29.751,-2.057,444115461.000
-0.431,1.769,0.042,-38.969,-29.751,-2.048,444115562.000
-0.429,1.766,0.044,-39.019,-29.780,-2.048,444115662.000
-0.429,1.768,0.044,-38.949,-29.779,-2.038,444115762.000
-0.429,1.773,0.044,-38.919,-29.779,-2.048,444115862.000
-0.431,1.769,0.042,-38.969,-29.751,-2.048,444115961.000
-0.431,1.767,0.044,-38.984,-29.718,-2.029,444116062.000
-0.433,1.771,0.044,-38.948,-29.730,-2.057,444116161.000
-0.433,1.768,0.042,-38.922,-29.738,-2.038,444116261.000
-0.431,1.769,0.044,-38.900,-29.742,-2.020,444116361.000
-0.431,1.764,0.042,-38.930,-29.726,-2.038,444116461.000
-0.433,1.765,0.044,-38.923,-29.729,-2.020,444116561.000
-0.431,1.767,0.042,-38.915,-29.726,-2.029,444116662.000
-0.433,1.765,0.044,-38.923,-29.729,-2.047,444116762.000
-0.433,1.771,0.047,-38.879,-29.721,-2.029,444116861.000
-0.431,1.764,0.042,-38.917,-29.702,-2.038,444116962.000
-0.429,1.765,0.039,-38.881,-29.747,-2.047,444117061.000
-0.429,1.763,0.047,-38.910,-29.722,-2.028,444117162.000
-0.433,1.765,0.042,-38.896,-29.713,-2.047,444117262.000
-0.429,1.765,0.044,-38.854,-29.730,-2.019,444117362.000
-0.429,1.765,0.039,-38.867,-29.722,-2.046,444117462.000
-0.429,1.768,0.044,-38.852,-29.706,-2.037,444117562.000
-0.429,1.763,0.039,-38.882,-29.722,-2.028,444117661.000
-0.429,1.763,0.049,-38.869,-29.713,-2.000,444117762.000
-0.431,1.764,0.042,-38.861,-29.701,-2.037,444117861.000
-0.427,1.759,0.042,-38.864,-29.726,-2.027,444117961.000
-0.429,1.765,0.039,-38.826,-29.698,-2.018,444118061.000
-0.431,1.762,0.034,-38.848,-29.702,-2.018,444118162.000
-0.431,1.761,0.039,-38.849,-29.685,-2.018,444118262.000
-0.434,1.760,0.042,-38.829,-29.688,-2.009,444118362.000
-0.431,1.762,0.037,-38.820,-29.669,-1.990,444118461.000
-0.434,1.763,0.042,-38.800,-29.663,-2.027,444118561.000
-0.431,1.761,0.049,-38.808,-29.676,-2.018,444118661.000
-0.434,1.760,0.039,-38.801,-29.672,-2.009,444118761.000
-0.427,1.761,0.039,-38.793,-29.710,-2.017,444118862.000
-0.434,1.763,0.044,-38.772,-29.679,-2.000,444118962.000
-0.427,1.759,0.044,-38.767,-29.717,-1.999,444119062.000
-0.429,1.760,0.037,-38.787,-29.705,-2.036,444119161.000
-0.429,1.758,0.039,-38.774,-29.673,-2.017,444119262.000
-0.431,1.759,0.042,-38.781,-29.652,-1.999,444119362.000
-0.431,1.759,0.039,-38.795,-29.660,-2.027,444119462.000
-0.432,1.756,0.049,-38.769,-29.651,-2.008,444119562.000
-0.429,1.755,0.039,-38.789,-29.673,-1.999,444119662.000
-0.431,1.756,0.049,-38.755,-29.675,-2.008,444119762.000
-0.431,1.759,0.042,-38.740,-29.675,-2.026,444119862.000
-0.429,1.758,0.044,-38.747,-29.656,-1.989,444119962.000
-0.434,1.760,0.039,-38.705,-29.647,-2.008,444120061.000
-0.434,1.755,0.044,-38.749,-29.654,-1.999,444120162.000
-0.427,1.759,0.049,-38.712,-29.700,-1.998,444120261.000
-0.434,1.760,0.044,-38.691,-29.654,-2.008,444120361.000
-0.431,1.759,0.047,-38.699,-29.683,-1.998,444120462.000
-0.429,1.757,0.039,-38.719,-29.672,-2.017,444120561.000
-0.432,1.756,0.042,-38.713,-29.651,-2.007,444120661.000
-0.429,1.757,0.047,-38.665,-29.671,-2.016,444120762.000
-0.432,1.756,0.042,-38.714,-29.651,-2.035,444120862.000
-0.431,1.759,0.037,-38.684,-29.643,-1.998,444120962.000
-0.429,1.757,0.037,-38.692,-29.656,-2.016,444121062.000
-0.432,1.753,0.037,-38.673,-29.618,-2.016,444121161.000
-0.425,1.752,0.047,-38.694,-29.648,-1.978,444121261.000
-0.429,1.755,0.039,-38.679,-29.672,-1.998,444121362.000
-0.432,1.756,0.042,-38.672,-29.626,-2.007,444121462.000
